4 0.5 0.055989583333333336 0.12890625 0.046875
0 0.82275390625 0.055989583333333336 0.0771484375 0.046875
0 0.91552734375 0.055989583333333336 0.0869140625 0.046875
2 0.5 0.23958333333333334 0.91796875 0.046875
2 0.5 0.3014322916666667 0.91796875 0.024739583333333332
4 0.75634765625 0.4205729166666667 0.0673828125 0.0546875
1 0.5 0.4205729166666667 0.603515625 0.07291666666666667
7 0.5 0.484375 0.31640625 0.026041666666666668
5 0.5 0.5514322916666666 0.287109375 0.07421875
0 0.10546875 0.7669270833333334 0.12890625 0.16145833333333334
0 0.26318359375 0.7669270833333334 0.1298828125 0.16145833333333334
0 0.4208984375 0.7669270833333334 0.12890625 0.16145833333333334
0 0.57861328125 0.7669270833333334 0.1298828125 0.16145833333333334
0 0.73681640625 0.7669270833333334 0.1298828125 0.16145833333333334
0 0.89453125 0.7669270833333334 0.12890625 0.16145833333333334
4 0.5 0.9622395833333334 0.0703125 0.07552083333333333
7 0.076171875 0.8984375 0.09375 0.018229166666666668
7 0.380859375 0.9114583333333334 0.703125 0.044270833333333336
6 0.091796875 0.9505208333333334 0.125 0.018229166666666668
7 0.873046875 0.9244791666666666 0.1953125 0.052083333333333336