3 0.5 0.08463541666666667 0.7109375 0.1171875
6 0.486328125 0.19596354166666666 0.658203125 0.01953125
7 0.81640625 0.19596354166666666 0.00390625 0.01953125
7 0.05615234375 0.2779947916666667 0.0302734375 0.01953125
0 0.05615234375 0.2630208333333333 0.0302734375 0.049479166666666664
4 0.1611328125 0.26171875 0.13671875 0.046875
6 0.328125 0.2610677083333333 0.025390625 0.01953125
6 0.38720703125 0.2610677083333333 0.0458984375 0.01953125
6 0.4443359375 0.2610677083333333 0.029296875 0.01953125
7 0.5048828125 0.2610677083333333 0.052734375 0.01953125
6 0.7119140625 0.2604166666666667 0.021484375 0.020833333333333332
7 0.79833984375 0.259765625 0.0380859375 0.022135416666666668
7 0.9267578125 0.26171875 0.03125 0.078125
0 0.9267578125 0.26171875 0.064453125 0.078125
4 0.34228515625 0.5572916666666666 0.5986328125 0.4557291666666667
0 0.34228515625 0.5572916666666666 0.5986328125 0.4557291666666667
2 0.76953125 0.3984375 0.1953125 0.11197916666666667
7 0.8154296875 0.4973958333333333 0.287109375 0.0546875
6 0.81396484375 0.5924479166666666 0.2841796875 0.020833333333333332
7 0.8154296875 0.62109375 0.287109375 0.028645833333333332
6 0.80810546875 0.6901041666666666 0.2724609375 0.020833333333333332
7 0.8154296875 0.71875 0.287109375 0.028645833333333332
6 0.7958984375 0.8020833333333334 0.248046875 0.049479166666666664
7 0.8154296875 0.859375 0.287109375 0.057291666666666664
6 0.80908203125 0.95703125 0.2744140625 0.049479166666666664
7 0.8154296875 0.9928385416666666 0.287109375 0.014322916666666666