3 0.5 0.5 1 1
7 0.14697265625 0.027994791666666668 0.2158203125 0.01953125
0 0.13818359375 0.028645833333333332 0.2451171875 0.041666666666666664
0 0.01513671875 0.046875 0.0302734375 0.020833333333333332
7 0.36767578125 0.10026041666666667 0.1416015625 0.03125
4 0.47021484375 0.09244791666666667 0.0205078125 0.026041666666666668
0 0.6103515625 0.10026041666666667 0.3125 0.08333333333333333
7 0.54248046875 0.08984375 0.1259765625 0.020833333333333332
7 0.55126953125 0.11197916666666667 0.1435546875 0.018229166666666668
7 0.9013671875 0.09895833333333333 0.041015625 0.020833333333333332
0 0.88330078125 0.10026041666666667 0.1083984375 0.08333333333333333
6 0.0361328125 0.18489583333333334 0.041015625 0.08333333333333333
6 0.109375 0.18489583333333334 0.04296875 0.08333333333333333
6 0.18115234375 0.18489583333333334 0.0380859375 0.08333333333333333
6 0.263671875 0.18489583333333334 0.064453125 0.08333333333333333
6 0.34326171875 0.18489583333333334 0.0322265625 0.08333333333333333
6 0.40380859375 0.18489583333333334 0.0263671875 0.08333333333333333
6 0.46728515625 0.18489583333333334 0.0380859375 0.08333333333333333
2 0.5009765625 0.2786458333333333 0.96875 0.059895833333333336
2 0.1494140625 0.27734375 0.234375 0.041666666666666664
7 0.4873046875 0.2766927083333333 0.37890625 0.02734375
0 0.716796875 0.27734375 0.08203125 0.028645833333333332
7 0.7587890625 0.2766927083333333 0.00390625 0.02734375
7 0.9150390625 0.27734375 0.005859375 0.0234375
7 0.93359375 0.27734375 0.0078125 0.0234375
2 0.5 0.3697916666666667 0.90625 0.041666666666666664
2 0.146484375 0.4733072916666667 0.19921875 0.12109375
0 0.14794921875 0.4739583333333333 0.2021484375 0.125
7 0.07958984375 0.564453125 0.0654296875 0.01953125
7 0.123046875 0.564453125 0.005859375 0.01953125
7 0.146484375 0.5774739583333334 0.19921875 0.045572916666666664
2 0.3818359375 0.4733072916666667 0.201171875 0.12109375
0 0.38232421875 0.4739583333333333 0.2021484375 0.125
7 0.31396484375 0.564453125 0.0654296875 0.01953125
7 0.357421875 0.564453125 0.005859375 0.01953125
7 0.380859375 0.5774739583333334 0.19921875 0.045572916666666664
2 0.61669921875 0.4733072916666667 0.2021484375 0.12109375
0 0.61669921875 0.4739583333333333 0.2021484375 0.125
7 0.54833984375 0.564453125 0.0654296875 0.01953125
7 0.591796875 0.564453125 0.005859375 0.01953125
7 0.615234375 0.5774739583333334 0.19921875 0.045572916666666664
7 0.83203125 0.44140625 0.123046875 0.020833333333333332
0 0.8359375 0.458984375 0.171875 0.09505208333333333
2 0.31982421875 0.857421875 0.5458984375 0.28515625
0 0.3203125 0.857421875 0.546875 0.28515625
4 0.3203125 0.857421875 0.546875 0.28515625
2 0.79345703125 0.7408854166666666 0.2451171875 0.052083333333333336
0 0.81201171875 0.904296875 0.2822265625 0.19140625
4 0.81201171875 0.904296875 0.2822265625 0.19140625