0 0.96337890625 0.048177083333333336 0.0732421875 0.09375
0 0.19189453125 0.048177083333333336 0.0908203125 0.09375
0 0.275390625 0.048177083333333336 0.076171875 0.09375
0 0.36279296875 0.048177083333333336 0.0986328125 0.09375
0 0.49609375 0.048177083333333336 0.16796875 0.09375
0 0.65625 0.048177083333333336 0.15234375 0.09375
7 0.76708984375 0.048177083333333336 0.0693359375 0.09375
2 0.1708984375 0.1484375 0.302734375 0.0234375
2 0.1494140625 0.20703125 0.259765625 0.0234375
2 0.17138671875 0.2643229166666667 0.3037109375 0.0234375
2 0.19775390625 0.3229166666666667 0.3564453125 0.0234375
2 0.16357421875 0.3815104166666667 0.2880859375 0.0234375
2 0.1630859375 0.4388020833333333 0.287109375 0.0234375
2 0.173828125 0.4973958333333333 0.30859375 0.0234375
2 0.171875 0.5559895833333334 0.3046875 0.0234375
2 0.1708984375 0.61328125 0.302734375 0.0234375
2 0.1396484375 0.671875 0.240234375 0.0234375
2 0.18408203125 0.73046875 0.3291015625 0.0234375
4 0.54052734375 0.2662760416666667 0.3896484375 0.29296875
0 0.34619140625 0.11848958333333333 0.0009765625 0
7 0.6669921875 0.4036458333333333 0.13671875 0.015625
2 0.52734375 0.4889322916666667 0.36328125 0.12369791666666667
7 0.54052734375 0.583984375 0.3896484375 0.048177083333333336
7 0.54052734375 0.630859375 0.3896484375 0.02734375
6 0.5283203125 0.6861979166666666 0.365234375 0.049479166666666664
6 0.53662109375 0.75390625 0.3818359375 0.049479166666666664
4 0.8671875 0.20963541666666666 0.2265625 0.1796875
0 0.75439453125 0.11848958333333333 0.0009765625 0
7 0.8671875 0.203125 0.2265625 0.16927083333333334
2 0.8212890625 0.3138020833333333 0.095703125 0.0234375
6 0.8125 0.3404947916666667 0.1171875 0.022135416666666668
4 0.8671875 0.470703125 0.2265625 0.17057291666666666
0 0.75439453125 0.384765625 0.0009765625 0.0013020833333333333
7 0.943359375 0.546875 0.07421875 0.015625
2 0.861328125 0.6015625 0.21484375 0.07291666666666667
7 0.8671875 0.658203125 0.2265625 0.02734375
2 0.17333984375 0.8671875 0.3076171875 0.018229166666666668
4 0.17333984375 0.9485677083333334 0.3076171875 0.10286458333333333
0 0.01953125 0.896484375 0 0.0013020833333333333
7 0.17333984375 0.9479166666666666 0.3076171875 0.10416666666666667
7 0.0771484375 0.9661458333333334 0.03125 0.0234375
0 0.17333984375 0.9817708333333334 0.2685546875 0.036458333333333336
4 0.5 0.9153645833333334 0.30859375 0.16927083333333334
0 0.34619140625 0.830078125 0.0009765625 0.0013020833333333333
4 0.82666015625 0.9153645833333334 0.3076171875 0.16927083333333334
0 0.67333984375 0.830078125 0.0009765625 0.0013020833333333333