4 0.2705078125 0.044921875 0.263671875 0.048177083333333336
6 0.73046875 0.048177083333333336 0.0546875 0.015625
7 0.76025390625 0.046875 0.0048828125 0.020833333333333332
6 0.78076171875 0.048177083333333336 0.0400390625 0.015625
7 0.802734375 0.046875 0.00390625 0.020833333333333332
6 0.82080078125 0.048177083333333336 0.0341796875 0.015625
7 0.84912109375 0.03125 0.0244140625 0.020833333333333332
0 0.23974609375 0.12630208333333334 0.1826171875 0.0234375
0 0.23974609375 0.1484375 0.1826171875 0.0234375
0 0.23974609375 0.17057291666666666 0.1826171875 0.0234375
0 0.23974609375 0.19270833333333334 0.1826171875 0.0234375
0 0.23974609375 0.21484375 0.1826171875 0.0234375
0 0.23974609375 0.23697916666666666 0.1826171875 0.0234375
0 0.23974609375 0.2591145833333333 0.1826171875 0.0234375
0 0.23974609375 0.28125 0.1826171875 0.0234375
0 0.23974609375 0.3033854166666667 0.1826171875 0.0234375
0 0.23974609375 0.3255208333333333 0.1826171875 0.0234375
0 0.23974609375 0.34765625 0.1826171875 0.0234375
0 0.23974609375 0.3697916666666667 0.1826171875 0.0234375
0 0.23974609375 0.390625 0.1826171875 0.020833333333333332
0 0.23974609375 0.41015625 0.1826171875 0.020833333333333332
2 0.5673828125 0.14583333333333334 0.447265625 0.059895833333333336
2 0.77197265625 0.16145833333333334 0.0869140625 0.028645833333333332
2 0.58154296875 0.17708333333333334 0.4755859375 0.059895833333333336
4 0.5927734375 0.2565104166666667 0.064453125 0.08333333333333333
2 0.5927734375 0.3346354166666667 0.498046875 0.020833333333333332
7 0.443359375 0.37109375 0.19921875 0.020833333333333332
6 0.560546875 0.37109375 0.03515625 0.020833333333333332
7 0.591796875 0.37109375 0.029296875 0.020833333333333332
6 0.62353515625 0.37109375 0.0380859375 0.020833333333333332
7 0.5908203125 0.380859375 0.494140625 0.040364583333333336
2 0.5927734375 0.43359375 0.498046875 0.020833333333333332
7 0.5048828125 0.46875 0.322265625 0.020833333333333332
7 0.71142578125 0.46875 0.0908203125 0.020833333333333332
6 0.76806640625 0.4700520833333333 0.0263671875 0.0234375
7 0.37255859375 0.48828125 0.0576171875 0.020833333333333332
7 0.40380859375 0.48828125 0.0048828125 0.020833333333333332
4 0.5927734375 0.5390625 0.064453125 0.08333333333333333
4 0.5 0.6139322916666666 0.72265625 0.022135416666666668
7 0.5 0.6510416666666666 0.72265625 0.015625