7 0.09228515625 0.08268229166666667 0.0849609375 0.029947916666666668
6 0.62744140625 0.08463541666666667 0.0576171875 0.026041666666666668
6 0.69775390625 0.08463541666666667 0.0458984375 0.026041666666666668
6 0.76025390625 0.08463541666666667 0.0419921875 0.026041666666666668
0 0.875 0.08463541666666667 0.150390625 0.0390625
2 0.2470703125 0.2786458333333333 0.39453125 0.07291666666666667
2 0.21142578125 0.3411458333333333 0.3232421875 0.07291666666666667
2 0.19873046875 0.400390625 0.2978515625 0.029947916666666668
2 0.158203125 0.431640625 0.216796875 0.029947916666666668
7 0.2060546875 0.505859375 0.15234375 0.029947916666666668
0 0.20654296875 0.5065104166666666 0.3134765625 0.06510416666666667
7 0.53662109375 0.8203125 0.1748046875 0.026041666666666668
0 0.53662109375 0.8203125 0.2158203125 0.052083333333333336
7 0.732421875 0.8203125 0.078125 0.026041666666666668
0 0.73193359375 0.8203125 0.1572265625 0.052083333333333336
7 0.94384765625 0.8203125 0.1123046875 0.026041666666666668
0 0.91943359375 0.8203125 0.1611328125 0.052083333333333336
4 0.333984375 0.98828125 0.3125 0.0234375