7 0.47216796875 0.9485677083333334 0.9052734375 0.01953125
6 0.07861328125 0.9759114583333334 0.1181640625 0.01953125
7 0.30810546875 0.9759114583333334 0.3408203125 0.01953125
0 0.0927734375 0.026041666666666668 0.115234375 0.052083333333333336
0 0.203125 0.026041666666666668 0.099609375 0.052083333333333336
0 0.30419921875 0.026041666666666668 0.0966796875 0.052083333333333336
0 0.4140625 0.026041666666666668 0.1171875 0.052083333333333336
0 0.83984375 0.026041666666666668 0.04296875 0.052083333333333336
0 0.88671875 0.026041666666666668 0.044921875 0.052083333333333336
0 0.93359375 0.026041666666666668 0.04296875 0.052083333333333336
0 0.443359375 0.13020833333333334 0.189453125 0.08072916666666667
0 0.57861328125 0.13020833333333334 0.0810546875 0.08072916666666667
0 0.67041015625 0.13020833333333334 0.1025390625 0.08072916666666667
0 0.7802734375 0.13020833333333334 0.1171875 0.08072916666666667
7 0.1044921875 0.22721354166666666 0.0390625 0.02734375
6 0.24267578125 0.22721354166666666 0.2373046875 0.02734375
7 0.4736328125 0.22721354166666666 0.224609375 0.02734375
6 0.62744140625 0.22721354166666666 0.0830078125 0.02734375
7 0.6708984375 0.22721354166666666 0.00390625 0.02734375
2 0.34228515625 0.3971354166666667 0.6025390625 0.0703125
7 0.34228515625 0.484375 0.6025390625 0.078125
0 0.14013671875 0.58984375 0.1982421875 0.0546875
7 0.82275390625 0.4505208333333333 0.2626953125 0.125
0 0.75537109375 0.560546875 0.1279296875 0.053385416666666664
5 0.8046875 0.6959635416666666 0.2265625 0.03515625
1 0.7958984375 0.74609375 0.208984375 0.044270833333333336
4 0.9462890625 0.7454427083333334 0.0546875 0.02734375
2 0.5 0.931640625 0.91796875 0.040364583333333336
0 0.26318359375 0.9856770833333334 0.4443359375 0.028645833333333332
0 0.73681640625 0.9856770833333334 0.4443359375 0.028645833333333332