4 0.5 0.040364583333333336 0.107421875 0.0546875
0 0.5 0.040364583333333336 0.107421875 0.0546875
2 0.28466796875 0.2506510416666667 0.1943359375 0.037760416666666664
4 0.5 0.55078125 0.626953125 0.46875
2 0.5 0.6471354166666666 0.5078125 0.11197916666666667
0 0.5 0.6471354166666666 0.5078125 0.11197916666666667
0 0.5 0.7330729166666666 0.5078125 0.03125
4 0.333984375 0.9114583333333334 0.294921875 0.17708333333333334
0 0.333984375 0.912109375 0.294921875 0.17578125
3 0.666015625 0.923828125 0.29296875 0.15234375
4 0.033203125 0.8561197916666666 0.029296875 0.040364583333333336
4 0.033203125 0.580078125 0.029296875 0.040364583333333336
0 0.033203125 0.580078125 0.046875 0.06380208333333333
4 0.033203125 0.6490885416666666 0.029296875 0.040364583333333336
0 0.033203125 0.6490885416666666 0.046875 0.06380208333333333
4 0.033203125 0.7180989583333334 0.029296875 0.040364583333333336
0 0.033203125 0.7180989583333334 0.046875 0.06380208333333333
4 0.033203125 0.787109375 0.029296875 0.040364583333333336
0 0.033203125 0.787109375 0.046875 0.06380208333333333