4 0.10009765625 0.033854166666666664 0.1708984375 0.0390625
0 0.10009765625 0.046875 0.1708984375 0.020833333333333332
7 0.85595703125 0.020182291666666668 0.0380859375 0.016927083333333332
4 0.884765625 0.022135416666666668 0.017578125 0.015625
7 0.93798828125 0.020182291666666668 0.0810546875 0.016927083333333332
4 0.98193359375 0.022786458333333332 0.0068359375 0.006510416666666667
0 0.93017578125 0.01953125 0.1103515625 0.020833333333333332
7 0.70458984375 0.020182291666666668 0.0576171875 0.016927083333333332
7 0.76708984375 0.020182291666666668 0.0673828125 0.016927083333333332
4 0.80419921875 0.022786458333333332 0.0068359375 0.006510416666666667
0 0.7705078125 0.01953125 0.07421875 0.020833333333333332
0 0.61962890625 0.027994791666666668 0.0517578125 0.037760416666666664
0 0.61962890625 0.025390625 0.0537109375 0.022135416666666668
7 0.28125 0.14583333333333334 0.50390625 0.044270833333333336
7 0.28125 0.20963541666666666 0.50390625 0.08333333333333333
0 0.87744140625 0.16341145833333334 0.1865234375 0.053385416666666664
0 0.93408203125 0.228515625 0.0732421875 0.024739583333333332
4 0.5 0.3502604166666667 0.943359375 0.5598958333333334
4 0.5 0.59765625 0.970703125 0.06510416666666667
7 0.5 0.59765625 0.970703125 0.06510416666666667
7 0.9599609375 0.5983072916666666 0.021484375 0.02734375
4 0.12646484375 0.6822916666666666 0.0478515625 0.059895833333333336
7 0.13427734375 0.7532552083333334 0.2001953125 0.06380208333333333
7 0.13427734375 0.80078125 0.2001953125 0.03125
7 0.13427734375 0.8723958333333334 0.2001953125 0.11197916666666667
6 0.12744140625 0.966796875 0.0849609375 0.022135416666666668
6 0.12744140625 0.9934895833333334 0.0693359375 0.013020833333333334
4 0.36474609375 0.6822916666666666 0.0478515625 0.059895833333333336
7 0.37255859375 0.7532552083333334 0.2001953125 0.06380208333333333
7 0.37255859375 0.8255208333333334 0.2001953125 0.08072916666666667
7 0.37255859375 0.9329427083333334 0.2001953125 0.13411458333333334
4 0.60302734375 0.6822916666666666 0.0478515625 0.059895833333333336
7 0.61083984375 0.7532552083333334 0.2001953125 0.06380208333333333
7 0.61083984375 0.8131510416666666 0.2001953125 0.055989583333333336
7 0.61083984375 0.884765625 0.2001953125 0.08723958333333333
7 0.61083984375 0.9641927083333334 0.2001953125 0.07161458333333333
7 0.8251953125 0.677734375 0.1171875 0.05078125
2 0.87109375 0.7708333333333334 0.197265625 0.0546875
7 0.87109375 0.865234375 0.197265625 0.12369791666666667
0 0.822265625 0.9700520833333334 0.099609375 0.049479166666666664