7 0.29833984375 0.8678385416666666 0.5244140625 0.13411458333333334
6 0.34765625 0.9225260416666666 0.275390625 0.024739583333333332
7 0.275390625 0.9361979166666666 0.478515625 0.052083333333333336
0 0.70849609375 0.8821614583333334 0.1650390625 0.05859375
0 0.880859375 0.8821614583333334 0.1640625 0.05859375
7 0.458984375 0.037760416666666664 0.59375 0.0234375
7 0.7978515625 0.037760416666666664 0.080078125 0.0234375
0 0.7978515625 0.037760416666666664 0.080078125 0.0234375
4 0.0537109375 0.12760416666666666 0.029296875 0.041666666666666664
0 0.0537109375 0.12760416666666666 0.029296875 0.10416666666666667
4 0.27001953125 0.12760416666666666 0.0087890625 0.0078125
0 0.25927734375 0.12760416666666666 0.0537109375 0.0546875
7 0.36279296875 0.12760416666666666 0.1298828125 0.0234375
0 0.36279296875 0.12760416666666666 0.1533203125 0.0546875
7 0.53857421875 0.12760416666666666 0.1748046875 0.0234375
0 0.53857421875 0.12760416666666666 0.1982421875 0.0546875
7 0.67724609375 0.12760416666666666 0.0556640625 0.0234375
0 0.67724609375 0.12760416666666666 0.0791015625 0.0546875
7 0.74853515625 0.12760416666666666 0.0400390625 0.0234375
0 0.74853515625 0.12760416666666666 0.0634765625 0.0546875
7 0.87451171875 0.126953125 0.1396484375 0.024739583333333332
0 0.87451171875 0.12760416666666666 0.1728515625 0.0546875
7 0.0634765625 0.23372395833333334 0.048828125 0.02734375
7 0.1591796875 0.23372395833333334 0.095703125 0.02734375
7 0.3095703125 0.23893229166666666 0.158203125 0.03515625
0 0.3427734375 0.23893229166666666 0.224609375 0.03515625
7 0.42578125 0.23502604166666666 0.048828125 0.024739583333333332
7 0.1708984375 0.3111979166666667 0.216796875 0.020833333333333332
1 0.1708984375 0.3333333333333333 0.216796875 0.0234375
7 0.4326171875 0.3111979166666667 0.216796875 0.020833333333333332
0 0.4326171875 0.3229166666666667 0.263671875 0.09114583333333333
7 0.4326171875 0.3333333333333333 0.216796875 0.0234375
7 0.6943359375 0.3111979166666667 0.216796875 0.020833333333333332
0 0.6943359375 0.3229166666666667 0.263671875 0.09114583333333333
7 0.6943359375 0.3333333333333333 0.216796875 0.0234375
7 0.90234375 0.3229166666666667 0.046875 0.0234375
0 0.8935546875 0.3229166666666667 0.111328125 0.059895833333333336
2 0.29150390625 0.4973958333333333 0.5048828125 0.1171875
7 0.0849609375 0.6471354166666666 0.060546875 0.026041666666666668
0 0.1865234375 0.8053385416666666 0.294921875 0.3893229166666667
7 0.14697265625 0.9036458333333334 0.1845703125 0.03125
7 0.18017578125 0.947265625 0.2509765625 0.048177083333333336
7 0.39501953125 0.6471354166666666 0.0615234375 0.026041666666666668
0 0.49658203125 0.8053385416666666 0.2958984375 0.3893229166666667
7 0.47119140625 0.9036458333333334 0.2138671875 0.03125
7 0.48974609375 0.958984375 0.2509765625 0.07161458333333333
7 0.7119140625 0.9036458333333334 0.07421875 0.03125
0 0.80712890625 0.8053385416666666 0.2958984375 0.3893229166666667
7 0.80322265625 0.935546875 0.2568359375 0.024739583333333332