6 0.9521484375 0.01953125 0.037109375 0.018229166666666668
6 0.90869140625 0.01953125 0.0302734375 0.018229166666666668
6 0.86328125 0.01953125 0.041015625 0.018229166666666668
6 0.80224609375 0.01953125 0.0615234375 0.018229166666666668
4 0.14404296875 0.052734375 0.2490234375 0.06380208333333333
7 0.5185546875 0.061848958333333336 0.08984375 0.024739583333333332
7 0.62841796875 0.061848958333333336 0.0537109375 0.024739583333333332
0 0.7236328125 0.0625 0.060546875 0.0625
0 0.87353515625 0.06315104166666667 0.1943359375 0.045572916666666664
2 0.5 0.14973958333333334 0.9609375 0.026041666666666668
2 0.5 0.20182291666666666 0.9609375 0.052083333333333336
7 0.5 0.2571614583333333 0.9609375 0.032552083333333336
7 0.49658203125 0.3326822916666667 0.9541015625 0.053385416666666664
6 0.66455078125 0.3489583333333333 0.1689453125 0.020833333333333332
0 0.5 0.4498697916666667 0.255859375 0.061197916666666664
2 0.3291015625 0.623046875 0.138671875 0.045572916666666664
2 0.44287109375 0.623046875 0.0908203125 0.045572916666666664
2 0.61376953125 0.623046875 0.2529296875 0.045572916666666664
7 0.15478515625 0.6920572916666666 0.0986328125 0.040364583333333336
1 0.49462890625 0.6927083333333334 0.5380859375 0.059895833333333336
0 0.83984375 0.6985677083333334 0.109375 0.07161458333333333
2 0.36376953125 0.8626302083333334 0.1201171875 0.045572916666666664
2 0.55908203125 0.8626302083333334 0.2744140625 0.045572916666666664
2 0.5 0.953125 0.5859375 0.08333333333333333