4 0.94921875 0.055338541666666664 0.0390625 0.08723958333333333
0 0.94921875 0.055338541666666664 0.0390625 0.08723958333333333
0 0.869140625 0.06575520833333333 0.046875 0.032552083333333336
0 0.79638671875 0.06575520833333333 0.0458984375 0.032552083333333336
0 0.72802734375 0.06575520833333333 0.0380859375 0.032552083333333336
0 0.66357421875 0.06575520833333333 0.0380859375 0.032552083333333336
0 0.58544921875 0.06575520833333333 0.0654296875 0.032552083333333336
0 0.509765625 0.06575520833333333 0.033203125 0.032552083333333336
0 0.4423828125 0.06575520833333333 0.048828125 0.032552083333333336
0 0.37255859375 0.06575520833333333 0.0380859375 0.032552083333333336
0 0.30517578125 0.06575520833333333 0.0439453125 0.032552083333333336
0 0.22314453125 0.06575520833333333 0.0380859375 0.032552083333333336
7 0.0966796875 0.06575520833333333 0.064453125 0.032552083333333336
0 0.10693359375 0.06640625 0.0849609375 0.0390625
4 0.685546875 0.3561197916666667 0.490234375 0.3684895833333333
0 0.240234375 0.296875 0.341796875 0.25
7 0.240234375 0.5078125 0.341796875 0.140625
7 0.240234375 0.611328125 0.37109375 0.037760416666666664
0 0.787109375 0.6595052083333334 0.2578125 0.07942708333333333
0 0.50048828125 0.6595052083333334 0.2587890625 0.07942708333333333
0 0.21337890625 0.6595052083333334 0.2587890625 0.07942708333333333
4 0.4775390625 0.8821614583333334 0.228515625 0.17057291666666666
0 0.591796875 0.796875 0 0
0 0.65625 0.8828125 0.5859375 0.171875
7 0.77978515625 0.9921875 0.3388671875 0.015625
7 0.2060546875 0.8131510416666666 0.14453125 0.055989583333333336
0 0.17236328125 0.9361979166666666 0.2431640625 0.12760416666666666
7 0.72021484375 0.923828125 0.5126953125 0.03515625
6 0.4111328125 0.923828125 0.10546875 0.03515625
7 0.2421875 0.923828125 0.232421875 0.03515625
6 0.53076171875 0.9388020833333334 0.8916015625 0.06510416666666667
7 0.8125 0.9537760416666666 0.068359375 0.03515625
0 0.033203125 0.939453125 0.01953125 0.02734375