4 0.060546875 0.06315104166666667 0.060546875 0.10026041666666667
0 0.06787109375 0.029296875 0.0751953125 0.05859375
7 0.3427734375 0.055989583333333336 0.046875 0.020833333333333332
0 0.353515625 0.06966145833333333 0.068359375 0.05078125
0 0.4404296875 0.06966145833333333 0.087890625 0.05078125
7 0.55224609375 0.055989583333333336 0.1181640625 0.020833333333333332
0 0.5625 0.06966145833333333 0.138671875 0.05078125
7 0.66796875 0.055989583333333336 0.0546875 0.020833333333333332
0 0.6787109375 0.06966145833333333 0.076171875 0.05078125
0 0.759765625 0.06966145833333333 0.068359375 0.05078125
7 0.82470703125 0.055989583333333336 0.0439453125 0.020833333333333332
0 0.8349609375 0.06966145833333333 0.064453125 0.05078125
7 0.3603515625 0.10221354166666667 0.08203125 0.02734375
6 0.4951171875 0.10221354166666667 0.16015625 0.022135416666666668
6 0.6396484375 0.10221354166666667 0.103515625 0.022135416666666668
6 0.72802734375 0.10221354166666667 0.0478515625 0.022135416666666668
4 0.8818359375 0.0546875 0.021484375 0.028645833333333332
0 0.90283203125 0.064453125 0.0693359375 0.05859375
7 0.91015625 0.057291666666666664 0.029296875 0.020833333333333332
7 0.5 0.20442708333333334 0.94140625 0.1171875
0 0.12109375 0.4720052083333333 0.18359375 0.040364583333333336
2 0.23876953125 0.6536458333333334 0.4189453125 0.265625
7 0.25732421875 0.8717447916666666 0.4560546875 0.12630208333333334
2 0.1767578125 0.9993489583333334 0.294921875 0.0013020833333333333
0 0.1767578125 0.9993489583333334 0.294921875 0.0013020833333333333
2 0.50048828125 0.9993489583333334 0.2939453125 0.0013020833333333333
0 0.50048828125 0.9993489583333334 0.2939453125 0.0013020833333333333
2 0.68701171875 0.9993489583333334 0.0205078125 0.0013020833333333333
7 0.2158203125 0.9537760416666666 0.384765625 0.03515625
6 0.44775390625 0.9537760416666666 0.0791015625 0.03515625
7 0.5888671875 0.9537760416666666 0.203125 0.03515625
6 0.78955078125 0.9537760416666666 0.1982421875 0.03515625
0 0.966796875 0.955078125 0.01953125 0.02734375