4 0.2021484375 0.10026041666666667 0.3515625 0.15104166666666666
0 0.2021484375 0.103515625 0.3515625 0.15755208333333334
4 0.58203125 0.091796875 0.05859375 0.045572916666666664
0 0.58203125 0.091796875 0.05859375 0.045572916666666664
4 0.646484375 0.091796875 0.05859375 0.045572916666666664
0 0.646484375 0.091796875 0.05859375 0.045572916666666664
4 0.7109375 0.091796875 0.05859375 0.045572916666666664
0 0.7109375 0.091796875 0.05859375 0.045572916666666664
0 0.77978515625 0.091796875 0.0673828125 0.045572916666666664
0 0.849609375 0.091796875 0.060546875 0.045572916666666664
0 0.9296875 0.091796875 0.087890625 0.045572916666666664
7 0.1484375 0.22005208333333334 0.224609375 0.0234375
0 0.1484375 0.26171875 0.224609375 0.033854166666666664
7 0.0625 0.296875 0.029296875 0.026041666666666668
0 0.1484375 0.296875 0.224609375 0.033854166666666664
7 0.1171875 0.33203125 0.138671875 0.026041666666666668
0 0.1484375 0.33203125 0.224609375 0.033854166666666664
7 0.13232421875 0.3671875 0.1689453125 0.026041666666666668
0 0.1484375 0.3671875 0.224609375 0.033854166666666664
7 0.13232421875 0.40234375 0.1689453125 0.026041666666666668
0 0.1484375 0.40234375 0.224609375 0.033854166666666664
7 0.10546875 0.4375 0.115234375 0.026041666666666668
0 0.1484375 0.4375 0.224609375 0.033854166666666664
7 0.10498046875 0.47265625 0.1142578125 0.026041666666666668
0 0.1484375 0.47265625 0.224609375 0.033854166666666664
7 0.103515625 0.5078125 0.111328125 0.026041666666666668
0 0.1484375 0.5078125 0.224609375 0.033854166666666664
7 0.103515625 0.54296875 0.111328125 0.026041666666666668
0 0.1484375 0.54296875 0.224609375 0.033854166666666664
7 0.099609375 0.578125 0.103515625 0.026041666666666668
0 0.1484375 0.578125 0.224609375 0.033854166666666664
7 0.0927734375 0.61328125 0.08984375 0.026041666666666668
0 0.1484375 0.61328125 0.224609375 0.033854166666666664
7 0.09423828125 0.6484375 0.0927734375 0.026041666666666668
0 0.1484375 0.6484375 0.224609375 0.033854166666666664
3 0.1484375 0.83984375 0.224609375 0.3203125
7 0.6220703125 0.21549479166666666 0.6640625 0.055989583333333336
7 0.6220703125 0.2740885416666667 0.6640625 0.037760416666666664
7 0.61328125 0.3723958333333333 0.646484375 0.109375
6 0.52880859375 0.4134114583333333 0.1162109375 0.02734375
7 0.74853515625 0.4134114583333333 0.3232421875 0.02734375
7 0.40673828125 0.4602864583333333 0.2333984375 0.02734375
6 0.55126953125 0.4602864583333333 0.0556640625 0.02734375
7 0.6181640625 0.5423177083333334 0.65625 0.19140625
6 0.384765625 0.6243489583333334 0.056640625 0.02734375
3 0.6220703125 0.8333333333333334 0.6640625 0.3333333333333333
2 0.166015625 0.05859375 0.263671875 0.026041666666666668
7 0.16259765625 0.14518229166666666 0.2568359375 0.12369791666666667
7 0.064453125 0.23828125 0.060546875 0.041666666666666664
7 0.25830078125 0.23828125 0.0791015625 0.041666666666666664
7 0.166015625 0.29296875 0.263671875 0.041666666666666664