0 0.0732421875 0.035807291666666664 0.1328125 0.045572916666666664
4 0.025390625 0.0390625 0.01953125 0.0234375
0 0.025390625 0.0390625 0.037109375 0.052083333333333336
4 0.09814453125 0.0390625 0.0947265625 0.0390625
0 0.12939453125 0.0390625 0.1572265625 0.06510416666666667
7 0.16357421875 0.033854166666666664 0.0341796875 0.018229166666666668
7 0.64599609375 0.028645833333333332 0.0791015625 0.018229166666666668
0 0.66552734375 0.040364583333333336 0.1357421875 0.06510416666666667
7 0.6591796875 0.046875 0.10546875 0.020833333333333332
7 0.7685546875 0.028645833333333332 0.05078125 0.018229166666666668
0 0.77294921875 0.040364583333333336 0.0771484375 0.06510416666666667
7 0.77734375 0.05078125 0.068359375 0.026041666666666668
7 0.83447265625 0.028645833333333332 0.0263671875 0.018229166666666668
0 0.84716796875 0.040364583333333336 0.0693359375 0.06510416666666667
7 0.8408203125 0.046875 0.0390625 0.020833333333333332
7 0.95263671875 0.046875 0.0458984375 0.020833333333333332
0 0.93994140625 0.040364583333333336 0.1142578125 0.06510416666666667
4 0.91162109375 0.0390625 0.0380859375 0.033854166666666664
7 0.232421875 0.039713541666666664 0.013671875 0.04296875
7 0.5712890625 0.039713541666666664 0.021484375 0.02734375
1 0.5712890625 0.0390625 0.044921875 0.052083333333333336
1 0.40478515625 0.0390625 0.2900390625 0.049479166666666664
7 0.666015625 0.11328125 0.109375 0.0390625
0 0.666015625 0.11393229166666667 0.111328125 0.04296875
7 0.638671875 0.15625 0.078125 0.015625
6 0.70654296875 0.15625 0.0517578125 0.015625
4 0.0234375 0.10416666666666667 0.021484375 0.028645833333333332
0 0.0732421875 0.10481770833333333 0.125 0.05078125
7 0.0673828125 0.09375 0.060546875 0.018229166666666668
7 0.08642578125 0.11588541666666667 0.0986328125 0.026041666666666668
4 0.8046875 0.103515625 0.390625 0.05078125
0 0.8046875 0.103515625 0.390625 0.05078125
0 0.25 0.10286458333333333 0.083984375 0.033854166666666664
0 0.33642578125 0.10286458333333333 0.0849609375 0.033854166666666664
0 0.4287109375 0.10286458333333333 0.095703125 0.033854166666666664
0 0.50439453125 0.10286458333333333 0.0517578125 0.033854166666666664
0 0.2568359375 0.16015625 0.09765625 0.033854166666666664
0 0.36669921875 0.16015625 0.1181640625 0.033854166666666664
0 0.48193359375 0.16015625 0.1083984375 0.033854166666666664
0 0.2431640625 0.21744791666666666 0.0703125 0.033854166666666664
0 0.31982421875 0.21744791666666666 0.0791015625 0.033854166666666664
0 0.42578125 0.21744791666666666 0.12890625 0.033854166666666664
0 0.50927734375 0.21744791666666666 0.0341796875 0.033854166666666664
0 0.24267578125 0.2747395833333333 0.0693359375 0.033854166666666664
0 0.3251953125 0.2747395833333333 0.091796875 0.033854166666666664
0 0.39208984375 0.2747395833333333 0.0380859375 0.033854166666666664
0 0.46484375 0.2747395833333333 0.103515625 0.033854166666666664
7 0.3212890625 0.15950520833333334 0.607421875 0.01953125
6 0.0390625 0.3528645833333333 0.033203125 0.06770833333333333
0 0.0390625 0.3528645833333333 0.078125 0.3255208333333333
6 0.9609375 0.3528645833333333 0.033203125 0.06770833333333333
0 0.9609375 0.3528645833333333 0.078125 0.3255208333333333
7 0.46435546875 0.541015625 0.5361328125 0.01953125
6 0.76904296875 0.541015625 0.0693359375 0.01953125
2 0.17333984375 0.6360677083333334 0.2685546875 0.03515625
4 0.1728515625 0.8333333333333334 0.26953125 0.3333333333333333
0 0.17333984375 0.8333333333333334 0.2685546875 0.3333333333333333
2 0.5 0.6536458333333334 0.26953125 0.0703125
4 0.5 0.8509114583333334 0.26953125 0.2981770833333333
0 0.5 0.8509114583333334 0.26953125 0.2981770833333333
2 0.8271484375 0.9850260416666666 0.26953125 0.029947916666666668
3 0.82666015625 0.7552083333333334 0.2939453125 0.3255208333333333
7 0.92822265625 0.9296875 0.0634765625 0.015625
0 0.93505859375 0.9309895833333334 0.0771484375 0.018229166666666668
4 0.96630859375 0.9309895833333334 0.0146484375 0.015625