0 0.09423828125 0.035807291666666664 0.1748046875 0.045572916666666664
4 0.025390625 0.0390625 0.01953125 0.0234375
0 0.025390625 0.0390625 0.037109375 0.052083333333333336
4 0.09814453125 0.0390625 0.0947265625 0.0390625
0 0.12939453125 0.0390625 0.1572265625 0.06510416666666667
7 0.15283203125 0.033854166666666664 0.0126953125 0.018229166666666668
0 0.1533203125 0.050130208333333336 0.076171875 0.014322916666666666
7 0.630859375 0.028645833333333332 0.130859375 0.018229166666666668
0 0.62646484375 0.040364583333333336 0.1396484375 0.06510416666666667
7 0.61865234375 0.046875 0.1064453125 0.020833333333333332
7 0.7314453125 0.028645833333333332 0.05078125 0.018229166666666668
0 0.755859375 0.040364583333333336 0.1171875 0.06510416666666667
7 0.76025390625 0.05078125 0.1083984375 0.026041666666666668
7 0.845703125 0.028645833333333332 0.04296875 0.018229166666666668
0 0.85009765625 0.040364583333333336 0.0693359375 0.06510416666666667
7 0.84375 0.046875 0.0390625 0.020833333333333332
7 0.9541015625 0.046875 0.04296875 0.020833333333333332
0 0.94091796875 0.040364583333333336 0.1103515625 0.06510416666666667
4 0.91455078125 0.0390625 0.0380859375 0.033854166666666664
7 0.28271484375 0.039713541666666664 0.1142578125 0.04296875
7 0.5302734375 0.039713541666666664 0.021484375 0.02734375
1 0.5302734375 0.0390625 0.044921875 0.052083333333333336
1 0.4345703125 0.0390625 0.1484375 0.049479166666666664
7 0.62744140625 0.11328125 0.1396484375 0.0390625
0 0.62744140625 0.11393229166666667 0.1416015625 0.04296875
7 0.587890625 0.15625 0.083984375 0.015625
6 0.66943359375 0.15625 0.0751953125 0.015625
4 0.0234375 0.10416666666666667 0.021484375 0.028645833333333332
0 0.0986328125 0.10481770833333333 0.17578125 0.05078125
7 0.11181640625 0.09375 0.1494140625 0.018229166666666668
7 0.07666015625 0.11588541666666667 0.0791015625 0.026041666666666668
4 0.8046875 0.103515625 0.390625 0.05078125
0 0.8046875 0.103515625 0.390625 0.05078125
0 0.26611328125 0.10286458333333333 0.1162109375 0.033854166666666664
0 0.37646484375 0.10286458333333333 0.1005859375 0.033854166666666664
0 0.5 0.10286458333333333 0.142578125 0.033854166666666664
0 0.24462890625 0.16015625 0.0732421875 0.033854166666666664
0 0.30859375 0.16015625 0.05078125 0.033854166666666664
0 0.39453125 0.16015625 0.1171875 0.033854166666666664
0 0.49853515625 0.16015625 0.0869140625 0.033854166666666664
0 0.56494140625 0.16015625 0.0419921875 0.033854166666666664
0 0.240234375 0.21744791666666666 0.064453125 0.033854166666666664
0 0.328125 0.21744791666666666 0.107421875 0.033854166666666664
0 0.443359375 0.21744791666666666 0.119140625 0.033854166666666664
0 0.27099609375 0.2747395833333333 0.1259765625 0.033854166666666664
0 0.3642578125 0.2747395833333333 0.056640625 0.033854166666666664
0 0.45263671875 0.2747395833333333 0.1162109375 0.033854166666666664
7 0.39892578125 0.15950520833333334 0.7626953125 0.01953125
6 0.0390625 0.3528645833333333 0.033203125 0.06770833333333333
0 0.0390625 0.3528645833333333 0.078125 0.3255208333333333
6 0.9609375 0.3528645833333333 0.033203125 0.06770833333333333
0 0.9609375 0.3528645833333333 0.078125 0.3255208333333333
7 0.45703125 0.541015625 0.55078125 0.01953125
6 0.7763671875 0.541015625 0.083984375 0.01953125
2 0.17333984375 0.6536458333333334 0.2685546875 0.0703125
4 0.1728515625 0.8509114583333334 0.26953125 0.2981770833333333
0 0.17333984375 0.8509114583333334 0.2685546875 0.2981770833333333
2 0.5 0.6536458333333334 0.26953125 0.0703125
4 0.5 0.8509114583333334 0.26953125 0.2981770833333333
0 0.5 0.8509114583333334 0.26953125 0.2981770833333333
2 0.8271484375 0.9850260416666666 0.26953125 0.029947916666666668
3 0.82666015625 0.7552083333333334 0.2939453125 0.3255208333333333
7 0.88720703125 0.9296875 0.1455078125 0.015625
0 0.89404296875 0.9309895833333334 0.1591796875 0.018229166666666668
4 0.96630859375 0.9309895833333334 0.0146484375 0.015625