0 0.09814453125 0.035807291666666664 0.1826171875 0.045572916666666664
4 0.025390625 0.0390625 0.01953125 0.0234375
0 0.025390625 0.0390625 0.037109375 0.052083333333333336
4 0.09814453125 0.0390625 0.0947265625 0.0390625
0 0.12939453125 0.0390625 0.1572265625 0.06510416666666667
7 0.16162109375 0.033854166666666664 0.0302734375 0.018229166666666668
4 0.52392578125 0.048177083333333336 0.0146484375 0.018229166666666668
0 0.52685546875 0.040364583333333336 0.0537109375 0.06510416666666667
7 0.52197265625 0.028645833333333332 0.0146484375 0.018229166666666668
7 0.6240234375 0.028645833333333332 0.12109375 0.018229166666666668
0 0.63134765625 0.040364583333333336 0.1533203125 0.06510416666666667
7 0.625 0.046875 0.123046875 0.020833333333333332
7 0.75830078125 0.028645833333333332 0.0791015625 0.018229166666666668
0 0.75390625 0.040364583333333336 0.087890625 0.06510416666666667
7 0.75048828125 0.05078125 0.0634765625 0.026041666666666668
7 0.84228515625 0.028645833333333332 0.0673828125 0.018229166666666668
0 0.84228515625 0.040364583333333336 0.0849609375 0.06510416666666667
7 0.8359375 0.046875 0.0546875 0.020833333333333332
7 0.9541015625 0.046875 0.041015625 0.020833333333333332
0 0.94140625 0.040364583333333336 0.109375 0.06510416666666667
4 0.9150390625 0.0390625 0.037109375 0.033854166666666664
7 0.2431640625 0.039713541666666664 0.03515625 0.04296875
7 0.4736328125 0.039713541666666664 0.021484375 0.02734375
1 0.4736328125 0.0390625 0.044921875 0.052083333333333336
1 0.3671875 0.0390625 0.169921875 0.049479166666666664
7 0.63232421875 0.11328125 0.1728515625 0.0390625
0 0.63232421875 0.11393229166666667 0.1748046875 0.04296875
7 0.5869140625 0.15755208333333334 0.10546875 0.015625
6 0.68603515625 0.15755208333333334 0.0869140625 0.015625
4 0.0234375 0.10416666666666667 0.021484375 0.028645833333333332
0 0.0771484375 0.10481770833333333 0.1328125 0.05078125
7 0.06591796875 0.09375 0.0576171875 0.018229166666666668
7 0.09033203125 0.11588541666666667 0.1064453125 0.026041666666666668
4 0.8046875 0.103515625 0.390625 0.05078125
0 0.8046875 0.103515625 0.390625 0.05078125
0 0.24755859375 0.11458333333333333 0.0791015625 0.026041666666666668
0 0.33984375 0.11458333333333333 0.099609375 0.026041666666666668
0 0.4345703125 0.11458333333333333 0.0859375 0.026041666666666668
0 0.52587890625 0.11458333333333333 0.0927734375 0.026041666666666668
0 0.22216796875 0.16666666666666666 0.0283203125 0.026041666666666668
0 0.2724609375 0.16666666666666666 0.06640625 0.026041666666666668
0 0.33544921875 0.16666666666666666 0.0537109375 0.026041666666666668
0 0.423828125 0.16666666666666666 0.1171875 0.026041666666666668
0 0.27294921875 0.21875 0.1298828125 0.026041666666666668
0 0.3740234375 0.21875 0.06640625 0.026041666666666668
0 0.46240234375 0.21875 0.1044921875 0.026041666666666668
0 0.2646484375 0.2708333333333333 0.11328125 0.026041666666666668
0 0.35693359375 0.2708333333333333 0.0673828125 0.026041666666666668
0 0.4326171875 0.2708333333333333 0.080078125 0.026041666666666668
0 0.525390625 0.2708333333333333 0.1015625 0.026041666666666668
6 0.2607421875 0.08984375 0.08984375 0.018229166666666668
7 0.3115234375 0.08984375 0.0078125 0.018229166666666668
6 0.34521484375 0.08984375 0.0595703125 0.018229166666666668
6 0.0390625 0.2916666666666667 0.033203125 0.06770833333333333
0 0.0390625 0.2916666666666667 0.078125 0.3255208333333333
6 0.9609375 0.2916666666666667 0.033203125 0.06770833333333333
0 0.9609375 0.2916666666666667 0.078125 0.3255208333333333
7 0.45361328125 0.4798177083333333 0.3095703125 0.01953125
6 0.65625 0.4798177083333333 0.08984375 0.01953125
2 0.17333984375 0.5709635416666666 0.2685546875 0.02734375
4 0.17333984375 0.7669270833333334 0.2548828125 0.3385416666666667
0 0.17333984375 0.7669270833333334 0.2685546875 0.3385416666666667
7 0.17333984375 0.96875 0.2685546875 0.049479166666666664
2 0.5 0.5709635416666666 0.26953125 0.02734375
4 0.5 0.798828125 0.26953125 0.40234375
0 0.5 0.798828125 0.26953125 0.40234375
2 0.8271484375 0.9361979166666666 0.26953125 0.0546875
0 0.8271484375 0.9928385416666666 0.267578125 0.014322916666666666
0 0.8271484375 0.9921875 0.26953125 0.015625
3 0.82666015625 0.6940104166666666 0.2939453125 0.3255208333333333
7 0.904296875 0.8697916666666666 0.111328125 0.015625
0 0.9111328125 0.8704427083333334 0.125 0.01953125
4 0.96630859375 0.8697916666666666 0.0146484375 0.015625