2 0.0703125 0.039713541666666664 0.09765625 0.04296875
0 0.78857421875 0.039713541666666664 0.0888671875 0.040364583333333336
0 0.91015625 0.039713541666666664 0.13671875 0.040364583333333336
4 0.1806640625 0.23828125 0.318359375 0.265625
0 0.1806640625 0.26171875 0.318359375 0.3125
6 0.1806640625 0.4069010416666667 0.279296875 0.022135416666666668
4 0.49951171875 0.23893229166666666 0.3193359375 0.2669270833333333
0 0.49951171875 0.2623697916666667 0.3193359375 0.3138020833333333
6 0.49951171875 0.408203125 0.2802734375 0.022135416666666668
4 0.81884765625 0.23893229166666666 0.3193359375 0.2669270833333333
0 0.81884765625 0.2623697916666667 0.3193359375 0.3138020833333333
6 0.81884765625 0.408203125 0.2802734375 0.022135416666666668
2 0.333984375 0.5455729166666666 0.625 0.020833333333333332
6 0.1162109375 0.6328125 0.189453125 0.06510416666666667
0 0.1162109375 0.7291666666666666 0.189453125 0.2578125
4 0.1162109375 0.7682291666666666 0.189453125 0.1796875
6 0.333984375 0.6328125 0.189453125 0.06510416666666667
0 0.333984375 0.7291666666666666 0.189453125 0.2578125
4 0.333984375 0.7682291666666666 0.189453125 0.1796875
6 0.5517578125 0.6328125 0.189453125 0.06510416666666667
0 0.5517578125 0.7291666666666666 0.189453125 0.2578125
4 0.5517578125 0.7682291666666666 0.189453125 0.1796875
6 0.1162109375 0.94140625 0.189453125 0.06510416666666667
0 0.1162109375 0.9544270833333334 0.189453125 0.09114583333333333
4 0.1162109375 0.9934895833333334 0.189453125 0.013020833333333334
6 0.333984375 0.94140625 0.189453125 0.06510416666666667
0 0.333984375 0.9544270833333334 0.189453125 0.09114583333333333
4 0.333984375 0.9934895833333334 0.189453125 0.013020833333333334
6 0.5517578125 0.94140625 0.189453125 0.06510416666666667
0 0.5517578125 0.9544270833333334 0.189453125 0.09114583333333333
4 0.5517578125 0.9934895833333334 0.189453125 0.013020833333333334
2 0.83203125 0.5455729166666666 0.29296875 0.020833333333333332
0 0.724609375 0.625 0.078125 0.0390625
0 0.8330078125 0.625 0.119140625 0.0390625
0 0.724609375 0.6770833333333334 0.078125 0.0390625
0 0.8056640625 0.6770833333333334 0.064453125 0.0390625
0 0.8798828125 0.6770833333333334 0.064453125 0.0390625
0 0.7177734375 0.7291666666666666 0.064453125 0.0390625
0 0.798828125 0.7291666666666666 0.078125 0.0390625
0 0.75439453125 0.78125 0.1376953125 0.0390625
0 0.87158203125 0.78125 0.0791015625 0.0390625
0 0.7314453125 0.8333333333333334 0.091796875 0.0390625
0 0.826171875 0.8333333333333334 0.078125 0.0390625
0 0.9072265625 0.8333333333333334 0.064453125 0.0390625
2 0.83203125 0.90234375 0.29296875 0.020833333333333332
0 0.724609375 0.9817708333333334 0.076171875 0.036458333333333336
0 0.83349609375 0.9817708333333334 0.1201171875 0.036458333333333336