4 0.23046875 0.050130208333333336 0.3125 0.040364583333333336
0 0.23046875 0.055338541666666664 0.3125 0.061197916666666664
6 0.10595703125 0.10677083333333333 0.0556640625 0.020833333333333332
6 0.19970703125 0.10677083333333333 0.1064453125 0.020833333333333332
6 0.3154296875 0.10677083333333333 0.099609375 0.020833333333333332
6 0.41064453125 0.10677083333333333 0.0654296875 0.020833333333333332
6 0.4873046875 0.10677083333333333 0.0625 0.020833333333333332
6 0.56689453125 0.10677083333333333 0.0712890625 0.020833333333333332
6 0.6396484375 0.10677083333333333 0.048828125 0.020833333333333332
7 0.3447265625 0.2942708333333333 0.56640625 0.020833333333333332
7 0.33544921875 0.3723958333333333 0.5478515625 0.026041666666666668
6 0.18359375 0.4140625 0.244140625 0.026041666666666668
7 0.33447265625 0.4348958333333333 0.5458984375 0.06770833333333333
6 0.244140625 0.4557291666666667 0.240234375 0.026041666666666668
7 0.32958984375 0.4765625 0.5361328125 0.06770833333333333
2 0.30859375 0.7154947916666666 0.572265625 0.08203125
7 0.07177734375 0.77734375 0.0986328125 0.026041666666666668
4 0.33642578125 0.943359375 0.6259765625 0.11328125
1 0.8564453125 0.2786458333333333 0.208984375 0.044270833333333336
4 0.763671875 0.3587239583333333 0.0234375 0.032552083333333336
2 0.81005859375 0.3567708333333333 0.0400390625 0.03125
7 0.94921875 0.3567708333333333 0.0234375 0.03125
7 0.7626953125 0.4290364583333333 0.0234375 0.032552083333333336
2 0.8125 0.427734375 0.044921875 0.032552083333333336
7 0.94921875 0.427734375 0.0234375 0.032552083333333336
4 0.763671875 0.498046875 0.0234375 0.032552083333333336
0 0.78564453125 0.4928385416666667 0.0673828125 0.032552083333333336
2 0.8046875 0.498046875 0.029296875 0.032552083333333336
2 0.80029296875 0.5670572916666666 0.0966796875 0.032552083333333336
6 0.8095703125 0.6139322916666666 0.115234375 0.022135416666666668
6 0.8046875 0.6490885416666666 0.10546875 0.022135416666666668
6 0.79638671875 0.6842447916666666 0.0888671875 0.022135416666666668
6 0.78369140625 0.7259114583333334 0.0634765625 0.022135416666666668
6 0.81005859375 0.767578125 0.1162109375 0.022135416666666668
6 0.787109375 0.8092447916666666 0.0703125 0.022135416666666668
7 0.8310546875 0.8951822916666666 0.044921875 0.022135416666666668
0 0.8564453125 0.8977864583333334 0.095703125 0.02734375
7 0.86474609375 0.8951822916666666 0.0146484375 0.022135416666666668
4 0.89599609375 0.8951822916666666 0.0166015625 0.022135416666666668
7 0.85693359375 0.9420572916666666 0.1474609375 0.016927083333333332
0 0.8564453125 0.9420572916666666 0.16015625 0.029947916666666668