4 0.10888671875 0.035807291666666664 0.1787109375 0.04296875
0 0.10888671875 0.032552083333333336 0.1787109375 0.06510416666666667
6 0.82568359375 0.032552083333333336 0.0869140625 0.03125
7 0.9326171875 0.032552083333333336 0.05859375 0.03125
7 0.2626953125 0.09700520833333333 0.216796875 0.032552083333333336
6 0.41455078125 0.09895833333333333 0.0869140625 0.026041666666666668
7 0.47412109375 0.09700520833333333 0.0244140625 0.032552083333333336
7 0.62353515625 0.09700520833333333 0.2744140625 0.032552083333333336
6 0.80322265625 0.09895833333333333 0.0849609375 0.026041666666666668
2 0.38525390625 0.24869791666666666 0.3974609375 0.078125
2 0.6982421875 0.24869791666666666 0.23046875 0.078125
7 0.5 0.3294270833333333 1 0.052083333333333336
4 0.28515625 0.6888020833333334 0.37109375 0.3515625
7 0.259765625 0.6256510416666666 0.21875 0.040364583333333336
7 0.259765625 0.669921875 0.220703125 0.040364583333333336
0 0.259765625 0.7513020833333334 0.166015625 0.06510416666666667
7 0.6650390625 0.5592447916666666 0.044921875 0.037760416666666664
7 0.759765625 0.6705729166666666 0.28125 0.1328125
0 0.759765625 0.7955729166666666 0.166015625 0.06510416666666667