4 0.08984375 0.0625 0.12890625 0.044270833333333336
0 0.08984375 0.0625 0.12890625 0.044270833333333336
7 0.23583984375 0.0625 0.0849609375 0.033854166666666664
7 0.40283203125 0.0625 0.1669921875 0.033854166666666664
0 0.40283203125 0.0625 0.1669921875 0.033854166666666664
7 0.583984375 0.0625 0.14453125 0.033854166666666664
0 0.583984375 0.0625 0.14453125 0.033854166666666664
0 0.8173828125 0.0625 0.17578125 0.052083333333333336
6 0.95263671875 0.0625 0.0439453125 0.028645833333333332
2 0.267578125 0.279296875 0.46484375 0.13151041666666666
7 0.267578125 0.3821614583333333 0.46484375 0.03515625
0 0.181640625 0.4602864583333333 0.29296875 0.061197916666666664
4 0.0595703125 0.548828125 0.017578125 0.029947916666666668
0 0.103515625 0.548828125 0.13671875 0.055989583333333336
7 0.12109375 0.548828125 0.0703125 0.029947916666666668
4 0.2158203125 0.5494791666666666 0.017578125 0.026041666666666668
0 0.259765625 0.548828125 0.13671875 0.055989583333333336
7 0.27197265625 0.548828125 0.0810546875 0.029947916666666668
4 0.732421875 0.3958333333333333 0.46484375 0.4479166666666667
4 0.5 0.677734375 1 0.024739583333333332
2 0.4482421875 0.806640625 0.66015625 0.048177083333333336
2 0.82958984375 0.806640625 0.0888671875 0.048177083333333336
2 0.87744140625 0.806640625 0.0087890625 0.048177083333333336
2 0.1591796875 0.8587239583333334 0.140625 0.048177083333333336
2 0.263671875 0.8587239583333334 0.0703125 0.048177083333333336
2 0.37109375 0.8587239583333334 0.130859375 0.048177083333333336
2 0.67724609375 0.884765625 0.4677734375 0.10026041666666667