7 0.41943359375 0.9342447916666666 0.6826171875 0.05859375
6 0.31982421875 0.951171875 0.0751953125 0.024739583333333332
7 0.359375 0.951171875 0.00390625 0.024739583333333332
0 0.85546875 0.9348958333333334 0.1328125 0.0625
7 0.439453125 0.045572916666666664 0.103515625 0.03125
0 0.439453125 0.045572916666666664 0.103515625 0.09114583333333333
7 0.564453125 0.045572916666666664 0.068359375 0.03125
0 0.564453125 0.045572916666666664 0.068359375 0.09114583333333333
7 0.69287109375 0.045572916666666664 0.1103515625 0.03125
0 0.69287109375 0.045572916666666664 0.1103515625 0.09114583333333333
7 0.8203125 0.045572916666666664 0.06640625 0.03125
0 0.8203125 0.045572916666666664 0.06640625 0.09114583333333333
2 0.24853515625 0.3541666666666667 0.3408203125 0.16145833333333334
7 0.24853515625 0.5598958333333334 0.3408203125 0.125
0 0.1455078125 0.6953125 0.134765625 0.0625
4 0.150390625 0.08658854166666667 0.30078125 0.17317708333333334