4 0.96337890625 0.042317708333333336 0.0205078125 0.02734375
0 0.96337890625 0.042317708333333336 0.0341796875 0.045572916666666664
4 0.89892578125 0.042317708333333336 0.0693359375 0.037760416666666664
0 0.89892578125 0.042317708333333336 0.0693359375 0.037760416666666664
4 0.82861328125 0.042317708333333336 0.0205078125 0.02734375
0 0.81689453125 0.042317708333333336 0.0693359375 0.04296875
7 0.80419921875 0.042317708333333336 0.0205078125 0.04296875
4 0.23779296875 0.042317708333333336 0.0146484375 0.01953125
0 0.205078125 0.042317708333333336 0.103515625 0.040364583333333336
7 0.19677734375 0.042317708333333336 0.0634765625 0.037760416666666664
4 0.1201171875 0.042317708333333336 0.015625 0.022135416666666668
0 0.08056640625 0.042317708333333336 0.1201171875 0.04296875
7 0.07080078125 0.042317708333333336 0.0771484375 0.04296875
1 0.52197265625 0.042317708333333336 0.4072265625 0.053385416666666664
4 0.4990234375 0.041015625 0.44921875 0.05078125
4 0.30029296875 0.042317708333333336 0.0205078125 0.02734375
0 0.30029296875 0.042317708333333336 0.0380859375 0.02734375
0 1 0.12565104166666666 0 0.055989583333333336
0 1 0.2545572916666667 0 0.055989583333333336
0 1 0.3092447916666667 0 0.055989583333333336
0 1 0.3639322916666667 0 0.055989583333333336
0 1 0.4186197916666667 0 0.055989583333333336
0 1 0.4733072916666667 0 0.055989583333333336
0 1 0.6022135416666666 0 0.055989583333333336
0 1 0.6569010416666666 0 0.055989583333333336
0 1 0.7115885416666666 0 0.055989583333333336
7 0.9462890625 0.109375 0.052734375 0.028645833333333332
7 0.79736328125 0.109375 0.2099609375 0.028645833333333332
0 0.79736328125 0.109375 0.2216796875 0.028645833333333332
2 0.84521484375 0.177734375 0.1455078125 0.029947916666666668
0 0.84521484375 0.177734375 0.1455078125 0.029947916666666668
7 0.12451171875 0.17838541666666666 0.0537109375 0.0390625
0 0.11669921875 0.17838541666666666 0.0693359375 0.0390625
4 0.0888671875 0.17838541666666666 0.013671875 0.018229166666666668
4 0.8154296875 0.3079427083333333 0.205078125 0.3658854166666667
0 0.8154296875 0.3079427083333333 0.205078125 0.15755208333333334
4 0.8154296875 0.3079427083333333 0.205078125 0.15755208333333334
4 0.86767578125 0.3079427083333333 0.0810546875 0.14192708333333334
7 0.76513671875 0.3287760416666667 0.0341796875 0.02734375
4 0.7373046875 0.3294270833333333 0.015625 0.020833333333333332
7 0.76220703125 0.3639322916666667 0.0322265625 0.02734375
4 0.7333984375 0.36328125 0.01953125 0.026041666666666668
2 0.9111328125 0.4127604166666667 0.013671875 0.026041666666666668
0 0.822265625 0.4127604166666667 0.19140625 0.028645833333333332
7 0.90380859375 0.4557291666666667 0.0283203125 0.020833333333333332
7 0.87255859375 0.4557291666666667 0.0283203125 0.020833333333333332
7 0.8330078125 0.4557291666666667 0.044921875 0.020833333333333332
7 0.7900390625 0.4557291666666667 0.03515625 0.020833333333333332
4 0.6064453125 0.3079427083333333 0.205078125 0.3658854166666667
0 0.6064453125 0.3079427083333333 0.205078125 0.15755208333333334
4 0.6064453125 0.3079427083333333 0.205078125 0.15755208333333334
4 0.65869140625 0.3079427083333333 0.0810546875 0.14192708333333334
4 0.6064453125 0.291015625 0.185546875 0.3294270833333333
7 0.55712890625 0.3287760416666667 0.0361328125 0.02734375
4 0.5283203125 0.3294270833333333 0.015625 0.020833333333333332
7 0.5546875 0.3639322916666667 0.03515625 0.02734375
4 0.5244140625 0.36328125 0.01953125 0.026041666666666668
2 0.7021484375 0.4127604166666667 0.013671875 0.026041666666666668
0 0.61328125 0.4127604166666667 0.19140625 0.028645833333333332
7 0.6953125 0.4557291666666667 0.02734375 0.020833333333333332
7 0.66455078125 0.4557291666666667 0.0283203125 0.020833333333333332
7 0.62890625 0.4557291666666667 0.037109375 0.020833333333333332
7 0.58837890625 0.4557291666666667 0.0380859375 0.020833333333333332
4 0.3974609375 0.3079427083333333 0.205078125 0.3658854166666667
0 0.3974609375 0.3079427083333333 0.205078125 0.15755208333333334
4 0.3974609375 0.3079427083333333 0.205078125 0.15755208333333334
4 0.44970703125 0.3079427083333333 0.0810546875 0.14192708333333334
7 0.3486328125 0.3287760416666667 0.037109375 0.02734375
4 0.3193359375 0.3294270833333333 0.015625 0.020833333333333332
7 0.34619140625 0.3639322916666667 0.0361328125 0.02734375
4 0.3154296875 0.36328125 0.01953125 0.026041666666666668
2 0.486328125 0.4127604166666667 0.02734375 0.026041666666666668
0 0.404296875 0.4127604166666667 0.19140625 0.028645833333333332
7 0.486328125 0.4557291666666667 0.02734375 0.020833333333333332
7 0.45361328125 0.4557291666666667 0.0322265625 0.020833333333333332
7 0.419921875 0.4557291666666667 0.029296875 0.020833333333333332
7 0.37255859375 0.4557291666666667 0.0595703125 0.020833333333333332
4 0.1884765625 0.3079427083333333 0.205078125 0.3658854166666667
0 0.1884765625 0.3079427083333333 0.205078125 0.15755208333333334
4 0.1884765625 0.3079427083333333 0.205078125 0.15755208333333334
4 0.24072265625 0.3079427083333333 0.0810546875 0.14192708333333334
7 0.13232421875 0.3639322916666667 0.0361328125 0.02734375
4 0.103515625 0.36328125 0.015625 0.020833333333333332
2 0.27783203125 0.4127604166666667 0.0263671875 0.026041666666666668
0 0.1953125 0.4127604166666667 0.19140625 0.028645833333333332
7 0.27783203125 0.4557291666666667 0.0263671875 0.020833333333333332
7 0.24755859375 0.4557291666666667 0.0283203125 0.020833333333333332
7 0.2080078125 0.4557291666666667 0.044921875 0.020833333333333332
7 0.16748046875 0.4557291666666667 0.0302734375 0.020833333333333332
4 0.041015625 0.3079427083333333 0.08203125 0.3658854166666667
0 0.041015625 0.3079427083333333 0.08203125 0.15755208333333334
4 0.041015625 0.3079427083333333 0.08203125 0.15755208333333334
4 0.0361328125 0.3079427083333333 0.072265625 0.14192708333333334
2 0.04443359375 0.4127604166666667 0.0751953125 0.026041666666666668
0 0.041015625 0.4127604166666667 0.08203125 0.028645833333333332
7 0.0693359375 0.4557291666666667 0.025390625 0.020833333333333332
7 0.03955078125 0.4557291666666667 0.0283203125 0.020833333333333332
7 0.01123046875 0.4557291666666667 0.0224609375 0.020833333333333332
4 0.0849609375 0.30078125 0.033203125 0.044270833333333336
0 0.0849609375 0.3014322916666667 0.0390625 0.053385416666666664
2 0.8759765625 0.537109375 0.083984375 0.029947916666666668
4 0.8154296875 0.6555989583333334 0.205078125 0.15755208333333334
0 0.8154296875 0.6555989583333334 0.205078125 0.15755208333333334
7 0.73486328125 0.7122395833333334 0.0302734375 0.026041666666666668
2 0.82568359375 0.7604166666666666 0.1845703125 0.026041666666666668
0 0.822265625 0.7604166666666666 0.19140625 0.028645833333333332
7 0.90771484375 0.7975260416666666 0.0205078125 0.022135416666666668
0 0.822265625 0.796875 0.19140625 0.0234375
7 0.88671875 0.826171875 0.0625 0.024739583333333332
7 0.80908203125 0.826171875 0.0615234375 0.024739583333333332
4 0.6064453125 0.6555989583333334 0.205078125 0.15755208333333334
0 0.6064453125 0.6555989583333334 0.205078125 0.15755208333333334
7 0.52978515625 0.7122395833333334 0.0380859375 0.026041666666666668
2 0.65283203125 0.7604166666666666 0.1123046875 0.026041666666666668
0 0.61328125 0.7604166666666666 0.19140625 0.028645833333333332
7 0.70068359375 0.7975260416666666 0.0166015625 0.022135416666666668
0 0.61328125 0.796875 0.19140625 0.0234375
4 0.67822265625 0.7975260416666666 0.0107421875 0.014322916666666666
7 0.67333984375 0.826171875 0.0712890625 0.024739583333333332
7 0.58935546875 0.826171875 0.0654296875 0.024739583333333332
4 0.3974609375 0.6555989583333334 0.205078125 0.15755208333333334
0 0.3974609375 0.6555989583333334 0.205078125 0.15755208333333334
7 0.31787109375 0.7122395833333334 0.0322265625 0.026041666666666668
2 0.41796875 0.7740885416666666 0.1640625 0.053385416666666664
0 0.404296875 0.7740885416666666 0.19140625 0.055989583333333336
7 0.4853515625 0.8248697916666666 0.029296875 0.022135416666666668
0 0.404296875 0.82421875 0.19140625 0.0234375
7 0.46875 0.853515625 0.0625 0.024739583333333332
7 0.3896484375 0.853515625 0.064453125 0.024739583333333332
4 0.1884765625 0.6555989583333334 0.205078125 0.15755208333333334
0 0.1884765625 0.6555989583333334 0.205078125 0.15755208333333334
7 0.11083984375 0.7122395833333334 0.0361328125 0.026041666666666668
2 0.1962890625 0.7740885416666666 0.189453125 0.053385416666666664
0 0.1953125 0.7740885416666666 0.19140625 0.055989583333333336
7 0.27099609375 0.8248697916666666 0.0400390625 0.022135416666666668
0 0.1953125 0.82421875 0.19140625 0.0234375
4 0.23681640625 0.8248697916666666 0.0107421875 0.014322916666666666
7 0.267578125 0.853515625 0.046875 0.024739583333333332
7 0.1962890625 0.853515625 0.064453125 0.024739583333333332
4 0.8154296875 0.94140625 0.205078125 0.1171875
0 0.8154296875 0.94140625 0.205078125 0.1171875
4 0.6064453125 0.94140625 0.205078125 0.1171875
0 0.6064453125 0.94140625 0.205078125 0.1171875
4 0.3974609375 0.94140625 0.205078125 0.1171875
0 0.3974609375 0.94140625 0.205078125 0.1171875
4 0.1884765625 0.94140625 0.205078125 0.1171875
0 0.1884765625 0.94140625 0.205078125 0.1171875