7 0.265625 0.045572916666666664 0.48828125 0.046875
4 0.53271484375 0.044921875 0.0166015625 0.022135416666666668
0 0.67236328125 0.045572916666666664 0.3271484375 0.046875
7 0.6591796875 0.046875 0.26953125 0.046875
0 0.8974609375 0.045572916666666664 0.091796875 0.046875
0 0.029296875 0.11979166666666667 0.03515625 0.057291666666666664
0 0.12451171875 0.11979166666666667 0.0458984375 0.057291666666666664
0 0.224609375 0.11979166666666667 0.046875 0.057291666666666664
0 0.33349609375 0.11979166666666667 0.0634765625 0.057291666666666664
0 0.44873046875 0.11979166666666667 0.0595703125 0.057291666666666664
0 0.55126953125 0.11979166666666667 0.0380859375 0.057291666666666664
0 0.65234375 0.11979166666666667 0.056640625 0.057291666666666664
0 0.77001953125 0.11979166666666667 0.0712890625 0.057291666666666664
4 0.87841796875 0.11979166666666667 0.0380859375 0.057291666666666664
0 0.9697265625 0.11979166666666667 0.037109375 0.057291666666666664
0 0.5 0.17708333333333334 0.359375 0.026041666666666668
6 0.3193359375 0.234375 0.072265625 0.020833333333333332
7 0.5361328125 0.234375 0.36328125 0.020833333333333332
2 0.5 0.37890625 1 0.0625
2 0.5 0.453125 0.341796875 0.07291666666666667
7 0.37646484375 0.513671875 0.0439453125 0.02734375
7 0.43505859375 0.5143229166666666 0.0751953125 0.033854166666666664
7 0.484375 0.513671875 0.025390625 0.02734375
7 0.517578125 0.5143229166666666 0.041015625 0.033854166666666664
7 0.5888671875 0.513671875 0.103515625 0.02734375
6 0.6435546875 0.509765625 0.005859375 0.016927083333333332
6 0.4638671875 0.5625 0.115234375 0.033854166666666664
6 0.568359375 0.5625 0.048828125 0.033854166666666664
7 0.5 0.7063802083333334 0.77734375 0.5872395833333334