4 0.14794921875 0.034505208333333336 0.1787109375 0.01953125
6 0.27880859375 0.032552083333333336 0.0244140625 0.06510416666666667
6 0.32421875 0.032552083333333336 0.02734375 0.06510416666666667
6 0.36962890625 0.032552083333333336 0.0244140625 0.06510416666666667
6 0.41357421875 0.032552083333333336 0.0244140625 0.06510416666666667
6 0.45751953125 0.032552083333333336 0.0244140625 0.06510416666666667
6 0.50341796875 0.032552083333333336 0.0283203125 0.06510416666666667
7 0.96435546875 0.032552083333333336 0.0537109375 0.026041666666666668
0 0.95068359375 0.032552083333333336 0.0810546875 0.0390625
7 0.7744140625 0.032552083333333336 0.025390625 0.0390625
7 0.81640625 0.031901041666666664 0.052734375 0.01953125
0 0.81640625 0.032552083333333336 0.060546875 0.0234375
7 0.84814453125 0.030598958333333332 0.0048828125 0.02734375
7 0.87548828125 0.031901041666666664 0.0439453125 0.01953125
0 0.87548828125 0.032552083333333336 0.0517578125 0.0234375
0 0.17138671875 0.08528645833333333 0.0419921875 0.01953125
0 0.25244140625 0.08528645833333333 0.0576171875 0.01953125
0 0.32958984375 0.08528645833333333 0.0341796875 0.01953125
0 0.41064453125 0.08528645833333333 0.0634765625 0.01953125
0 0.490234375 0.08528645833333333 0.03125 0.01953125
7 0.564453125 0.08333333333333333 0.052734375 0.018229166666666668
0 0.5693359375 0.08528645833333333 0.0625 0.01953125
0 0.64892578125 0.08528645833333333 0.0322265625 0.01953125
0 0.73291015625 0.08528645833333333 0.0732421875 0.01953125
0 0.82568359375 0.08528645833333333 0.0478515625 0.01953125
7 0.4072265625 0.13216145833333334 0.2578125 0.022135416666666668
6 0.5732421875 0.13216145833333334 0.076171875 0.022135416666666668
7 0.66650390625 0.13216145833333334 0.1103515625 0.022135416666666668
4 0.35595703125 0.23046875 0.2099609375 0.078125
0 0.35595703125 0.23046875 0.2880859375 0.078125
1 0.64404296875 0.22786458333333334 0.2587890625 0.0390625
6 0.49951171875 0.9869791666666666 0.2060546875 0.015625
7 0.15234375 0.5703125 0.232421875 0.2864583333333333
7 0.404296875 0.4453125 0.193359375 0.0390625
7 0.48486328125 0.6165364583333334 0.3544921875 0.37890625
7 0.32666015625 0.6100260416666666 0.0302734375 0.040364583333333336
0 0.32666015625 0.6041666666666666 0.0361328125 0.0390625
7 0.32666015625 0.6373697916666666 0.0244140625 0.014322916666666666
7 0.37060546875 0.6100260416666666 0.0341796875 0.040364583333333336
0 0.37060546875 0.6041666666666666 0.0400390625 0.0390625
7 0.37109375 0.6373697916666666 0.01953125 0.014322916666666666
7 0.41552734375 0.6100260416666666 0.0302734375 0.040364583333333336
0 0.41552734375 0.6041666666666666 0.0361328125 0.0390625
7 0.4150390625 0.6373697916666666 0.0234375 0.014322916666666666
7 0.45751953125 0.6100260416666666 0.0302734375 0.040364583333333336
0 0.45751953125 0.6041666666666666 0.0361328125 0.0390625
7 0.45703125 0.6373697916666666 0.01953125 0.014322916666666666
7 0.49951171875 0.6100260416666666 0.0302734375 0.040364583333333336
0 0.49951171875 0.6041666666666666 0.0361328125 0.0390625
7 0.49951171875 0.6373697916666666 0.0224609375 0.014322916666666666
7 0.54150390625 0.6100260416666666 0.0302734375 0.040364583333333336
0 0.54150390625 0.6041666666666666 0.0361328125 0.0390625
7 0.5419921875 0.6373697916666666 0.0234375 0.014322916666666666
7 0.5859375 0.6100260416666666 0.03515625 0.040364583333333336
0 0.5859375 0.6041666666666666 0.041015625 0.0390625
7 0.58642578125 0.6373697916666666 0.0224609375 0.014322916666666666
7 0.63134765625 0.6100260416666666 0.0302734375 0.040364583333333336
0 0.63134765625 0.6041666666666666 0.0361328125 0.0390625
7 0.630859375 0.6373697916666666 0.0234375 0.014322916666666666
7 0.67333984375 0.6100260416666666 0.0302734375 0.040364583333333336
0 0.67333984375 0.6041666666666666 0.0361328125 0.0390625
7 0.67333984375 0.6373697916666666 0.0244140625 0.014322916666666666
1 0.47216796875 0.703125 0.3154296875 0.0390625
0 0.5751953125 0.7447916666666666 0.109375 0.026041666666666668
0 0.66552734375 0.703125 0.0458984375 0.0390625
2 0.84765625 0.439453125 0.154296875 0.024739583333333332
6 0.8349609375 0.4921875 0.12890625 0.044270833333333336
6 0.84765625 0.5572916666666666 0.154296875 0.044270833333333336
6 0.83984375 0.6354166666666666 0.138671875 0.0703125
6 0.88916015625 0.69921875 0.0732421875 0.020833333333333332
2 0.5 0.8880208333333334 0.91796875 0.033854166666666664
4 0.1826171875 0.97265625 0.087890625 0.0546875
4 0.375 0.97265625 0.087890625 0.0546875
4 0.5673828125 0.97265625 0.087890625 0.0546875
4 0.80615234375 0.97265625 0.1806640625 0.0546875