4 0.07421875 0.031901041666666664 0.119140625 0.029947916666666668
0 0.07421875 0.031901041666666664 0.119140625 0.029947916666666668
1 0.43310546875 0.031901041666666664 0.5595703125 0.04296875
1 0.43310546875 0.031901041666666664 0.5595703125 0.04296875
6 0.74658203125 0.031901041666666664 0.0185546875 0.06380208333333333
7 0.8251953125 0.031901041666666664 0.048828125 0.02734375
0 0.81494140625 0.031901041666666664 0.0947265625 0.06380208333333333
7 0.92578125 0.03125 0.048828125 0.0234375
0 0.916015625 0.031901041666666664 0.083984375 0.037760416666666664
7 0.98486328125 0.031901041666666664 0.0302734375 0.06380208333333333
7 0.017578125 0.091796875 0.03515625 0.029947916666666668
0 0.0244140625 0.091796875 0.048828125 0.053385416666666664
7 0.13232421875 0.091796875 0.1005859375 0.029947916666666668
0 0.1220703125 0.091796875 0.1484375 0.053385416666666664
7 0.2626953125 0.091796875 0.064453125 0.029947916666666668
0 0.251953125 0.091796875 0.11328125 0.053385416666666664
7 0.38818359375 0.091796875 0.0908203125 0.029947916666666668
0 0.37744140625 0.091796875 0.1396484375 0.053385416666666664
7 0.50341796875 0.091796875 0.0458984375 0.029947916666666668
0 0.4931640625 0.091796875 0.09375 0.053385416666666664
7 0.5888671875 0.091796875 0.03125 0.029947916666666668
0 0.57861328125 0.091796875 0.0791015625 0.053385416666666664
7 0.6728515625 0.091796875 0.04296875 0.029947916666666668
0 0.66259765625 0.091796875 0.0908203125 0.053385416666666664
7 0.783203125 0.091796875 0.08203125 0.029947916666666668
0 0.7724609375 0.091796875 0.130859375 0.053385416666666664
7 0.9052734375 0.091796875 0.068359375 0.029947916666666668
0 0.89501953125 0.091796875 0.1162109375 0.053385416666666664
7 0.99365234375 0.091796875 0.0126953125 0.029947916666666668
0 0.97607421875 0.091796875 0.0478515625 0.053385416666666664
2 0.49951171875 0.21158854166666666 0.3955078125 0.055989583333333336
2 0.5 0.2610677083333333 0.181640625 0.055989583333333336
7 0.2119140625 0.3463541666666667 0.033203125 0.03125
0 0.2421875 0.3463541666666667 0.23046875 0.06770833333333333
7 0.2578125 0.3463541666666667 0.060546875 0.03125
7 0.45263671875 0.3463541666666667 0.0322265625 0.03125
0 0.5 0.3463541666666667 0.23046875 0.06770833333333333
7 0.51611328125 0.3463541666666667 0.0947265625 0.03125
7 0.7373046875 0.3463541666666667 0.033203125 0.03125
0 0.7578125 0.3463541666666667 0.23046875 0.06770833333333333
7 0.77392578125 0.3463541666666667 0.0419921875 0.03125
6 0.9365234375 0.4446614583333333 0.103515625 0.016927083333333332
7 0.10009765625 0.669921875 0.1708984375 0.04296875
0 0.10009765625 0.5950520833333334 0.2001953125 0.2682291666666667
7 0.10009765625 0.6998697916666666 0.1708984375 0.01953125
4 0.10009765625 0.5944010416666666 0.2001953125 0.2669270833333333
7 0.2880859375 0.6803385416666666 0.1484375 0.022135416666666668
0 0.2998046875 0.5950520833333334 0.201171875 0.2682291666666667
7 0.2880859375 0.6998697916666666 0.1484375 0.01953125
4 0.2998046875 0.5944010416666666 0.201171875 0.2669270833333333
7 0.5 0.669921875 0.171875 0.04296875
0 0.5 0.5950520833333334 0.201171875 0.2682291666666667
7 0.5 0.6998697916666666 0.171875 0.01953125
4 0.5 0.5944010416666666 0.201171875 0.2669270833333333
7 0.7001953125 0.669921875 0.171875 0.04296875
0 0.7001953125 0.5950520833333334 0.201171875 0.2682291666666667
7 0.7001953125 0.6998697916666666 0.171875 0.01953125
4 0.7001953125 0.5944010416666666 0.201171875 0.2669270833333333
7 0.89990234375 0.669921875 0.1708984375 0.04296875
0 0.89990234375 0.5950520833333334 0.2001953125 0.2682291666666667
7 0.89990234375 0.6998697916666666 0.1708984375 0.01953125
4 0.89990234375 0.5944010416666666 0.2001953125 0.2669270833333333
0 0.06787109375 0.8216145833333334 0.1064453125 0.0546875
0 0.166015625 0.8216145833333334 0.091796875 0.0546875
0 0.24609375 0.8216145833333334 0.0703125 0.0546875
0 0.31201171875 0.8216145833333334 0.0634765625 0.0546875
7 0.4033203125 0.8216145833333334 0.052734375 0.026041666666666668
0 0.39404296875 0.8216145833333334 0.1025390625 0.0546875
7 0.89306640625 0.8216145833333334 0.1220703125 0.026041666666666668
0 0.9013671875 0.8216145833333334 0.16796875 0.0546875
7 0.75390625 0.8216145833333334 0.064453125 0.026041666666666668
0 0.7626953125 0.8216145833333334 0.111328125 0.0546875
4 0.5126953125 0.8639322916666666 0.015625 0.01953125
0 0.60009765625 0.9791666666666666 0.2001953125 0.026041666666666668
4 0.60009765625 0.923828125 0.2001953125 0.15234375
4 0.0126953125 0.8639322916666666 0.015625 0.01953125
0 0.0498046875 0.9127604166666666 0.099609375 0.026041666666666668
4 0.05029296875 0.9147135416666666 0.1005859375 0.13411458333333334
4 0.11279296875 0.8639322916666666 0.0166015625 0.01953125
0 0.14990234375 0.9127604166666666 0.1005859375 0.026041666666666668
4 0.13818359375 0.8639322916666666 0.0166015625 0.01953125
4 0.14990234375 0.9147135416666666 0.1005859375 0.13411458333333334
4 0.25 0.9147135416666666 0.1015625 0.13411458333333334
4 0.31298828125 0.8639322916666666 0.0166015625 0.01953125
0 0.35009765625 0.9127604166666666 0.1005859375 0.026041666666666668
4 0.35009765625 0.9147135416666666 0.1005859375 0.13411458333333334
4 0.41259765625 0.8639322916666666 0.0166015625 0.01953125
0 0.44970703125 0.9127604166666666 0.1005859375 0.026041666666666668
4 0.435546875 0.8639322916666666 0.01171875 0.01953125
4 0.44970703125 0.9147135416666666 0.1005859375 0.13411458333333334
4 0.71240234375 0.8639322916666666 0.0166015625 0.01953125
0 0.74951171875 0.9127604166666666 0.1005859375 0.026041666666666668
4 0.75 0.9147135416666666 0.1015625 0.13411458333333334
4 0.81298828125 0.8639322916666666 0.0166015625 0.01953125
0 0.85009765625 0.9127604166666666 0.1005859375 0.026041666666666668
4 0.85009765625 0.9147135416666666 0.1005859375 0.13411458333333334
4 0.94970703125 0.9147135416666666 0.1005859375 0.13411458333333334
4 0.05029296875 0.990234375 0.1005859375 0.01953125
4 0.11279296875 0.9934895833333334 0.0166015625 0.013020833333333334
4 0.14990234375 0.990234375 0.1005859375 0.01953125
4 0.25 0.990234375 0.1015625 0.01953125
4 0.35009765625 0.990234375 0.1005859375 0.01953125
4 0.44970703125 0.990234375 0.1005859375 0.01953125
4 0.71240234375 0.9934895833333334 0.0166015625 0.013020833333333334
4 0.75 0.990234375 0.1015625 0.01953125
4 0.81298828125 0.9934895833333334 0.0166015625 0.013020833333333334
4 0.85009765625 0.990234375 0.1005859375 0.01953125
4 0.94970703125 0.990234375 0.1005859375 0.01953125