4 0.107421875 0.031901041666666664 0.1953125 0.05859375
7 0.88330078125 0.01953125 0.2119140625 0.018229166666666668
7 0.86181640625 0.037760416666666664 0.2548828125 0.018229166666666668
2 0.0869140625 0.119140625 0.154296875 0.05859375
6 0.96484375 0.08658854166666667 0.033203125 0.01953125
1 0.74267578125 0.12239583333333333 0.1689453125 0.036458333333333336
6 0.7021484375 0.15299479166666666 0.025390625 0.01953125
7 0.71875 0.15299479166666666 0.009765625 0.01953125
6 0.76953125 0.15299479166666666 0.09375 0.01953125
1 0.8701171875 0.12239583333333333 0.111328125 0.036458333333333336
0 0.95654296875 0.12239583333333333 0.0634765625 0.036458333333333336
7 0.5 0.22395833333333334 0.98046875 0.0703125
7 0.09912109375 0.2923177083333333 0.1787109375 0.022135416666666668
1 0.3251953125 0.29296875 0.27734375 0.026041666666666668
1 0.49560546875 0.29296875 0.0576171875 0.028645833333333332
1 0.578125 0.29296875 0.1015625 0.028645833333333332
1 0.66455078125 0.29296875 0.0654296875 0.028645833333333332
7 0.10791015625 0.345703125 0.1572265625 0.02734375
7 0.4736328125 0.3873697916666667 0.888671875 0.022135416666666668
6 0.0849609375 0.4173177083333333 0.033203125 0.022135416666666668
6 0.134765625 0.4381510416666667 0.1328125 0.022135416666666668
7 0.0732421875 0.4967447916666667 0.087890625 0.022135416666666668
6 0.2587890625 0.4967447916666667 0.287109375 0.022135416666666668
7 0.0732421875 0.517578125 0.087890625 0.022135416666666668
6 0.24658203125 0.517578125 0.2626953125 0.022135416666666668
7 0.064453125 0.556640625 0.0703125 0.022135416666666668
7 0.47021484375 0.5670572916666666 0.8818359375 0.04296875
7 0.06005859375 0.638671875 0.1005859375 0.022135416666666668
6 0.15234375 0.638671875 0.0859375 0.022135416666666668
7 0.23876953125 0.638671875 0.0888671875 0.022135416666666668
6 0.326171875 0.638671875 0.08984375 0.022135416666666668
7 0.5078125 0.638671875 0.275390625 0.022135416666666668
2 0.5 0.689453125 0.98046875 0.03515625
6 0.08935546875 0.740234375 0.0810546875 0.022135416666666668
7 0.13232421875 0.740234375 0.0087890625 0.022135416666666668
7 0.16552734375 0.740234375 0.0576171875 0.022135416666666668
6 0.21044921875 0.740234375 0.0263671875 0.022135416666666668
7 0.22607421875 0.740234375 0.0087890625 0.022135416666666668
6 0.24951171875 0.740234375 0.0400390625 0.022135416666666668
7 0.27294921875 0.740234375 0.0087890625 0.022135416666666668
6 0.2978515625 0.740234375 0.04296875 0.022135416666666668
7 0.3212890625 0.740234375 0.005859375 0.022135416666666668
7 0.07861328125 0.7610677083333334 0.0595703125 0.022135416666666668
6 0.18505859375 0.7610677083333334 0.1552734375 0.022135416666666668
7 0.26513671875 0.7610677083333334 0.0087890625 0.022135416666666668
6 0.39794921875 0.7610677083333334 0.2587890625 0.022135416666666668
7 0.53076171875 0.7610677083333334 0.0087890625 0.022135416666666668
6 0.63818359375 0.7610677083333334 0.2080078125 0.022135416666666668
7 0.74560546875 0.7610677083333334 0.0087890625 0.022135416666666668
6 0.4814453125 0.771484375 0.865234375 0.04296875
7 0.12841796875 0.7819010416666666 0.0087890625 0.022135416666666668
6 0.27490234375 0.7819010416666666 0.2861328125 0.022135416666666668
7 0.42138671875 0.7819010416666666 0.0087890625 0.022135416666666668
6 0.5185546875 0.7819010416666666 0.1875 0.022135416666666668
6 0.10693359375 0.802734375 0.1162109375 0.022135416666666668
7 0.1689453125 0.802734375 0.009765625 0.022135416666666668
7 0.205078125 0.802734375 0.064453125 0.022135416666666668
6 0.25341796875 0.802734375 0.0263671875 0.022135416666666668
7 0.26904296875 0.802734375 0.0087890625 0.022135416666666668
6 0.29248046875 0.802734375 0.0400390625 0.022135416666666668
7 0.31591796875 0.802734375 0.0087890625 0.022135416666666668
6 0.3408203125 0.802734375 0.04296875 0.022135416666666668
7 0.3642578125 0.802734375 0.005859375 0.022135416666666668
7 0.0791015625 0.8235677083333334 0.060546875 0.022135416666666668
6 0.23876953125 0.8235677083333334 0.2626953125 0.022135416666666668
7 0.37353515625 0.8235677083333334 0.0087890625 0.022135416666666668
6 0.4326171875 0.8235677083333334 0.111328125 0.022135416666666668
7 0.49267578125 0.8235677083333334 0.0087890625 0.022135416666666668
6 0.60546875 0.8235677083333334 0.21875 0.022135416666666668
7 0.71728515625 0.8235677083333334 0.0087890625 0.022135416666666668
6 0.79833984375 0.8235677083333334 0.1552734375 0.022135416666666668
7 0.88037109375 0.8235677083333334 0.0087890625 0.022135416666666668
6 0.49560546875 0.833984375 0.8935546875 0.04296875
7 0.09326171875 0.8444010416666666 0.0087890625 0.022135416666666668
6 0.16943359375 0.8444010416666666 0.1455078125 0.022135416666666668
7 0.24560546875 0.8444010416666666 0.0087890625 0.022135416666666668
6 0.31494140625 0.8444010416666666 0.1318359375 0.022135416666666668
7 0.38525390625 0.8444010416666666 0.0087890625 0.022135416666666668
6 0.48095703125 0.8444010416666666 0.1845703125 0.022135416666666668
7 0.57666015625 0.8444010416666666 0.0087890625 0.022135416666666668
6 0.63623046875 0.8444010416666666 0.1123046875 0.022135416666666668
6 0.1865234375 0.865234375 0.275390625 0.022135416666666668
7 0.3271484375 0.865234375 0.009765625 0.022135416666666668
7 0.34912109375 0.865234375 0.0361328125 0.022135416666666668
6 0.3828125 0.865234375 0.025390625 0.022135416666666668
7 0.39990234375 0.865234375 0.0087890625 0.022135416666666668
6 0.42333984375 0.865234375 0.0400390625 0.022135416666666668
7 0.44677734375 0.865234375 0.0087890625 0.022135416666666668
6 0.4716796875 0.865234375 0.04296875 0.022135416666666668
7 0.4951171875 0.865234375 0.005859375 0.022135416666666668
6 0.15576171875 0.8860677083333334 0.2138671875 0.022135416666666668
7 0.2666015625 0.8860677083333334 0.009765625 0.022135416666666668
7 0.2939453125 0.8860677083333334 0.046875 0.022135416666666668
6 0.33203125 0.8860677083333334 0.025390625 0.022135416666666668
7 0.34912109375 0.8860677083333334 0.0087890625 0.022135416666666668
6 0.37255859375 0.8860677083333334 0.0400390625 0.022135416666666668
7 0.39599609375 0.8860677083333334 0.0087890625 0.022135416666666668
6 0.4208984375 0.8860677083333334 0.04296875 0.022135416666666668
7 0.4443359375 0.8860677083333334 0.005859375 0.022135416666666668
6 0.14111328125 0.9069010416666666 0.1845703125 0.022135416666666668
7 0.2373046875 0.9069010416666666 0.009765625 0.022135416666666668
7 0.263671875 0.9069010416666666 0.046875 0.022135416666666668
6 0.30419921875 0.9069010416666666 0.0263671875 0.022135416666666668
7 0.31982421875 0.9069010416666666 0.0087890625 0.022135416666666668
6 0.34326171875 0.9069010416666666 0.0400390625 0.022135416666666668
7 0.36669921875 0.9069010416666666 0.0087890625 0.022135416666666668
6 0.3916015625 0.9069010416666666 0.04296875 0.022135416666666668
7 0.4150390625 0.9069010416666666 0.005859375 0.022135416666666668
6 0.17138671875 0.927734375 0.2451171875 0.022135416666666668
7 0.29638671875 0.927734375 0.0087890625 0.022135416666666668
7 0.32470703125 0.927734375 0.0478515625 0.022135416666666668
6 0.36474609375 0.927734375 0.0263671875 0.022135416666666668
7 0.38134765625 0.927734375 0.0087890625 0.022135416666666668
6 0.40478515625 0.927734375 0.0400390625 0.022135416666666668
7 0.42822265625 0.927734375 0.0087890625 0.022135416666666668
6 0.453125 0.927734375 0.04296875 0.022135416666666668
7 0.4765625 0.927734375 0.005859375 0.022135416666666668
6 0.14208984375 0.9485677083333334 0.1865234375 0.022135416666666668
7 0.2392578125 0.9485677083333334 0.009765625 0.022135416666666668
7 0.26416015625 0.9485677083333334 0.0439453125 0.022135416666666668
6 0.30224609375 0.9485677083333334 0.0263671875 0.022135416666666668
7 0.31884765625 0.9485677083333334 0.0087890625 0.022135416666666668
6 0.34228515625 0.9485677083333334 0.0400390625 0.022135416666666668
7 0.36572265625 0.9485677083333334 0.0087890625 0.022135416666666668
6 0.390625 0.9485677083333334 0.04296875 0.022135416666666668
7 0.4140625 0.9485677083333334 0.005859375 0.022135416666666668
6 0.1171875 0.9694010416666666 0.13671875 0.022135416666666668
7 0.189453125 0.9694010416666666 0.009765625 0.022135416666666668
7 0.2216796875 0.9694010416666666 0.056640625 0.022135416666666668
6 0.2646484375 0.9694010416666666 0.025390625 0.022135416666666668
7 0.28173828125 0.9694010416666666 0.0087890625 0.022135416666666668
6 0.30517578125 0.9694010416666666 0.0400390625 0.022135416666666668
7 0.32861328125 0.9694010416666666 0.0087890625 0.022135416666666668
6 0.35400390625 0.9694010416666666 0.0439453125 0.022135416666666668
7 0.37646484375 0.9694010416666666 0.0048828125 0.022135416666666668
6 0.10986328125 0.9895833333333334 0.1220703125 0.020833333333333332
7 0.1748046875 0.9895833333333334 0.009765625 0.020833333333333332
7 0.1904296875 0.9895833333333334 0.025390625 0.020833333333333332
6 0.22021484375 0.9895833333333334 0.0263671875 0.020833333333333332
7 0.23681640625 0.9895833333333334 0.0087890625 0.020833333333333332
6 0.26025390625 0.9895833333333334 0.0400390625 0.020833333333333332
7 0.28369140625 0.9895833333333334 0.0087890625 0.020833333333333332
6 0.30859375 0.9895833333333334 0.04296875 0.020833333333333332
7 0.33203125 0.9895833333333334 0.005859375 0.020833333333333332
7 0.07861328125 1 0.0595703125 0
6 0.234375 1 0.25390625 0
7 0.36474609375 1 0.0087890625 0
6 0.48291015625 1 0.2294921875 0
7 0.60009765625 1 0.0087890625 0
6 0.66064453125 1 0.1142578125 0
7 0.72119140625 1 0.0087890625 0
6 0.8525390625 1 0.255859375 0
7 0.98193359375 1 0.0048828125 0