4 0.5 0.23177083333333334 0.1171875 0.049479166666666664
7 0.46923828125 0.3209635416666667 0.0634765625 0.02734375
7 0.53125 0.3216145833333333 0.0625 0.028645833333333332
7 0.5 0.3489583333333333 0.16796875 0.028645833333333332
0 0.5 0.423828125 0.29296875 0.045572916666666664
0 0.5 0.482421875 0.29296875 0.048177083333333336
4 0.43310546875 0.6634114583333334 0.1318359375 0.05859375
4 0.56689453125 0.6634114583333334 0.1318359375 0.05859375
0 0.10986328125 0.8001302083333334 0.0341796875 0.045572916666666664
0 0.15576171875 0.8001302083333334 0.0341796875 0.045572916666666664
0 0.20166015625 0.8001302083333334 0.0341796875 0.045572916666666664
0 0.24755859375 0.8001302083333334 0.0341796875 0.045572916666666664
0 0.29345703125 0.8001302083333334 0.0341796875 0.045572916666666664
0 0.33935546875 0.8001302083333334 0.0341796875 0.045572916666666664
0 0.38525390625 0.8001302083333334 0.0341796875 0.045572916666666664
0 0.43115234375 0.8001302083333334 0.0341796875 0.045572916666666664
0 0.47705078125 0.8001302083333334 0.0341796875 0.045572916666666664
0 0.52294921875 0.8001302083333334 0.0341796875 0.045572916666666664
0 0.56884765625 0.8001302083333334 0.0341796875 0.045572916666666664
0 0.61474609375 0.8001302083333334 0.0341796875 0.045572916666666664
0 0.66064453125 0.8001302083333334 0.0341796875 0.045572916666666664
0 0.70654296875 0.8001302083333334 0.0341796875 0.045572916666666664
0 0.75244140625 0.8001302083333334 0.0341796875 0.045572916666666664
0 0.79833984375 0.8001302083333334 0.0341796875 0.045572916666666664
0 0.84423828125 0.8001302083333334 0.0341796875 0.045572916666666664
0 0.89013671875 0.8001302083333334 0.0341796875 0.045572916666666664
0 0.4814453125 0.8509114583333334 0.03515625 0.045572916666666664
0 0.52734375 0.8509114583333334 0.03515625 0.045572916666666664
0 0.15673828125 0.8684895833333334 0.0712890625 0.026041666666666668
0 0.23583984375 0.8684895833333334 0.0712890625 0.026041666666666668
0 0.29248046875 0.8684895833333334 0.0263671875 0.026041666666666668
0 0.37451171875 0.8684895833333334 0.1220703125 0.026041666666666668
0 0.47802734375 0.8684895833333334 0.0693359375 0.026041666666666668
0 0.556640625 0.8684895833333334 0.072265625 0.026041666666666668
0 0.69677734375 0.8684895833333334 0.1923828125 0.026041666666666668
0 0.83984375 0.8684895833333334 0.078125 0.026041666666666668
0 0.5 0.9036458333333334 0.060546875 0.026041666666666668
7 0.87158203125 0.966796875 0.0771484375 0.06640625
7 0.11865234375 0.966796875 0.0576171875 0.01953125
0 0.1669921875 0.966796875 0.0390625 0.06640625