7 0.83154296875 0.038411458333333336 0.1943359375 0.01953125
6 0.97607421875 0.038411458333333336 0.0400390625 0.01953125
4 0.087890625 0.09375 0.13671875 0.0703125
0 0.087890625 0.09375 0.13671875 0.0703125
7 0.208984375 0.10286458333333333 0.046875 0.020833333333333332
1 0.88232421875 0.10286458333333333 0.2275390625 0.052083333333333336
4 0.5078125 0.09765625 0.29296875 0.1953125
4 0.5 0.09765625 1 0.1953125
2 0.50830078125 0.024088541666666668 0.6728515625 0.048177083333333336
2 0.50732421875 0.08528645833333333 0.3349609375 0.08203125
7 0.5078125 0.18294270833333334 0.28125 0.053385416666666664
0 0.5078125 0.18294270833333334 0.3125 0.053385416666666664
7 0.45849609375 0.22981770833333334 0.0908203125 0.01953125
4 0.5283203125 0.23372395833333334 0.052734375 0.022135416666666668
7 0.578125 0.22981770833333334 0.048828125 0.01953125
7 0.50830078125 0.2779947916666667 0.2685546875 0.01953125
4 0.5 0.3248697916666667 1 0.2591145833333333
2 0.7578125 0.259765625 0.4765625 0.045572916666666664
7 0.7294921875 0.298828125 0.419921875 0.029947916666666668
7 0.73291015625 0.3326822916666667 0.4267578125 0.029947916666666668
7 0.5888671875 0.3665364583333333 0.138671875 0.029947916666666668
4 0.5 0.6953125 1 0.4817708333333333
2 0.2578125 0.5130208333333334 0.4765625 0.044270833333333336
7 0.2021484375 0.5520833333333334 0.365234375 0.028645833333333332
2 0.2783203125 0.62890625 0.435546875 0.06770833333333333
2 0.2783203125 0.7057291666666666 0.435546875 0.033854166666666664
2 0.2783203125 0.765625 0.435546875 0.033854166666666664
7 0.2158203125 0.8346354166666666 0.279296875 0.052083333333333336
0 0.2158203125 0.8346354166666666 0.310546875 0.052083333333333336
7 0.2158203125 0.8815104166666666 0.25390625 0.018229166666666668