4 0.09375 0.030598958333333332 0.158203125 0.029947916666666668
0 0.09375 0.030598958333333332 0.158203125 0.029947916666666668
7 0.6123046875 0.030598958333333332 0.0703125 0.01953125
0 0.6240234375 0.033854166666666664 0.1171875 0.059895833333333336
4 0.662109375 0.03125 0.017578125 0.0234375
7 0.71630859375 0.030598958333333332 0.0361328125 0.01953125
0 0.72802734375 0.03125 0.0830078125 0.059895833333333336
4 0.7490234375 0.03125 0.017578125 0.0234375
0 0.8203125 0.029947916666666668 0.09375 0.059895833333333336
0 0.900390625 0.029947916666666668 0.05859375 0.059895833333333336
0 0.96533203125 0.029947916666666668 0.0634765625 0.059895833333333336
0 0.04833984375 0.08723958333333333 0.0673828125 0.0546875
0 0.115234375 0.08723958333333333 0.06640625 0.0546875
0 0.1875 0.08723958333333333 0.078125 0.0546875
0 0.27880859375 0.08723958333333333 0.1044921875 0.0546875
0 0.35693359375 0.08723958333333333 0.0517578125 0.0546875
7 0.41162109375 0.08658854166666667 0.0458984375 0.024739583333333332
0 0.41162109375 0.08723958333333333 0.0576171875 0.0546875
0 0.48291015625 0.08723958333333333 0.0849609375 0.0546875
0 0.56298828125 0.08723958333333333 0.0751953125 0.0546875
0 0.63720703125 0.08723958333333333 0.0732421875 0.0546875
7 0.69287109375 0.08658854166666667 0.0263671875 0.024739583333333332
0 0.69287109375 0.08723958333333333 0.0380859375 0.0546875
0 0.74072265625 0.08723958333333333 0.0576171875 0.0546875
0 0.9404296875 0.08138020833333333 0.11328125 0.04296875
0 0.5 0.146484375 0.55078125 0.02734375
2 0.33349609375 0.4329427083333333 0.6376953125 0.23046875
0 0.076171875 0.6334635416666666 0.123046875 0.07682291666666667
7 0.25 0.7591145833333334 0.470703125 0.08072916666666667
7 0.25830078125 0.861328125 0.4541015625 0.029947916666666668
7 0.25830078125 0.9029947916666666 0.4541015625 0.029947916666666668
7 0.05078125 0.9446614583333334 0.0390625 0.032552083333333336
7 0.20654296875 0.9446614583333334 0.2724609375 0.032552083333333336