7 0.3271484375 0.017578125 0.369140625 0.016927083333333332
0 0.3271484375 0.017578125 0.369140625 0.016927083333333332
6 0.5654296875 0.017578125 0.064453125 0.016927083333333332
0 0.5654296875 0.017578125 0.064453125 0.016927083333333332
7 0.65185546875 0.017578125 0.0654296875 0.016927083333333332
0 0.65185546875 0.017578125 0.0654296875 0.016927083333333332
6 0.7333984375 0.017578125 0.052734375 0.016927083333333332
0 0.7333984375 0.017578125 0.052734375 0.016927083333333332
7 0.8076171875 0.017578125 0.052734375 0.016927083333333332
0 0.8076171875 0.017578125 0.052734375 0.016927083333333332
7 0.896484375 0.017578125 0.08203125 0.016927083333333332
0 0.896484375 0.017578125 0.08203125 0.016927083333333332
7 0.97265625 0.017578125 0.025390625 0.016927083333333332
0 0.97265625 0.017578125 0.025390625 0.016927083333333332
4 0.10595703125 0.07356770833333333 0.1845703125 0.05078125
0 0.10595703125 0.07486979166666667 0.1845703125 0.053385416666666664
7 0.25048828125 0.07552083333333333 0.0185546875 0.015625
0 0.25634765625 0.076171875 0.0595703125 0.040364583333333336
1 0.53564453125 0.076171875 0.4619140625 0.040364583333333336
4 0.78955078125 0.08203125 0.0263671875 0.028645833333333332
0 0.865234375 0.06640625 0.064453125 0.018229166666666668
0 0.87255859375 0.09309895833333333 0.0791015625 0.029947916666666668
7 0.974609375 0.06575520833333333 0.01953125 0.02734375
0 0.96484375 0.07682291666666667 0.02734375 0.0390625
0 0.01904296875 0.13671875 0.0087890625 0.0234375
0 0.125 0.13802083333333334 0.181640625 0.018229166666666668
0 0.310546875 0.13802083333333334 0.13671875 0.018229166666666668
0 0.4892578125 0.13802083333333334 0.16796875 0.018229166666666668
0 0.697265625 0.13802083333333334 0.197265625 0.018229166666666668
0 0.90185546875 0.13802083333333334 0.1591796875 0.018229166666666668
0 0.98095703125 0.13671875 0.0087890625 0.0234375
0 0.98095703125 0.18229166666666666 0.0087890625 0.0234375
0 0.03125 0.20572916666666666 0.033203125 0.044270833333333336
0 0.095703125 0.20572916666666666 0.0390625 0.044270833333333336
0 0.1611328125 0.20572916666666666 0.037109375 0.044270833333333336
0 0.23486328125 0.20572916666666666 0.0537109375 0.044270833333333336
0 0.31787109375 0.20572916666666666 0.0576171875 0.044270833333333336
0 0.39013671875 0.20572916666666666 0.0302734375 0.044270833333333336
0 0.4443359375 0.20572916666666666 0.0234375 0.044270833333333336
0 0.49658203125 0.20572916666666666 0.0244140625 0.044270833333333336
0 0.59130859375 0.20572916666666666 0.1103515625 0.044270833333333336
0 0.72705078125 0.20572916666666666 0.1044921875 0.044270833333333336
0 0.84033203125 0.20572916666666666 0.0673828125 0.044270833333333336
0 0.91845703125 0.20572916666666666 0.0322265625 0.044270833333333336
0 0.97314453125 0.20572916666666666 0.0224609375 0.044270833333333336
7 0.310546875 0.265625 0.619140625 0.07291666666666667
0 0.5 0.265625 1 0.07552083333333333
7 0.7099609375 0.24153645833333334 0.10546875 0.01171875
7 0.66162109375 0.259765625 0.0283203125 0.02734375
7 0.66162109375 0.2779947916666667 0.0283203125 0.01171875
6 0.67919921875 0.2610677083333333 0.0087890625 0.029947916666666668
7 0.69384765625 0.259765625 0.0224609375 0.02734375
7 0.69384765625 0.2779947916666667 0.0224609375 0.01171875
6 0.70849609375 0.2610677083333333 0.0087890625 0.029947916666666668
7 0.7255859375 0.259765625 0.02734375 0.02734375
7 0.7255859375 0.2779947916666667 0.02734375 0.01171875
6 0.74267578125 0.2610677083333333 0.0087890625 0.029947916666666668
7 0.7587890625 0.259765625 0.025390625 0.02734375
7 0.7587890625 0.2779947916666667 0.025390625 0.01171875
0 0.10693359375 0.796875 0.0146484375 0.06510416666666667
7 0.20458984375 0.43359375 0.2216796875 0.020833333333333332
0 0.5 0.5930989583333334 1 0.57421875
6 0.3515625 0.43359375 0.072265625 0.020833333333333332
7 0.26953125 0.5579427083333334 0.3515625 0.18880208333333334
7 0.12109375 0.6875 0.0546875 0.018229166666666668
6 0.197265625 0.6875 0.09765625 0.018229166666666668
0 0.17333984375 0.796875 0.0146484375 0.06510416666666667
2 0.5 0.91796875 0.990234375 0.026041666666666668
7 0.5 0.9427083333333334 1 0.026041666666666668
7 0.310546875 0.92578125 0.55859375 0.046875
0 0.07666015625 0.9674479166666666 0.0908203125 0.0234375
0 0.685546875 0.94140625 0.154296875 0.057291666666666664
0 0.85888671875 0.94140625 0.1552734375 0.059895833333333336
4 0.9765625 0.9388020833333334 0.013671875 0.0234375