4 0.11572265625 0.04296875 0.1845703125 0.03125
0 0.1220703125 0.032552083333333336 0.197265625 0.052083333333333336
0 0.38330078125 0.0390625 0.0400390625 0.036458333333333336
0 0.47802734375 0.041666666666666664 0.1435546875 0.020833333333333332
0 0.5908203125 0.041666666666666664 0.083984375 0.020833333333333332
0 0.6845703125 0.041666666666666664 0.10546875 0.020833333333333332
0 0.78857421875 0.041666666666666664 0.0966796875 0.015625
6 0.8828125 0.041666666666666664 0.060546875 0.020833333333333332
7 0.087890625 0.11002604166666667 0.12890625 0.024739583333333332
6 0.203125 0.11002604166666667 0.095703125 0.024739583333333332
7 0.25341796875 0.11002604166666667 0.0048828125 0.024739583333333332
6 0.32568359375 0.11002604166666667 0.1396484375 0.024739583333333332
4 0.5 0.4908854166666667 1 0.703125
0 0.5 0.439453125 1 0.6002604166666666
7 0.087890625 0.4361979166666667 0.12890625 0.026041666666666668
6 0.12646484375 0.4694010416666667 0.2060546875 0.022135416666666668
2 0.17333984375 0.5377604166666666 0.2998046875 0.0703125
7 0.3095703125 0.6061197916666666 0.572265625 0.07421875
6 0.09521484375 0.6953125 0.1083984375 0.020833333333333332
7 0.16259765625 0.6953125 0.0068359375 0.020833333333333332
6 0.26513671875 0.6953125 0.1806640625 0.020833333333333332
6 0.876953125 0.7005208333333334 0.130859375 0.0625
4 0.11962890625 0.8795572916666666 0.2158203125 0.24088541666666666
0 0.11962890625 0.8795572916666666 0.2158203125 0.24088541666666666
2 0.11962890625 0.9407552083333334 0.1689453125 0.11848958333333333
4 0.3466796875 0.8795572916666666 0.216796875 0.24088541666666666
0 0.3466796875 0.8795572916666666 0.216796875 0.24088541666666666
2 0.3466796875 0.9407552083333334 0.169921875 0.11848958333333333
4 0.57421875 0.8795572916666666 0.216796875 0.24088541666666666
0 0.57421875 0.8795572916666666 0.216796875 0.24088541666666666
2 0.57421875 0.9407552083333334 0.169921875 0.11848958333333333
7 0.83837890625 0.771484375 0.3017578125 0.024739583333333332