7 0.10107421875 0.033854166666666664 0.0771484375 0.03125
6 0.50927734375 0.033854166666666664 0.7392578125 0.03125
7 0.48486328125 0.0625 0.8876953125 0.08854166666666667
6 0.57958984375 0.09114583333333333 0.2119140625 0.03125
0 0.01416015625 0.13151041666666666 0.0283203125 0.015625
0 0.07421875 0.154296875 0.06640625 0.05859375
0 0.1630859375 0.154296875 0.111328125 0.05859375
0 0.25537109375 0.154296875 0.0732421875 0.05859375
0 0.32666015625 0.154296875 0.0693359375 0.05859375
0 0.38818359375 0.154296875 0.0537109375 0.05859375
0 0.53759765625 0.15234375 0.0244140625 0.0546875
0 0.58935546875 0.15234375 0.0517578125 0.0546875
0 0.6630859375 0.15234375 0.068359375 0.0546875
0 0.7265625 0.15234375 0.03125 0.0546875
1 0.86865234375 0.15234375 0.1962890625 0.041666666666666664
2 0.1240234375 0.2552083333333333 0.1953125 0.10416666666666667
0 0.1240234375 0.2552083333333333 0.1953125 0.10416666666666667
7 0.322265625 0.267578125 0.05078125 0.03515625
0 0.3271484375 0.267578125 0.060546875 0.03515625
7 0.45458984375 0.267578125 0.0966796875 0.03515625
0 0.45947265625 0.267578125 0.1064453125 0.03515625
7 0.6064453125 0.267578125 0.08984375 0.03515625
0 0.611328125 0.267578125 0.099609375 0.03515625
7 0.74853515625 0.267578125 0.0771484375 0.03515625
0 0.75341796875 0.267578125 0.0869140625 0.03515625
7 0.8974609375 0.267578125 0.103515625 0.03515625
0 0.90234375 0.267578125 0.11328125 0.03515625
2 0.28173828125 0.611328125 0.4541015625 0.07942708333333333
6 0.24560546875 0.6822916666666666 0.3818359375 0.052083333333333336
7 0.12939453125 0.962890625 0.2587890625 0.01953125