4 0.11083984375 0.032552083333333336 0.1689453125 0.036458333333333336
0 0.0888671875 0.032552083333333336 0.177734375 0.06510416666666667
7 0 0 0 0
0 0.79345703125 0.032552083333333336 0.1044921875 0.041666666666666664
6 0.90087890625 0.032552083333333336 0.0419921875 0.028645833333333332
4 0.97119140625 0.032552083333333336 0.0576171875 0.06510416666666667
0 0.22265625 0.032552083333333336 0.08984375 0.06510416666666667
0 0.30810546875 0.032552083333333336 0.0712890625 0.06510416666666667
0 0.3857421875 0.032552083333333336 0.07421875 0.06510416666666667
0 0.47265625 0.032552083333333336 0.08984375 0.06510416666666667
0 0.55224609375 0.032552083333333336 0.0595703125 0.06510416666666667
0 0.65185546875 0.032552083333333336 0.1298828125 0.06510416666666667
0 0.212890625 0.08658854166666667 0.0703125 0.04296875
0 0.29345703125 0.08658854166666667 0.0830078125 0.04296875
0 0.3759765625 0.08658854166666667 0.07421875 0.04296875
0 0.47314453125 0.08658854166666667 0.1123046875 0.04296875
0 0.57470703125 0.08658854166666667 0.0830078125 0.04296875
0 0.66455078125 0.08658854166666667 0.0888671875 0.04296875
0 0.76220703125 0.08658854166666667 0.0986328125 0.04296875
3 0.5 0.3177083333333333 0.947265625 0.3255208333333333
2 0.5 0.5983072916666666 0.94140625 0.08463541666666667
4 0.15283203125 0.7571614583333334 0.2138671875 0.18880208333333334
2 0.15283203125 0.927734375 0.1826171875 0.10546875
0 0.1533203125 0.8444010416666666 0.21484375 0.03515625
4 0.38427734375 0.7571614583333334 0.2138671875 0.18880208333333334
2 0.38427734375 0.927734375 0.1826171875 0.10546875
0 0.38427734375 0.8444010416666666 0.2138671875 0.03515625
4 0.61572265625 0.7428385416666666 0.2138671875 0.16015625
2 0.61572265625 0.8990885416666666 0.1826171875 0.10546875
0 0.61572265625 0.8157552083333334 0.2138671875 0.03515625
4 0.84716796875 0.7428385416666666 0.2138671875 0.16015625
2 0.84716796875 0.9095052083333334 0.1826171875 0.12630208333333334
0 0.84716796875 0.8157552083333334 0.2138671875 0.03515625