0 0.81982421875 0.018880208333333332 0.0244140625 0.016927083333333332
7 0.83935546875 0.018229166666666668 0.0166015625 0.015625
0 0.86572265625 0.018880208333333332 0.0380859375 0.016927083333333332
7 0.9365234375 0.018229166666666668 0.107421875 0.015625
4 0.16796875 0.16927083333333334 0.15625 0.20833333333333334
7 0.16845703125 0.3125 0.1455078125 0.020833333333333332
2 0.16796875 0.3658854166666667 0.1953125 0.028645833333333332
3 0.16796875 0.5494791666666666 0.1953125 0.2604166666666667
2 0.5927734375 0.09244791666666667 0.634765625 0.033854166666666664
7 0.37646484375 0.13541666666666666 0.2021484375 0.020833333333333332
7 0.4453125 0.16145833333333334 0.33984375 0.020833333333333332
7 0.35400390625 0.21354166666666666 0.1572265625 0.020833333333333332
7 0.541015625 0.21354166666666666 0.21875 0.020833333333333332
7 0.31298828125 0.24348958333333334 0.0751953125 0.020833333333333332
1 0.45947265625 0.24348958333333334 0.2177734375 0.033854166666666664
7 0.29296875 0.2864583333333333 0.015625 0.020833333333333332
2 0.6083984375 0.3424479166666667 0.595703125 0.0859375
2 0.58984375 0.4283854166666667 0.55859375 0.0859375
7 0.291015625 0.5130208333333334 0.01171875 0.020833333333333332
7 0.36181640625 0.5403645833333334 0.1025390625 0.015625
6 0.43115234375 0.5403645833333334 0.0380859375 0.015625
7 0.291015625 0.5989583333333334 0.01171875 0.020833333333333332
7 0.32861328125 0.6328125 0.0361328125 0.020833333333333332
0 0.546875 0.6334635416666666 0.39453125 0.022135416666666668
7 0.845703125 0.7044270833333334 0.08984375 0.015625
6 0.90771484375 0.7044270833333334 0.0380859375 0.015625
7 0.50048828125 0.7962239583333334 0.4365234375 0.014322916666666666
0 0.2333984375 0.8333333333333334 0.0859375 0.0234375
7 0.28271484375 0.8326822916666666 0.0048828125 0.022135416666666668
0 0.349609375 0.8333333333333334 0.123046875 0.0234375
7 0.41650390625 0.8326822916666666 0.0048828125 0.022135416666666668
0 0.451171875 0.8333333333333334 0.056640625 0.0234375
7 0.48486328125 0.8326822916666666 0.0048828125 0.022135416666666668
0 0.55224609375 0.8333333333333334 0.1240234375 0.0234375
7 0.61962890625 0.8326822916666666 0.0048828125 0.022135416666666668
0 0.64013671875 0.8333333333333334 0.0302734375 0.0234375
7 0.66162109375 0.8326822916666666 0.0048828125 0.022135416666666668
0 0.70849609375 0.8333333333333334 0.0830078125 0.0234375
7 0.75537109375 0.8326822916666666 0.0048828125 0.022135416666666668
0 0.78466796875 0.8333333333333334 0.0478515625 0.0234375
7 0.5 0.8619791666666666 0.865234375 0.013020833333333334