4 0.111328125 0.045572916666666664 0.19140625 0.046875
0 0.111328125 0.045572916666666664 0.19140625 0.078125
0 0.22607421875 0.045572916666666664 0.0205078125 0.078125
0 0.93017578125 0.050130208333333336 0.1083984375 0.040364583333333336
7 0.4560546875 0.126953125 0.728515625 0.02734375
6 0.8623046875 0.126953125 0.0859375 0.02734375
7 0.90625 0.126953125 0.00390625 0.02734375
2 0.5 0.23958333333333334 0.63671875 0.06770833333333333
7 0.5 0.3307291666666667 0.63671875 0.07291666666666667
0 0.5 0.4244791666666667 0.1796875 0.052083333333333336
7 0.40869140625 0.4973958333333333 0.1767578125 0.03125
7 0.58056640625 0.4967447916666667 0.1669921875 0.02734375
0 0.58837890625 0.4973958333333333 0.1826171875 0.020833333333333332
4 0.673828125 0.5 0.01171875 0.010416666666666666
4 0.5 0.6868489583333334 0.63671875 0.28515625
4 0.5 0.9231770833333334 1 0.06510416666666667
4 0.16650390625 0.998046875 0.1298828125 0.00390625
4 0.5 0.998046875 0.203125 0.00390625
4 0.83349609375 0.998046875 0.1552734375 0.00390625