4 0.083984375 0.048177083333333336 0.13671875 0.03125
0 0.083984375 0.048177083333333336 0.13671875 0.03125
0 0.70166015625 0.048177083333333336 0.0869140625 0.0546875
0 0.70166015625 0.048177083333333336 0.0869140625 0.0546875
0 0.7978515625 0.048177083333333336 0.076171875 0.0546875
0 0.7978515625 0.048177083333333336 0.076171875 0.0546875
4 0.87060546875 0.048177083333333336 0.0205078125 0.026041666666666668
7 0.90869140625 0.048177083333333336 0.0419921875 0.028645833333333332
2 0.50732421875 0.17122395833333334 0.8994140625 0.024739583333333332
7 0.48486328125 0.22135416666666666 0.8544921875 0.046875
6 0.54443359375 0.23307291666666666 0.0927734375 0.0234375
7 0.591796875 0.23307291666666666 0.00390625 0.0234375
7 0.50732421875 0.2727864583333333 0.8994140625 0.024739583333333332
7 0.4990234375 0.3229166666666667 0.8828125 0.046875
6 0.19189453125 0.3346354166666667 0.0888671875 0.0234375
7 0.2373046875 0.3346354166666667 0.00390625 0.0234375
2 0.49951171875 0.5071614583333334 0.3994140625 0.09505208333333333
2 0.5 0.59375 0.580078125 0.0390625
2 0.49951171875 0.6451822916666666 0.3662109375 0.024739583333333332
0 0.5 0.7096354166666666 0.310546875 0.049479166666666664
0 0.5 0.7024739583333334 0.310546875 0.09244791666666667
7 0.5 0.7740885416666666 0.177734375 0.024739583333333332
7 0.5 0.826171875 0.29296875 0.024739583333333332
0 0.5 0.8606770833333334 0.1640625 0.018229166666666668
2 0.5 0.9869791666666666 0.90234375 0.026041666666666668
3 0.9658203125 0.9427083333333334 0.068359375 0.078125