7 0.20068359375 0.028645833333333332 0.3505859375 0.020833333333333332
0 0.38525390625 0.029296875 0.0205078125 0.022135416666666668
7 0.578125 0.028645833333333332 0.365234375 0.020833333333333332
0 0.8232421875 0.029296875 0.126953125 0.022135416666666668
7 0.88916015625 0.028645833333333332 0.0048828125 0.020833333333333332
4 0.5 0.3880208333333333 1 0.6510416666666666
4 0.048828125 0.12760416666666666 0.05078125 0.13020833333333334
1 0.84375 0.08984375 0.234375 0.03125
0 0.94921875 0.08984375 0.021484375 0.028645833333333332
1 0.73291015625 0.119140625 0.0126953125 0.016927083333333332
5 0.78173828125 0.12239583333333333 0.0634765625 0.018229166666666668
1 0.830078125 0.119140625 0.013671875 0.016927083333333332
5 0.88818359375 0.12239583333333333 0.0830078125 0.018229166666666668
2 0.17578125 0.16796875 0.166015625 0.0234375
0 0.17822265625 0.16927083333333334 0.2080078125 0.046875
2 0.357421875 0.16796875 0.115234375 0.0234375
0 0.35986328125 0.16927083333333334 0.1572265625 0.046875
2 0.49072265625 0.16796875 0.0693359375 0.0234375
0 0.4931640625 0.16927083333333334 0.111328125 0.046875
2 0.5810546875 0.16796875 0.029296875 0.0234375
0 0.58349609375 0.16927083333333334 0.0712890625 0.046875
2 0.6953125 0.16796875 0.1171875 0.0234375
0 0.69775390625 0.16927083333333334 0.1591796875 0.046875
2 0.8125 0.16796875 0.03515625 0.0234375
0 0.81494140625 0.16927083333333334 0.0771484375 0.046875
2 0.88525390625 0.16796875 0.0283203125 0.0234375
0 0.8876953125 0.16927083333333334 0.0703125 0.046875
2 0.2607421875 0.3352864583333333 0.443359375 0.08463541666666667
7 0.244140625 0.4147135416666667 0.41015625 0.032552083333333336
7 0.19091796875 0.5625 0.2705078125 0.0625
0 0.19091796875 0.5625 0.3037109375 0.06510416666666667
7 0.146484375 0.6412760416666666 0.1953125 0.022135416666666668
0 0.146484375 0.6419270833333334 0.1953125 0.0234375
2 0.265625 0.7740885416666666 0.453125 0.048177083333333336
4 0.1025390625 0.91796875 0.126953125 0.1640625
0 0.1025390625 0.91796875 0.126953125 0.1640625
2 0.2275390625 0.8697916666666666 0.091796875 0.0234375
7 0.3291015625 0.93359375 0.294921875 0.08333333333333333
2 0.734375 0.7740885416666666 0.453125 0.048177083333333336
4 0.509765625 0.8391927083333334 0.00390625 0.006510416666666667
0 0.509765625 0.8391927083333334 0.00390625 0.006510416666666667
2 0.59326171875 0.8697916666666666 0.1396484375 0.0234375
4 0.509765625 0.9837239583333334 0.00390625 0.006510416666666667
0 0.509765625 0.9837239583333334 0.00390625 0.006510416666666667