4 0.0615234375 0.3033854166666667 0.123046875 0.5859375
6 0.0068359375 0.658203125 0.013671875 0.022135416666666668
4 0.537109375 0.3033854166666667 0.78125 0.5859375
6 0.23291015625 0.625 0.1376953125 0.018229166666666668
6 0.4677734375 0.658203125 0.607421875 0.022135416666666668
4 0.9755859375 0.3033854166666667 0.048828125 0.5859375
6 0.984375 0.625 0.03125 0.018229166666666668
6 0.984375 0.658203125 0.03125 0.022135416666666668
4 0.947265625 0.3033854166666667 0.0390625 0.0625
4 0.126953125 0.3033854166666667 0.0390625 0.0625
2 0.13134765625 0.7578125 0.1845703125 0.041666666666666664
0 0.1318359375 0.759765625 0.185546875 0.045572916666666664
0 0.3271484375 0.763671875 0.068359375 0.032552083333333336
0 0.42578125 0.763671875 0.068359375 0.032552083333333336
0 0.517578125 0.763671875 0.0546875 0.032552083333333336
0 0.623046875 0.763671875 0.095703125 0.032552083333333336
0 0.7490234375 0.763671875 0.095703125 0.032552083333333336
0 0.876953125 0.7552083333333334 0.1015625 0.041666666666666664
0 0.966796875 0.7552083333333334 0.06640625 0.041666666666666664
2 0.126953125 0.90625 0.17578125 0.03125
7 0.86572265625 0.9114583333333334 0.2685546875 0.018229166666666668
7 0.1171875 0.9765625 0.15625 0.046875
7 0.30078125 0.9765625 0.15625 0.046875
7 0.38330078125 0.8776041666666666 0.6474609375 0.020833333333333332
7 0.40625 0.9049479166666666 0.693359375 0.020833333333333332
7 0.4208984375 0.9322916666666666 0.72265625 0.020833333333333332
7 0.0810546875 0.9596354166666666 0.04296875 0.020833333333333332
6 0.16845703125 0.9596354166666666 0.1318359375 0.020833333333333332
7 0.2978515625 0.9596354166666666 0.130859375 0.020833333333333332
0 0.880859375 0.9192708333333334 0.119140625 0.033854166666666664