0 0.03515625 0.030598958333333332 0.0703125 0.05859375
0 0.099609375 0.030598958333333332 0.05859375 0.05859375
0 0.158203125 0.030598958333333332 0.05859375 0.05859375
0 0.216796875 0.030598958333333332 0.05859375 0.05859375
0 0.275390625 0.030598958333333332 0.05859375 0.05859375
0 0.333984375 0.030598958333333332 0.05859375 0.05859375
0 0.392578125 0.030598958333333332 0.05859375 0.05859375
0 0.451171875 0.030598958333333332 0.05859375 0.05859375
0 0.509765625 0.030598958333333332 0.05859375 0.05859375
7 0.5693359375 0.030598958333333332 0.02734375 0.01953125
0 0.578125 0.030598958333333332 0.078125 0.05859375
4 0.5966796875 0.031901041666666664 0.0078125 0.006510416666666667
4 0.9521484375 0.032552083333333336 0.03515625 0.046875
0 0.96484375 0.03125 0.0703125 0.059895833333333336
7 0.98291015625 0.03125 0.0341796875 0.059895833333333336
4 0.48828125 0.14583333333333334 0.9765625 0.1171875
0 0.48828125 0.14583333333333334 0.9765625 0.1171875
4 0.962890625 0.19466145833333334 0.025390625 0.016927083333333332
0 0.998046875 0.14583333333333334 0.00390625 0.1171875
4 0.07666015625 0.26953125 0.1435546875 0.049479166666666664
0 0.2548828125 0.26953125 0.068359375 0.078125
0 0.3232421875 0.26953125 0.068359375 0.078125
0 0.3916015625 0.26953125 0.068359375 0.078125
0 0.4599609375 0.26953125 0.068359375 0.078125
0 0.5283203125 0.26953125 0.068359375 0.078125
0 0.5966796875 0.26953125 0.068359375 0.078125
0 0.6650390625 0.26953125 0.068359375 0.078125
0 0.7333984375 0.26953125 0.068359375 0.078125
7 0.80908203125 0.26953125 0.0537109375 0.026041666666666668
0 0.8173828125 0.26953125 0.099609375 0.078125
4 0.84619140625 0.2701822916666667 0.0126953125 0.01171875
0 0.9267578125 0.26953125 0.06640625 0.078125
4 0.09765625 0.421875 0.1953125 0.17447916666666666
2 0.09765625 0.5755208333333334 0.1953125 0.028645833333333332
4 0.005859375 0.6302083333333334 0.00390625 0.005208333333333333
6 0.1552734375 0.6295572916666666 0.28515625 0.01953125
4 0.005859375 0.6744791666666666 0.00390625 0.005208333333333333
6 0.1630859375 0.673828125 0.30078125 0.01953125
4 0.005859375 0.71875 0.00390625 0.005208333333333333
6 0.16162109375 0.7180989583333334 0.2978515625 0.01953125
4 0.005859375 0.7630208333333334 0.00390625 0.005208333333333333
6 0.1015625 0.7623697916666666 0.177734375 0.01953125
4 0.005859375 0.8072916666666666 0.00390625 0.005208333333333333
6 0.12890625 0.806640625 0.232421875 0.01953125
4 0.005859375 0.8515625 0.00390625 0.005208333333333333
6 0.1357421875 0.8509114583333334 0.24609375 0.01953125
4 0.005859375 0.8958333333333334 0.00390625 0.005208333333333333
6 0.1357421875 0.8951822916666666 0.24609375 0.01953125
4 0.005859375 0.9401041666666666 0.00390625 0.005208333333333333
6 0.1630859375 0.939453125 0.30078125 0.01953125
4 0.119140625 0.6015625 0.23828125 0.5338541666666666
6 0.119140625 0.6868489583333334 0.23828125 0.20963541666666666
0 0.119140625 0.34375 0.23828125 0.018229166666666668
4 0.55029296875 0.6015625 0.6259765625 0.5338541666666666
6 0.55029296875 0.6868489583333334 0.6259765625 0.20963541666666666
0 0.55029296875 0.34375 0.6259765625 0.018229166666666668
4 0.93115234375 0.6015625 0.1376953125 0.5338541666666666
6 0.93115234375 0.6868489583333334 0.1376953125 0.20963541666666666
0 0.93115234375 0.34375 0.1376953125 0.018229166666666668
4 0.27978515625 0.6015625 0.0595703125 0.08072916666666667
4 0.81396484375 0.6015625 0.0595703125 0.08072916666666667
4 0.474609375 0.8294270833333334 0.01171875 0.015625
4 0.50390625 0.8294270833333334 0.01171875 0.015625
4 0.533203125 0.8294270833333334 0.01171875 0.015625
4 0.5625 0.8294270833333334 0.01171875 0.015625
4 0.60546875 0.8294270833333334 0.0390625 0.015625
7 0.25390625 0.927734375 0.0390625 0.03515625
7 0.25390625 0.962890625 0.0390625 0.03515625
2 0.5302734375 0.955078125 0.474609375 0.08984375
6 0.30859375 0.9654947916666666 0.03125 0.022135416666666668
6 0.42919921875 0.9654947916666666 0.1572265625 0.022135416666666668
6 0.6298828125 0.9654947916666666 0.19140625 0.022135416666666668
7 0.94921875 0.3463541666666667 0.1015625 0.0234375
1 0.94921875 0.396484375 0.1015625 0.045572916666666664
1 0.94921875 0.455078125 0.1015625 0.045572916666666664
0 0.9365234375 0.5123697916666666 0.076171875 0.04296875
0 0.92578125 0.5611979166666666 0.0546875 0.0234375
0 0.982421875 0.5611979166666666 0.03515625 0.0234375
2 0.951171875 0.6497395833333334 0.09765625 0.03125
4 0.982421875 0.7434895833333334 0.03515625 0.06510416666666667
0 0.96484375 0.69140625 0 0
6 0.99365234375 0.7272135416666666 0.0126953125 0.04296875
6 0.99365234375 0.771484375 0.0126953125 0.01953125
4 0.982421875 0.8736979166666666 0.03515625 0.06510416666666667
0 0.96484375 0.8216145833333334 0 0
6 0.99365234375 0.857421875 0.0126953125 0.04296875
6 0.99365234375 0.9016927083333334 0.0126953125 0.01953125
4 0.982421875 0.9856770833333334 0.03515625 0.028645833333333332
0 0.96484375 0.9518229166666666 0 0
6 0.99365234375 0.9830729166666666 0.0126953125 0.033854166666666664
4 0.048828125 0.8802083333333334 0.08203125 0.109375
0 0.05859375 0.8958333333333334 0.1171875 0.20833333333333334