4 0.05126953125 0.037760416666666664 0.0439453125 0.059895833333333336
0 0.05126953125 0.037760416666666664 0.0830078125 0.059895833333333336
0 0.1142578125 0.036458333333333336 0.04296875 0.057291666666666664
0 0.16748046875 0.036458333333333336 0.0634765625 0.057291666666666664
7 0.2412109375 0.035807291666666664 0.0625 0.022135416666666668
0 0.24609375 0.036458333333333336 0.09375 0.057291666666666664
7 0.72802734375 0.035807291666666664 0.0654296875 0.022135416666666668
0 0.72802734375 0.036458333333333336 0.0869140625 0.057291666666666664
7 0.8095703125 0.035807291666666664 0.0546875 0.022135416666666668
0 0.8095703125 0.036458333333333336 0.076171875 0.057291666666666664
0 0.87548828125 0.036458333333333336 0.0556640625 0.057291666666666664
0 0.93701171875 0.036458333333333336 0.0673828125 0.041666666666666664
1 0.3701171875 0.036458333333333336 0.134765625 0.041666666666666664
4 0.451171875 0.036458333333333336 0.01171875 0.03125
7 0.4130859375 0.10286458333333333 0.455078125 0.026041666666666668
6 0.685546875 0.10286458333333333 0.08984375 0.026041666666666668
7 0.734375 0.10286458333333333 0.0078125 0.026041666666666668
0 0.76611328125 0.10481770833333333 0.0556640625 0.037760416666666664
4 0.5 0.4921875 1 0.984375
2 0.40087890625 0.5084635416666666 0.5224609375 0.08463541666666667
2 0.7607421875 0.5084635416666666 0.19921875 0.08463541666666667
2 0.5 0.591796875 0.751953125 0.08463541666666667
0 0.5 0.7115885416666666 0.234375 0.07942708333333333
4 0.10595703125 0.951171875 0.0888671875 0.01171875
4 0.19384765625 0.951171875 0.0888671875 0.01171875
4 0.28125 0.951171875 0.087890625 0.01171875
2 0.193359375 0.9986979166666666 0.109375 0.0026041666666666665
4 0.4130859375 0.951171875 0.087890625 0.01171875
4 0.50048828125 0.951171875 0.0888671875 0.01171875
4 0.58837890625 0.951171875 0.0888671875 0.01171875
2 0.49951171875 0.9986979166666666 0.0615234375 0.0026041666666666665
4 0.72021484375 0.951171875 0.0888671875 0.01171875
4 0.80810546875 0.951171875 0.0888671875 0.01171875
4 0.8955078125 0.951171875 0.087890625 0.01171875
2 0.806640625 0.9986979166666666 0.1328125 0.0026041666666666665