0 0.09912109375 0.0390625 0.1455078125 0.078125
7 0.076171875 0.09049479166666667 0.0703125 0.024739583333333332
0 0.0771484375 0.09114583333333333 0.12109375 0.078125
7 0.18701171875 0.09049479166666667 0.0498046875 0.024739583333333332
0 0.18798828125 0.09114583333333333 0.1005859375 0.078125
0 0.287109375 0.09114583333333333 0.09765625 0.078125
7 0.42919921875 0.09049479166666667 0.1376953125 0.024739583333333332
0 0.43017578125 0.09114583333333333 0.1884765625 0.078125
0 0.56982421875 0.09114583333333333 0.0908203125 0.078125
0 0.66357421875 0.09114583333333333 0.0966796875 0.078125
7 0.6826171875 0.038411458333333336 0.03125 0.024739583333333332
0 0.6806640625 0.0390625 0.078125 0.078125
7 0.75830078125 0.038411458333333336 0.0244140625 0.024739583333333332
0 0.7587890625 0.0390625 0.078125 0.078125
7 0.8388671875 0.038411458333333336 0.03515625 0.024739583333333332
0 0.8369140625 0.0390625 0.078125 0.078125
4 0.900390625 0.038411458333333336 0.01171875 0.016927083333333332
0 0.9150390625 0.0390625 0.078125 0.078125
7 0.9248046875 0.038411458333333336 0.02734375 0.024739583333333332
2 0.125 0.265625 0.189453125 0.08854166666666667
2 0.27587890625 0.265625 0.1123046875 0.08854166666666667
2 0.42236328125 0.265625 0.1806640625 0.08854166666666667
6 0.0625 0.359375 0.041015625 0.03125
7 0.19482421875 0.359375 0.2236328125 0.03125
6 0.07958984375 0.4010416666666667 0.0751953125 0.03125
7 0.19921875 0.4010416666666667 0.1640625 0.03125
7 0.310546875 0.4427083333333333 0.537109375 0.041666666666666664
7 0.310546875 0.484375 0.537109375 0.041666666666666664
7 0.08544921875 0.5403645833333334 0.1103515625 0.0390625
7 0.1689453125 0.5403645833333334 0.056640625 0.0390625
7 0.20947265625 0.5403645833333334 0.0126953125 0.0390625
7 0.23779296875 0.5403645833333334 0.0439453125 0.0390625
7 0.3046875 0.5403645833333334 0.08984375 0.0390625
0 0.17041015625 0.638671875 0.2802734375 0.07682291666666667
7 0.15234375 0.7174479166666666 0.244140625 0.03125
7 0.365234375 0.7174479166666666 0.181640625 0.03125