6 0.2646484375 0.032552083333333336 0.24609375 0.03125
0 0.5 0.032552083333333336 0.716796875 0.028645833333333332
7 0.51806640625 0.032552083333333336 0.2626953125 0.03125
6 0.70654296875 0.032552083333333336 0.1162109375 0.03125
7 0.80419921875 0.032552083333333336 0.0712890625 0.03125
0 0.51220703125 0.09309895833333333 0.1123046875 0.024739583333333332
6 0.634765625 0.09114583333333333 0.05859375 0.018229166666666668
6 0.72412109375 0.09114583333333333 0.0498046875 0.018229166666666668
6 0.80224609375 0.09114583333333333 0.0361328125 0.018229166666666668
1 0.875 0.09244791666666667 0.0390625 0.046875
4 0.9501953125 0.09244791666666667 0.0234375 0.018229166666666668
0 0.9501953125 0.09440104166666667 0.044921875 0.02734375
4 0.1064453125 0.14583333333333334 0.09375 0.125
0 0.109375 0.14518229166666666 0.09375 0.02734375
0 0.259765625 0.16927083333333334 0.06640625 0.03125
0 0.3671875 0.16927083333333334 0.09765625 0.03125
7 0.4736328125 0.16927083333333334 0.064453125 0.03125
0 0.60107421875 0.16927083333333334 0.1396484375 0.03125
0 0.73486328125 0.16927083333333334 0.0771484375 0.03125
2 0.30908203125 0.4329427083333333 0.3623046875 0.07161458333333333
2 0.26953125 0.4876302083333333 0.283203125 0.07161458333333333
7 0.26416015625 0.548828125 0.2724609375 0.02734375
7 0.228515625 0.5774739583333334 0.201171875 0.02734375
0 0.2451171875 0.65234375 0.234375 0.059895833333333336
2 0.51953125 0.978515625 0.9609375 0.04296875
7 0.36376953125 0.9518229166666666 0.7080078125 0.0546875
6 0.22705078125 0.9661458333333334 0.0771484375 0.026041666666666668
7 0.271484375 0.9661458333333334 0.01171875 0.026041666666666668
6 0.35693359375 0.9661458333333334 0.1591796875 0.026041666666666668
0 0.8447265625 0.94921875 0.162109375 0.052083333333333336
0 0.22021484375 0.9674479166666666 0.1904296875 0.036458333333333336
0 0.64404296875 0.9674479166666666 0.4619140625 0.036458333333333336