6 0.435546875 0.020182291666666668 0.02734375 0.016927083333333332
6 0.482421875 0.020182291666666668 0.044921875 0.016927083333333332
6 0.55859375 0.020182291666666668 0.0859375 0.016927083333333332
6 0.66748046875 0.020182291666666668 0.1103515625 0.016927083333333332
6 0.76513671875 0.020182291666666668 0.0634765625 0.016927083333333332
6 0.83056640625 0.020182291666666668 0.0458984375 0.016927083333333332
6 0.91748046875 0.020182291666666668 0.1064453125 0.016927083333333332
4 0.9130859375 0.06575520833333333 0.015625 0.01953125
1 0.94775390625 0.06640625 0.1044921875 0.041666666666666664
2 0.1044921875 0.064453125 0.150390625 0.048177083333333336
0 0.154296875 0.11197916666666667 0.068359375 0.0390625
0 0.24462890625 0.11197916666666667 0.0458984375 0.0390625
0 0.318359375 0.11197916666666667 0.03515625 0.0390625
0 0.39306640625 0.11197916666666667 0.0478515625 0.0390625
0 0.47900390625 0.11197916666666667 0.0576171875 0.0390625
0 0.572265625 0.11197916666666667 0.0625 0.0390625
0 0.654296875 0.11197916666666667 0.03515625 0.0390625
0 0.744140625 0.11197916666666667 0.078125 0.0390625
0 0.8388671875 0.11197916666666667 0.044921875 0.0390625
0 0.9326171875 0.11197916666666667 0.076171875 0.0390625
0 0.9833984375 0.2552083333333333 0.033203125 0.09114583333333333
7 1 0.2552083333333333 0 0.24739583333333334
4 0 0.3587239583333333 0 0.4544270833333333
4 0.5 0.3587239583333333 1 0.4544270833333333
2 0.263671875 0.4173177083333333 0.439453125 0.10286458333333333
7 0.3466796875 0.50390625 0.048828125 0.046875
7 0.431640625 0.5052083333333334 0.091796875 0.020833333333333332
0 0.4345703125 0.50390625 0.126953125 0.046875
4 0.48046875 0.5045572916666666 0.005859375 0.014322916666666666
4 1 0.3587239583333333 0 0.4544270833333333
7 0.04248046875 0.37109375 0.0458984375 0.09375
7 0.95751953125 0.37109375 0.0458984375 0.09375
4 0.5 0.7532552083333334 1 0.23307291666666666
4 0.5 0.9615885416666666 1 0.07682291666666667
7 0.9765625 0.9798177083333334 0.015625 0.02734375
7 0.45703125 0.9791666666666666 0.654296875 0.020833333333333332
6 0.818359375 0.9791666666666666 0.0703125 0.020833333333333332
7 0.302734375 0.9440104166666666 0.54296875 0.07291666666666667
6 0.326171875 0.96875 0.072265625 0.0234375
4 0.9765625 0.943359375 0.01171875 0.024739583333333332