0 0.06103515625 0.029947916666666668 0.1123046875 0.036458333333333336
7 0.15673828125 0.029947916666666668 0.0263671875 0.020833333333333332
0 0.16259765625 0.030598958333333332 0.0615234375 0.061197916666666664
0 0.80859375 0.030598958333333332 0.05859375 0.037760416666666664
0 0.8876953125 0.030598958333333332 0.0703125 0.061197916666666664
0 0.9443359375 0.030598958333333332 0.037109375 0.061197916666666664
4 0.1123046875 0.11197916666666667 0.1953125 0.06510416666666667
0 0.1123046875 0.11197916666666667 0.1953125 0.06510416666666667
1 0.7734375 0.111328125 0.3515625 0.053385416666666664
4 0.96435546875 0.11002604166666667 0.0185546875 0.05078125
0 0.05078125 0.193359375 0.091796875 0.061197916666666664
0 0.15673828125 0.193359375 0.1201171875 0.061197916666666664
0 0.26708984375 0.193359375 0.1005859375 0.061197916666666664
0 0.3720703125 0.193359375 0.109375 0.061197916666666664
0 0.4833984375 0.193359375 0.11328125 0.061197916666666664
0 0.6005859375 0.193359375 0.12109375 0.061197916666666664
0 0.69921875 0.193359375 0.076171875 0.061197916666666664
0 0.76953125 0.193359375 0.064453125 0.061197916666666664
7 0.82666015625 0.193359375 0.0302734375 0.022135416666666668
0 0.83251953125 0.193359375 0.0615234375 0.061197916666666664
7 0.951171875 0.193359375 0.044921875 0.022135416666666668
0 0.95703125 0.193359375 0.076171875 0.061197916666666664
2 0.5 0.4108072916666667 1 0.06380208333333333
1 0.47216796875 0.5201822916666666 0.7451171875 0.07421875
2 0.4609375 0.7890625 0.41796875 0.0234375
2 0.7109375 0.7890625 0.0859375 0.0234375
2 0.759765625 0.7890625 0.013671875 0.0234375
2 0.45703125 0.828125 0.68359375 0.0234375
2 0.84375 0.828125 0.09375 0.0234375
2 0.8974609375 0.828125 0.013671875 0.0234375
4 0.13525390625 0.9459635416666666 0.1708984375 0.10807291666666667
0 0.13525390625 0.9459635416666666 0.1708984375 0.10807291666666667
4 0.3173828125 0.9459635416666666 0.169921875 0.10807291666666667
0 0.3173828125 0.9459635416666666 0.169921875 0.10807291666666667
4 0.5 0.9459635416666666 0.169921875 0.10807291666666667
0 0.5 0.9459635416666666 0.169921875 0.10807291666666667
4 0.6826171875 0.9459635416666666 0.169921875 0.10807291666666667
0 0.6826171875 0.9459635416666666 0.169921875 0.10807291666666667
4 0.86474609375 0.9459635416666666 0.1708984375 0.10807291666666667
0 0.86474609375 0.9459635416666666 0.1708984375 0.10807291666666667