4 0.421875 0.1640625 0.21484375 0.15104166666666666
4 0.07470703125 0.296875 0.1455078125 0.049479166666666664
0 0.1923828125 0.3059895833333333 0.021484375 0.03125
0 0.28125 0.3059895833333333 0.08984375 0.03125
0 0.38818359375 0.3059895833333333 0.0576171875 0.03125
0 0.4716796875 0.3059895833333333 0.04296875 0.03125
7 0.546875 0.3001302083333333 0.041015625 0.024739583333333332
0 0.55078125 0.3059895833333333 0.048828125 0.03125
4 0.5712890625 0.30078125 0.0078125 0.013020833333333334
4 0.67529296875 0.298828125 0.0224609375 0.029947916666666668
0 0.67529296875 0.2981770833333333 0.0380859375 0.078125
4 0.72802734375 0.2981770833333333 0.0205078125 0.018229166666666668
0 0.765625 0.2981770833333333 0.125 0.052083333333333336
7 0.77783203125 0.298828125 0.0673828125 0.024739583333333332
0 0.9228515625 0.2981770833333333 0.15234375 0.052083333333333336
0 0.037109375 0.36328125 0.0703125 0.052083333333333336
0 0.1318359375 0.36328125 0.0703125 0.052083333333333336
0 0.21435546875 0.36328125 0.0537109375 0.052083333333333336
0 0.302734375 0.36328125 0.08203125 0.052083333333333336
4 0.34375 0.6614583333333334 0.68359375 0.4791666666666667
0 0.34375 0.6614583333333334 0.68359375 0.4791666666666667
2 0.341796875 0.9615885416666666 0.6328125 0.07682291666666667
3 0.8515625 0.5846354166666666 0.29296875 0.3255208333333333
0 0.7744140625 0.80078125 0.138671875 0.0546875
0 0.93115234375 0.80078125 0.1337890625 0.0546875
7 0.8515625 0.880859375 0.29296875 0.053385416666666664