0 0.9365234375 0.036458333333333336 0.044921875 0.046875
7 0.5 0.051432291666666664 0.810546875 0.055989583333333336
6 0.5146484375 0.06705729166666667 0.033203125 0.024739583333333332
4 0.0625 0.14192708333333334 0.05859375 0.041666666666666664
0 0.0625 0.14518229166666666 0.05859375 0.048177083333333336
0 0.29736328125 0.142578125 0.0849609375 0.045572916666666664
0 0.3828125 0.142578125 0.087890625 0.045572916666666664
0 0.47412109375 0.142578125 0.0966796875 0.045572916666666664
0 0.560546875 0.142578125 0.078125 0.045572916666666664
0 0.6337890625 0.142578125 0.0703125 0.045572916666666664
0 0.70654296875 0.142578125 0.0771484375 0.045572916666666664
0 0.84326171875 0.14322916666666666 0.1005859375 0.052083333333333336
0 0.93505859375 0.14322916666666666 0.0634765625 0.052083333333333336
2 0.2998046875 0.3274739583333333 0.375 0.18880208333333334
2 0.2998046875 0.5345052083333334 0.375 0.18880208333333334
0 0.18017578125 0.7037760416666666 0.1357421875 0.06380208333333333
0 0.34033203125 0.7037760416666666 0.1357421875 0.06380208333333333
4 0.75634765625 0.4947916666666667 0.4873046875 0.78125
2 0.5 0.9947916666666666 0.775390625 0.010416666666666666