4 0.07275390625 0.044270833333333336 0.0478515625 0.036458333333333336
0 0.07275390625 0.04296875 0.0478515625 0.0859375
4 0.64306640625 0.043619791666666664 0.0166015625 0.022135416666666668
0 0.693359375 0.042317708333333336 0.1171875 0.01953125
7 0.69482421875 0.04296875 0.0732421875 0.020833333333333332
0 0.81787109375 0.043619791666666664 0.0576171875 0.08723958333333333
0 0.91015625 0.043619791666666664 0.08203125 0.04296875
2 0.5 0.24609375 0.3515625 0.0390625
7 0.5 0.3072916666666667 0.3515625 0.036458333333333336
1 0.5 0.3515625 0.3515625 0.052083333333333336
0 0.5 0.43359375 0.3515625 0.046875
0 0.5 0.5026041666666666 0.095703125 0.026041666666666668
7 0.5 0.5611979166666666 0.041015625 0.026041666666666668
4 0.3505859375 0.6328125 0.017578125 0.0234375
0 0.5 0.6328125 0.3515625 0.052083333333333336
7 0.50439453125 0.6328125 0.1181640625 0.026041666666666668
6 0.0498046875 0.9674479166666666 0.0546875 0.015625
6 0.12353515625 0.9674479166666666 0.0693359375 0.015625
6 0.1865234375 0.9674479166666666 0.03125 0.015625
6 0.22265625 0.9674479166666666 0.0234375 0.015625