0 0.5 0.033854166666666664 0.138671875 0.041666666666666664
0 0.5 0.142578125 0.29296875 0.08984375
0 0.15283203125 0.23697916666666666 0.1044921875 0.052083333333333336
0 0.28173828125 0.23697916666666666 0.1455078125 0.052083333333333336
0 0.4052734375 0.23697916666666666 0.09375 0.052083333333333336
0 0.5234375 0.23697916666666666 0.134765625 0.052083333333333336
0 0.65185546875 0.23697916666666666 0.1142578125 0.052083333333333336
0 0.7724609375 0.23697916666666666 0.119140625 0.052083333333333336
2 0.2099609375 0.6451822916666666 0.3671875 0.7096354166666666
4 0.2314453125 0.7571614583333334 0.41015625 0.41015625
0 0.2314453125 0.7571614583333334 0.41015625 0.41015625
7 0.2314453125 0.9876302083333334 0.41015625 0.024739583333333332
2 0.5537109375 0.3209635416666667 0.1796875 0.061197916666666664
6 0.55322265625 0.3671875 0.0478515625 0.015625
7 0.5537109375 0.388671875 0.01953125 0.024739583333333332
2 0.55419921875 0.4720052083333333 0.1865234375 0.061197916666666664
6 0.55322265625 0.5182291666666666 0.0869140625 0.015625
7 0.5537109375 0.5397135416666666 0.025390625 0.024739583333333332
2 0.5537109375 0.623046875 0.173828125 0.061197916666666664
6 0.55419921875 0.6692708333333334 0.0869140625 0.015625
7 0.5537109375 0.6907552083333334 0.01953125 0.024739583333333332
2 0.55322265625 0.7740885416666666 0.1748046875 0.061197916666666664
6 0.55419921875 0.8203125 0.0986328125 0.015625
7 0.5537109375 0.841796875 0.01953125 0.024739583333333332
2 0.55322265625 0.935546875 0.1748046875 0.08203125
6 0.55419921875 0.9921875 0.0986328125 0.015625
3 0.822265625 0.6477864583333334 0.29296875 0.7044270833333334