4 0.5 0.5 1 1
6 0.49951171875 0.25390625 0.3271484375 0.033854166666666664
4 0.5 0.5169270833333334 0.78125 0.5026041666666666
3 0.98974609375 0.591796875 0.0205078125 0.02734375
3 0.8056640625 0.7506510416666666 0.38671875 0.2903645833333333
6 0.876953125 0.059244791666666664 0.0390625 0.022135416666666668
7 0.9501953125 0.059895833333333336 0.0703125 0.0390625
0 0.9501953125 0.057291666666666664 0.0703125 0.020833333333333332
4 0.029296875 0.057942708333333336 0.013671875 0.016927083333333332
0 0.029296875 0.05859375 0.029296875 0.059895833333333336
0 0.08203125 0.057942708333333336 0.078125 0.05859375
0 0.173828125 0.057942708333333336 0.107421875 0.05859375
0 0.27783203125 0.057942708333333336 0.1025390625 0.05859375
0 0.3779296875 0.057942708333333336 0.099609375 0.05859375
0 0.478515625 0.057942708333333336 0.103515625 0.05859375
4 0.1015625 0.16471354166666666 0.150390625 0.12109375
7 0.74267578125 0.16471354166666666 0.4853515625 0.15234375
7 0.62841796875 0.16471354166666666 0.7138671875 0.12109375
1 0.94580078125 0.2897135416666667 0.0791015625 0.07161458333333333
4 0.97705078125 0.2884114583333333 0.0126953125 0.016927083333333332
0 0.97705078125 0.2897135416666667 0.0166015625 0.07161458333333333
7 0.0556640625 0.294921875 0.08203125 0.061197916666666664
0 0.060546875 0.294921875 0.091796875 0.055989583333333336
7 0.14013671875 0.2923177083333333 0.0693359375 0.06640625
0 0.14501953125 0.294921875 0.0791015625 0.055989583333333336
7 0.23828125 0.2923177083333333 0.109375 0.06640625
0 0.24267578125 0.294921875 0.1181640625 0.055989583333333336
7 0.32861328125 0.2923177083333333 0.0556640625 0.06640625
0 0.333984375 0.294921875 0.06640625 0.055989583333333336
7 0.40966796875 0.2923177083333333 0.0869140625 0.06640625
0 0.4140625 0.294921875 0.095703125 0.055989583333333336
7 0.49951171875 0.2760416666666667 0.0751953125 0.020833333333333332
0 0.50439453125 0.294921875 0.0849609375 0.055989583333333336
0 0.59716796875 0.294921875 0.1025390625 0.055989583333333336
4 0.25732421875 0.4674479166666667 0.4853515625 0.2682291666666667
0 0.25732421875 0.4674479166666667 0.4853515625 0.2682291666666667
7 0.24951171875 0.5755208333333334 0.4619140625 0.041666666666666664
4 0.62109375 0.400390625 0.244140625 0.13411458333333334
0 0.62109375 0.400390625 0.244140625 0.13411458333333334
7 0.61572265625 0.4251302083333333 0.2255859375 0.07421875
4 0.86376953125 0.400390625 0.2431640625 0.13411458333333334
0 0.86376953125 0.400390625 0.2431640625 0.13411458333333334
7 0.85400390625 0.4251302083333333 0.2158203125 0.07421875
4 0.62109375 0.5338541666666666 0.244140625 0.13541666666666666
0 0.62109375 0.5338541666666666 0.244140625 0.13541666666666666
6 0.61572265625 0.5592447916666666 0.2255859375 0.07421875
4 0.86376953125 0.5338541666666666 0.2431640625 0.13541666666666666
0 0.86376953125 0.5338541666666666 0.2431640625 0.13541666666666666
6 0.85400390625 0.5592447916666666 0.2158203125 0.07421875
4 0.9921875 0.4674479166666667 0.015625 0.2682291666666667
0 0.9921875 0.4674479166666667 0.015625 0.2682291666666667
2 0.14697265625 0.6809895833333334 0.2529296875 0.0234375
4 0.1611328125 0.767578125 0.29296875 0.13411458333333334
7 0.0712890625 0.8430989583333334 0.08203125 0.01953125
7 0.11474609375 0.8430989583333334 0.0068359375 0.01953125
6 0.138671875 0.8430989583333334 0.04296875 0.01953125
7 0.1640625 0.8430989583333334 0.009765625 0.01953125
6 0.20263671875 0.8430989583333334 0.0693359375 0.01953125
6 0.1474609375 0.8704427083333334 0.234375 0.01953125
6 0.109375 0.8977864583333334 0.158203125 0.01953125
6 0.08251953125 0.9251302083333334 0.1044921875 0.01953125
6 0.130859375 0.9524739583333334 0.201171875 0.01953125
6 0.0947265625 0.9798177083333334 0.12890625 0.01953125
6 0.15625 0.9986979166666666 0.251953125 0.0026041666666666665
2 0.3564453125 0.6809895833333334 0.099609375 0.026041666666666668
2 0.54296875 0.6842447916666666 0.03515625 0.022135416666666668
4 0.5419921875 0.7486979166666666 0.064453125 0.0859375
0 0.4375 0.7486979166666666 0.2734375 0.0859375
7 0.39990234375 0.7415364583333334 0.1904296875 0.07161458333333333
4 0.5419921875 0.8385416666666666 0.064453125 0.0859375
0 0.4375 0.8385416666666666 0.2734375 0.0859375
7 0.37939453125 0.8196614583333334 0.1494140625 0.048177083333333336
4 0.5419921875 0.9283854166666666 0.064453125 0.0859375
0 0.4375 0.9283854166666666 0.2734375 0.0859375
7 0.400390625 0.9212239583333334 0.19140625 0.07161458333333333
4 0.5419921875 0.9876302083333334 0.064453125 0.024739583333333332
0 0.4375 0.9876302083333334 0.2734375 0.024739583333333332
7 0.388671875 0.9876302083333334 0.16796875 0.024739583333333332
2 0.638671875 0.6809895833333334 0.09765625 0.0234375
4 0.642578125 0.7330729166666666 0.1171875 0.06510416666666667
2 0.6416015625 0.7923177083333334 0.115234375 0.05859375
4 0.642578125 0.8802083333333334 0.1171875 0.06510416666666667
2 0.6328125 0.9485677083333334 0.09765625 0.07682291666666667
2 0.794921875 0.6809895833333334 0.154296875 0.026041666666666668
2 0.97314453125 0.6829427083333334 0.0341796875 0.022135416666666668
4 0.93017578125 0.818359375 0.0400390625 0.13151041666666666
4 0.85595703125 0.7819010416666666 0.2880859375 0.16276041666666666
0 0.85595703125 0.8040364583333334 0.2880859375 0.20703125
7 0.857421875 0.884765625 0.28515625 0.04296875
0 0.7412109375 0.9251302083333334 0.01171875 0.016927083333333332
0 0.765625 0.9251302083333334 0.01171875 0.016927083333333332
0 0.7900390625 0.9251302083333334 0.01171875 0.016927083333333332
0 0.814453125 0.9251302083333334 0.01171875 0.016927083333333332
0 0.83935546875 0.9251302083333334 0.0126953125 0.016927083333333332
0 0.8642578125 0.9251302083333334 0.01171875 0.016927083333333332
0 0.888671875 0.9251302083333334 0.01171875 0.016927083333333332
0 0.9130859375 0.9251302083333334 0.01171875 0.016927083333333332
0 0.9375 0.9251302083333334 0.01171875 0.016927083333333332
0 0.9619140625 0.9251302083333334 0.01171875 0.016927083333333332
7 0.85595703125 0.9791666666666666 0.2880859375 0.041666666666666664