4 0.037109375 0.052083333333333336 0.02734375 0.036458333333333336
0 0.13330078125 0.052083333333333336 0.2197265625 0.036458333333333336
7 0.15283203125 0.053385416666666664 0.1806640625 0.0390625
0 0.74853515625 0.0390625 0.0947265625 0.057291666666666664
0 0.75439453125 0.052083333333333336 0.1064453125 0.08333333333333333
0 0.89013671875 0.0390625 0.1650390625 0.057291666666666664
0 0.89013671875 0.052083333333333336 0.1650390625 0.08333333333333333
7 0.5 0.22395833333333334 1 0.057291666666666664
7 0.5859375 0.3125 0.5234375 0.11979166666666667
4 0.5859375 0.6184895833333334 0.474609375 0.3046875
7 0.5859375 0.9427083333333334 0.56640625 0.0859375