4 0.11962890625 0.046875 0.0400390625 0.052083333333333336
0 0.11962890625 0.046875 0.0400390625 0.052083333333333336
4 0.17822265625 0.046223958333333336 0.0166015625 0.022135416666666668
1 0.38720703125 0.046875 0.4658203125 0.052083333333333336
0 0.76416015625 0.046875 0.0771484375 0.052083333333333336
0 0.85693359375 0.046875 0.0869140625 0.052083333333333336
2 0.18505859375 0.16731770833333334 0.1708984375 0.040364583333333336
2 0.18505859375 0.18229166666666666 0.1708984375 0.015625
2 0.205078125 0.23111979166666666 0.2109375 0.040364583333333336
2 0.205078125 0.24609375 0.2109375 0.015625
2 0.1591796875 0.294921875 0.119140625 0.040364583333333336
2 0.1591796875 0.3098958333333333 0.119140625 0.015625
7 0.2275390625 0.404296875 0.255859375 0.12369791666666667
4 0.11865234375 0.5162760416666666 0.0185546875 0.032552083333333336
7 0.2353515625 0.5162760416666666 0.16796875 0.024739583333333332
4 0.12158203125 0.580078125 0.0244140625 0.02734375
7 0.2216796875 0.580078125 0.140625 0.024739583333333332
4 0.11865234375 0.6438802083333334 0.0185546875 0.032552083333333336
7 0.2275390625 0.6438802083333334 0.15234375 0.024739583333333332
4 0.123046875 0.7076822916666666 0.02734375 0.032552083333333336
7 0.22998046875 0.7076822916666666 0.1572265625 0.024739583333333332
7 0.2158203125 0.8040364583333334 0.12109375 0.029947916666666668
4 0.29248046875 0.806640625 0.0146484375 0.01953125
7 0.2275390625 0.8671875 0.255859375 0.0234375
7 0.1474609375 0.9563802083333334 0.0859375 0.024739583333333332
7 0.22998046875 0.9563802083333334 0.0537109375 0.024739583333333332
4 0.263671875 0.9563802083333334 0.009765625 0.009114583333333334
7 0.15771484375 0.994140625 0.1064453125 0.01171875
7 0.27392578125 0.994140625 0.1005859375 0.01171875
2 0.64453125 0.1640625 0.51171875 0.057291666666666664
4 0.44970703125 0.3046875 0.0791015625 0.10416666666666667
7 0.57763671875 0.2701822916666667 0.1123046875 0.029947916666666668
7 0.6484375 0.2877604166666667 0.25390625 0.06510416666666667
4 0.54736328125 0.3587239583333333 0.0205078125 0.024739583333333332
7 0.6171875 0.3587239583333333 0.109375 0.024739583333333332
7 0.64453125 0.4798177083333333 0.4375 0.08723958333333333
4 0.4384765625 0.5546875 0.025390625 0.033854166666666664
7 0.48779296875 0.5546875 0.0517578125 0.033854166666666664
4 0.41845703125 0.7024739583333334 0.0302734375 0.040364583333333336
7 0.60400390625 0.701171875 0.3232421875 0.053385416666666664
7 0.81640625 0.701171875 0.048828125 0.024739583333333332
0 0.8232421875 0.701171875 0.09375 0.053385416666666664
4 0.84814453125 0.7024739583333334 0.0126953125 0.016927083333333332
2 0.455078125 0.841796875 0.1328125 0.053385416666666664
4 0.44970703125 0.96484375 0.0791015625 0.0703125
7 0.54052734375 0.9583333333333334 0.0380859375 0.03125
7 0.64501953125 0.9583333333333334 0.1728515625 0.03125
4 0.54736328125 1 0.0205078125 0
7 0.61865234375 0.9993489583333334 0.1123046875 0.0013020833333333333
4 0.951171875 0.93359375 0.02734375 0.041666666666666664
0 0.951171875 0.93359375 0.05859375 0.078125