7 0.05810546875 0.051432291666666664 0.1162109375 0.061197916666666664
7 0.45068359375 0.051432291666666664 0.6376953125 0.02734375
0 0.55810546875 0.051432291666666664 0.8837890625 0.061197916666666664
4 0.1181640625 0.14453125 0.130859375 0.03125
0 0.1181640625 0.14453125 0.130859375 0.03125
0 0.244140625 0.14453125 0.056640625 0.03125
0 0.34326171875 0.14453125 0.0869140625 0.03125
0 0.447265625 0.14453125 0.06640625 0.03125
0 0.5322265625 0.14453125 0.048828125 0.03125
0 0.60400390625 0.14453125 0.0400390625 0.03125
0 0.669921875 0.14453125 0.037109375 0.03125
6 0.77392578125 0.14453125 0.0419921875 0.046875
4 0.828125 0.14453125 0.015625 0.020833333333333332
0 0.828125 0.14453125 0.03515625 0.046875
4 0.88720703125 0.14388020833333334 0.0419921875 0.055989583333333336
0 0.88720703125 0.1484375 0.0419921875 0.06510416666666667
4 0.92529296875 0.14388020833333334 0.0419921875 0.055989583333333336
0 0.92529296875 0.1484375 0.0419921875 0.06510416666666667
4 0.96337890625 0.14388020833333334 0.0419921875 0.055989583333333336
0 0.96337890625 0.1484375 0.0419921875 0.06510416666666667
6 0.26416015625 0.21158854166666666 0.0869140625 0.02734375
6 0.37744140625 0.21158854166666666 0.0947265625 0.02734375
6 0.51171875 0.21158854166666666 0.12890625 0.02734375
6 0.62158203125 0.21158854166666666 0.0458984375 0.02734375
6 0.72314453125 0.21158854166666666 0.1123046875 0.02734375
4 0.3388671875 0.4303385416666667 0.64453125 0.3033854166666667
2 0.3388671875 0.7220052083333334 0.59765625 0.22005208333333334
0 0.3388671875 0.7220052083333334 0.59765625 0.22005208333333334
4 0.12353515625 0.9375 0.2138671875 0.125
2 0.4404296875 0.9296875 0.380859375 0.0703125
7 0.44580078125 0.984375 0.3916015625 0.03125
2 0.76025390625 0.3196614583333333 0.1181640625 0.01953125
7 0.8173828125 0.396484375 0.232421875 0.09244791666666667
4 0.87646484375 0.4322916666666667 0.0087890625 0.010416666666666666
7 0.830078125 0.4993489583333333 0.2578125 0.06901041666666667
4 0.90478515625 0.5234375 0.0087890625 0.010416666666666666
7 0.82958984375 0.6022135416666666 0.2568359375 0.09244791666666667
4 0.88037109375 0.6380208333333334 0.0087890625 0.010416666666666666
2 0.77197265625 0.7682291666666666 0.0986328125 0.026041666666666668
4 0.83447265625 0.859375 0.2666015625 0.125
0 0.83447265625 0.8984375 0.2666015625 0.203125
7 0.71630859375 0.900390625 0.0302734375 0.04296875
7 0.83447265625 0.9654947916666666 0.2666015625 0.06901041666666667