0 0.12939453125 0.05859375 0.1806640625 0.0390625
0 0.28515625 0.055989583333333336 0.072265625 0.033854166666666664
0 0.3740234375 0.055989583333333336 0.05859375 0.033854166666666664
0 0.51171875 0.055989583333333336 0.169921875 0.033854166666666664
0 0.64111328125 0.055989583333333336 0.0419921875 0.033854166666666664
0 0.77392578125 0.055989583333333336 0.0537109375 0.033854166666666664
0 0.8935546875 0.057291666666666664 0.138671875 0.052083333333333336
2 0.5 0.2721354166666667 0.943359375 0.06510416666666667
7 0.5 0.373046875 0.634765625 0.08463541666666667
0 0.5 0.4895833333333333 0.177734375 0.0703125
4 0.5 0.7819010416666666 0.943359375 0.4361979166666667
3 0.9658203125 0.9427083333333334 0.068359375 0.078125