6 0.1025390625 0.024088541666666668 0.146484375 0.01953125
6 0.2880859375 0.022786458333333332 0.21875 0.01953125
6 0.62939453125 0.022786458333333332 0.0986328125 0.01953125
6 0.73974609375 0.022786458333333332 0.0673828125 0.01953125
6 0.8359375 0.022786458333333332 0.068359375 0.01953125
6 0.9345703125 0.022786458333333332 0.07421875 0.01953125
4 0.07421875 0.1015625 0.08984375 0.078125
0 0.07421875 0.103515625 0.08984375 0.08203125
1 0.4912109375 0.10416666666666667 0.611328125 0.057291666666666664
7 0.83349609375 0.10416666666666667 0.0986328125 0.049479166666666664
7 0.919921875 0.130859375 0.056640625 0.01953125
0 0.919921875 0.103515625 0.056640625 0.07421875
0 0.05029296875 0.18619791666666666 0.1005859375 0.0625
0 0.14990234375 0.18619791666666666 0.1005859375 0.0625
0 0.25 0.18619791666666666 0.1015625 0.0625
0 0.35009765625 0.18619791666666666 0.1005859375 0.0625
0 0.44970703125 0.18619791666666666 0.1005859375 0.0625
0 0.5498046875 0.18619791666666666 0.1015625 0.0625
0 0.64990234375 0.18619791666666666 0.1005859375 0.0625
0 0.75 0.18619791666666666 0.1015625 0.0625
0 0.85009765625 0.18619791666666666 0.1005859375 0.0625
0 0.94970703125 0.18619791666666666 0.1005859375 0.0625
7 0.421875 0.251953125 0.654296875 0.029947916666666668
6 0.78125 0.2552083333333333 0.06640625 0.020833333333333332
7 0.82177734375 0.251953125 0.0166015625 0.029947916666666668
6 0.86767578125 0.2552083333333333 0.0771484375 0.020833333333333332
7 0.35302734375 0.3053385416666667 0.6162109375 0.022135416666666668
6 0.67724609375 0.3053385416666667 0.0322265625 0.022135416666666668
7 0.82275390625 0.3053385416666667 0.2626953125 0.022135416666666668
4 0.10009765625 0.6015625 0.2001953125 0.5338541666666666
0 0.10009765625 0.6015625 0.2001953125 0.5338541666666666
7 0.10009765625 0.84375 0.2001953125 0.049479166666666664
4 0.2998046875 0.4680989583333333 0.201171875 0.2669270833333333
0 0.2998046875 0.4680989583333333 0.201171875 0.2669270833333333
7 0.2998046875 0.5774739583333334 0.201171875 0.048177083333333336
4 0.2998046875 0.734375 0.201171875 0.2682291666666667
0 0.2998046875 0.734375 0.201171875 0.2682291666666667
7 0.2998046875 0.84375 0.201171875 0.049479166666666664
4 0.60009765625 0.6015625 0.4013671875 0.5338541666666666
0 0.60009765625 0.6015625 0.4013671875 0.5338541666666666
7 0.60009765625 0.84375 0.4013671875 0.049479166666666664
4 0.89990234375 0.4680989583333333 0.2001953125 0.2669270833333333
0 0.89990234375 0.4680989583333333 0.2001953125 0.2669270833333333
7 0.89990234375 0.5774739583333334 0.2001953125 0.048177083333333336
4 0.89990234375 0.734375 0.2001953125 0.2682291666666667
0 0.89990234375 0.734375 0.2001953125 0.2682291666666667
7 0.89990234375 0.84375 0.2001953125 0.049479166666666664
4 0.2451171875 0.9459635416666666 0.490234375 0.10807291666666667
0 0.2451171875 0.9459635416666666 0.490234375 0.10807291666666667
4 0.7548828125 0.9459635416666666 0.490234375 0.10807291666666667
0 0.7548828125 0.9459635416666666 0.490234375 0.10807291666666667