1 0.279296875 0.03515625 0.162109375 0.041666666666666664
6 0.46044921875 0.037760416666666664 0.0712890625 0.0234375
6 0.54638671875 0.037760416666666664 0.0556640625 0.0234375
0 0.64697265625 0.038411458333333336 0.1005859375 0.04296875
6 0.85498046875 0.036458333333333336 0.0771484375 0.0234375
6 0.93359375 0.036458333333333336 0.041015625 0.0234375
2 0.5 0.18294270833333334 0.666015625 0.07942708333333333
2 0.5 0.30078125 0.201171875 0.0625
4 0.04052734375 0.646484375 0.0810546875 0.33984375
0 0.04052734375 0.6458333333333334 0.0810546875 0.3385416666666667
4 0.03271484375 0.630859375 0.0654296875 0.3216145833333333
0 0.04052734375 0.6458333333333334 0.0810546875 0.3385416666666667
4 0.03662109375 0.6373697916666666 0.0732421875 0.33984375
0 0.04052734375 0.6458333333333334 0.0810546875 0.3385416666666667
0 0.04052734375 0.8528645833333334 0.0810546875 0.0234375
4 0.2177734375 0.646484375 0.1796875 0.33984375
0 0.2177734375 0.6458333333333334 0.1796875 0.3385416666666667
4 0.20947265625 0.6380208333333334 0.1806640625 0.3203125
0 0.2177734375 0.6458333333333334 0.1796875 0.3385416666666667
4 0.20068359375 0.630859375 0.1806640625 0.33984375
0 0.2177734375 0.6458333333333334 0.1796875 0.3385416666666667
0 0.2177734375 0.8528645833333334 0.1796875 0.0234375
4 0.4443359375 0.66015625 0.1796875 0.3125
0 0.4443359375 0.6595052083333334 0.1796875 0.3111979166666667
4 0.43603515625 0.6516927083333334 0.1806640625 0.3111979166666667
0 0.4443359375 0.6595052083333334 0.1796875 0.3111979166666667
4 0.42919921875 0.64453125 0.1806640625 0.3098958333333333
0 0.4443359375 0.6595052083333334 0.1796875 0.3111979166666667
0 0.4443359375 0.8528645833333334 0.1796875 0.0234375
4 0.6708984375 0.6451822916666666 0.1796875 0.33984375
0 0.6708984375 0.6451822916666666 0.1796875 0.33984375
4 0.65380859375 0.6302083333333334 0.1806640625 0.3411458333333333
0 0.6708984375 0.6451822916666666 0.1796875 0.33984375
4 0.66259765625 0.6373697916666666 0.1806640625 0.3424479166666667
0 0.6708984375 0.6451822916666666 0.1796875 0.33984375
0 0.6708984375 0.8528645833333334 0.1796875 0.0234375
4 0.8974609375 0.646484375 0.1796875 0.33984375
0 0.8974609375 0.6458333333333334 0.1796875 0.3385416666666667
4 0.88037109375 0.630859375 0.1806640625 0.33984375
0 0.8974609375 0.6458333333333334 0.1796875 0.3385416666666667
4 0.88916015625 0.6373697916666666 0.1806640625 0.33984375
0 0.8974609375 0.6458333333333334 0.1796875 0.3385416666666667
0 0.8974609375 0.8528645833333334 0.1796875 0.0234375
2 0.5 0.9895833333333334 0.908203125 0.020833333333333332
7 0.36865234375 0.9309895833333334 0.6455078125 0.026041666666666668
6 0.08740234375 0.9596354166666666 0.0830078125 0.026041666666666668
0 0.86328125 0.9440104166666666 0.181640625 0.0546875