0 0.080078125 0.028645833333333332 0.140625 0.0390625
0 0.20849609375 0.028645833333333332 0.0732421875 0.057291666666666664
0 0.34765625 0.028645833333333332 0.16015625 0.057291666666666664
0 0.48095703125 0.028645833333333332 0.0595703125 0.057291666666666664
0 0.55078125 0.028645833333333332 0.03515625 0.057291666666666664
0 0.638671875 0.028645833333333332 0.09375 0.057291666666666664
0 0.74462890625 0.028645833333333332 0.0712890625 0.057291666666666664
0 0.8251953125 0.028645833333333332 0.044921875 0.057291666666666664
0 0.94921875 0.031901041666666664 0.080078125 0.06380208333333333
1 0.3681640625 0.11458333333333333 0.390625 0.052083333333333336
1 0.67578125 0.11458333333333333 0.205078125 0.052083333333333336
1 0.8076171875 0.11458333333333333 0.0390625 0.052083333333333336
2 0.265625 0.4016927083333333 0.439453125 0.14453125
0 0.0966796875 0.515625 0.1015625 0.033854166666666664
4 0.1875 0.9518229166666666 0.224609375 0.09114583333333333
0 0.1875 0.93359375 0.283203125 0.1328125
4 0.49951171875 0.9518229166666666 0.2255859375 0.09114583333333333
0 0.49951171875 0.93359375 0.2841796875 0.1328125
4 0.81201171875 0.9518229166666666 0.2255859375 0.09114583333333333
0 0.81201171875 0.93359375 0.2841796875 0.1328125