7 0.45849609375 0.041015625 0.8349609375 0.045572916666666664
6 0.16064453125 0.0546875 0.0673828125 0.018229166666666668
7 0.361328125 0.0546875 0.3359375 0.018229166666666668
6 0.572265625 0.0546875 0.0859375 0.018229166666666668
7 0.61669921875 0.0546875 0.0048828125 0.018229166666666668
4 0.1494140625 0.09505208333333333 0.216796875 0.11197916666666667
0 0.1494140625 0.09505208333333333 0.216796875 0.11197916666666667
2 0.4541015625 0.09505208333333333 0.3125 0.044270833333333336
1 0.72607421875 0.09440104166666667 0.1416015625 0.053385416666666664
0 0.91259765625 0.09440104166666667 0.0927734375 0.053385416666666664
6 0.0966796875 0.212890625 0.1015625 0.07942708333333333
6 0.25732421875 0.212890625 0.0947265625 0.07942708333333333
6 0.4150390625 0.212890625 0.09765625 0.07942708333333333
6 0.61376953125 0.212890625 0.1767578125 0.07942708333333333
6 0.78369140625 0.212890625 0.0400390625 0.07942708333333333
6 0.8994140625 0.212890625 0.068359375 0.07942708333333333
4 0.333984375 0.4811197916666667 0.48828125 0.45703125
0 0.5 0.4811197916666667 0.91796875 0.45703125
7 0.7607421875 0.3971354166666667 0.3046875 0.13020833333333334
7 0.7607421875 0.5006510416666666 0.3046875 0.06380208333333333
7 0.7607421875 0.5904947916666666 0.3046875 0.055989583333333336
4 0.107421875 0.6217447916666666 0.0625 0.08463541666666667
4 0.583984375 0.333984375 0.046875 0.06380208333333333
4 0.53125 0.2897135416666667 0.0234375 0.032552083333333336
2 0.5 0.7760416666666666 0.87890625 0.03125
2 0.5 0.8203125 0.87890625 0.03125
2 0.169921875 0.9817708333333334 0.21875 0.036458333333333336
2 0.47021484375 0.9817708333333334 0.1962890625 0.036458333333333336
2 0.80029296875 0.9817708333333334 0.2314453125 0.036458333333333336