0 0.09375 0.02734375 0.08203125 0.0546875
0 0.17822265625 0.02734375 0.0751953125 0.0546875
7 0.287109375 0.025390625 0.1171875 0.032552083333333336
0 0.44287109375 0.029296875 0.4287109375 0.032552083333333336
7 0.47705078125 0.028645833333333332 0.2646484375 0.03125
7 0.71826171875 0.025390625 0.0830078125 0.03515625
0 0.76123046875 0.02734375 0.1962890625 0.0546875
7 0.80224609375 0.025390625 0.0869140625 0.03515625
0 0.90625 0.02734375 0.08203125 0.0546875
7 0.5 0.10546875 0.89453125 0.059895833333333336
6 0.2451171875 0.20247395833333334 0.11328125 0.05078125
1 0.490234375 0.203125 0.365234375 0.052083333333333336
7 0.68505859375 0.20247395833333334 0.0263671875 0.05078125
7 0.7744140625 0.20377604166666666 0.07421875 0.037760416666666664
0 0.75439453125 0.20638020833333334 0.1142578125 0.037760416666666664
2 0.49951171875 0.3470052083333333 0.9208984375 0.05078125
0 0.5 0.298828125 0.89453125 0.055989583333333336
2 0.125 0.3678385416666667 0.14453125 0.029947916666666668
6 0.1416015625 0.4420572916666667 0.134765625 0.029947916666666668
6 0.2021484375 0.4772135416666667 0.255859375 0.029947916666666668
6 0.20263671875 0.5247395833333334 0.2568359375 0.0546875
6 0.1376953125 0.572265625 0.126953125 0.029947916666666668
6 0.1484375 0.607421875 0.1484375 0.029947916666666668
2 0.46533203125 0.3678385416666667 0.2294921875 0.029947916666666668
6 0.40283203125 0.4420572916666667 0.0556640625 0.029947916666666668
6 0.40673828125 0.4772135416666667 0.0634765625 0.029947916666666668
6 0.44384765625 0.5123697916666666 0.1376953125 0.029947916666666668
6 0.43994140625 0.5475260416666666 0.1298828125 0.029947916666666668
6 0.42822265625 0.5826822916666666 0.1064453125 0.029947916666666668
2 0.71923828125 0.3678385416666667 0.1416015625 0.029947916666666668
0 0.923828125 0.607421875 0.046875 0.029947916666666668
7 0.76806640625 0.4537760416666667 0.2392578125 0.061197916666666664
6 0.7724609375 0.4850260416666667 0.248046875 0.061197916666666664
7 0.77294921875 0.5162760416666666 0.2490234375 0.061197916666666664
6 0.78515625 0.5475260416666666 0.2734375 0.061197916666666664
7 0.71826171875 0.5631510416666666 0.0048828125 0.029947916666666668
2 0.1298828125 0.6881510416666666 0.150390625 0.029947916666666668
0 0.1162109375 0.7565104166666666 0.123046875 0.03125
0 0.232421875 0.7565104166666666 0.099609375 0.03125
7 0.169921875 0.8072916666666666 0.23046875 0.03125
4 0.294921875 0.8072916666666666 0.013671875 0.026041666666666668
7 0.16455078125 0.8470052083333334 0.2197265625 0.029947916666666668
4 0.28466796875 0.8470052083333334 0.0146484375 0.024739583333333332
7 0.15576171875 0.8860677083333334 0.2021484375 0.029947916666666668
4 0.2685546875 0.8860677083333334 0.017578125 0.024739583333333332
0 0.115234375 0.9303385416666666 0.12109375 0.01953125
2 0.435546875 0.6881510416666666 0.16015625 0.029947916666666668
6 0.56689453125 0.7623697916666666 0.3798828125 0.029947916666666668
6 0.6015625 0.7975260416666666 0.44921875 0.029947916666666668
6 0.4716796875 0.8326822916666666 0.189453125 0.029947916666666668
6 0.56689453125 0.8678385416666666 0.3798828125 0.029947916666666668
6 0.64892578125 0.9029947916666666 0.5439453125 0.029947916666666668
6 0.3935546875 0.962890625 0.076171875 0.029947916666666668