4 0.1083984375 0.19921875 0.169921875 0.052083333333333336
0 0.5107421875 0.20182291666666666 0.1875 0.057291666666666664
0 0.66943359375 0.20182291666666666 0.1298828125 0.057291666666666664
0 0.8076171875 0.20182291666666666 0.146484375 0.057291666666666664
4 0.91796875 0.20182291666666666 0.03515625 0.046875
4 0.94921875 0.20182291666666666 0.015625 0.020833333333333332
2 0.033203125 0.3899739583333333 0.01953125 0.06380208333333333
2 0.29833984375 0.390625 0.5107421875 0.07552083333333333
2 0.291015625 0.4850260416666667 0.53515625 0.08203125
1 0.291015625 0.599609375 0.53515625 0.055989583333333336
4 0.1767578125 0.8248697916666666 0.275390625 0.10546875
0 0.1767578125 0.84375 0.275390625 0.14322916666666666
7 0.1767578125 0.900390625 0.18359375 0.029947916666666668
7 0.1767578125 0.947265625 0.275390625 0.06380208333333333
4 0.5 0.8248697916666666 0.275390625 0.10546875
0 0.5 0.84375 0.275390625 0.14322916666666666
7 0.5 0.900390625 0.216796875 0.029947916666666668
7 0.5 0.947265625 0.275390625 0.06380208333333333
4 0.8232421875 0.8248697916666666 0.275390625 0.10546875
0 0.8232421875 0.859375 0.275390625 0.17447916666666666
7 0.82373046875 0.916015625 0.2216796875 0.061197916666666664
7 0.8232421875 0.9733072916666666 0.275390625 0.053385416666666664
0 0.98046875 0.07877604166666667 0.01953125 0.02734375
3 0.5 0.07877604166666667 1 0.15755208333333334