4 0.03125 0.026041666666666668 0.0390625 0.052083333333333336
7 0.35986328125 0.026041666666666668 0.6181640625 0.036458333333333336
6 0.7490234375 0.026041666666666668 0.095703125 0.033854166666666664
0 0.7490234375 0.026041666666666668 0.14453125 0.036458333333333336
0 0.08203125 0.13151041666666666 0.140625 0.078125
1 0.904296875 0.08203125 0.126953125 0.028645833333333332
4 0.9775390625 0.08203125 0.01953125 0.028645833333333332
6 0.7451171875 0.078125 0.04296875 0.0234375
6 0.80859375 0.078125 0.04296875 0.0234375
0 0.92578125 0.15234375 0.125 0.033854166666666664
5 0.7861328125 0.15299479166666666 0.095703125 0.02734375
4 0.5 0.4856770833333333 1 0.6197916666666666
7 0.5 0.486328125 0.458984375 0.3268229166666667
7 0.61474609375 0.4290364583333333 0.2001953125 0.07682291666666667
7 0.49462890625 0.4986979166666667 0.1533203125 0.078125
7 0.57666015625 0.4993489583333333 0.0107421875 0.07682291666666667
0 0.5576171875 0.6243489583333334 0.361328125 0.053385416666666664
7 0.5 0.8776041666666666 0.1953125 0.049479166666666664
7 0.49658203125 0.9322916666666666 0.0556640625 0.049479166666666664
7 0.52734375 0.9322916666666666 0.0078125 0.049479166666666664
7 0.5 0.9811197916666666 0.12890625 0.037760416666666664
5 0.9345703125 0.9830729166666666 0.111328125 0.033854166666666664