7 0.08544921875 0.03515625 0.1279296875 0.020833333333333332
0 0.08544921875 0.035807291666666664 0.1279296875 0.01953125
7 0.23974609375 0.03515625 0.1337890625 0.020833333333333332
0 0.23974609375 0.035807291666666664 0.1337890625 0.01953125
7 0.3876953125 0.03515625 0.1171875 0.020833333333333332
0 0.3876953125 0.035807291666666664 0.1171875 0.01953125
7 0.5078125 0.03515625 0.078125 0.020833333333333332
0 0.5078125 0.035807291666666664 0.078125 0.01953125
7 0.65771484375 0.03515625 0.1767578125 0.020833333333333332
0 0.65771484375 0.035807291666666664 0.1767578125 0.01953125
7 0.8349609375 0.03515625 0.130859375 0.020833333333333332
0 0.8349609375 0.035807291666666664 0.130859375 0.01953125
7 0.96142578125 0.03515625 0.0771484375 0.020833333333333332
0 0.96142578125 0.035807291666666664 0.0771484375 0.01953125
7 0.18994140625 0.15559895833333334 0.0498046875 0.024739583333333332
0 0.18994140625 0.15625 0.0927734375 0.041666666666666664
7 0.3427734375 0.15559895833333334 0.125 0.024739583333333332
0 0.3427734375 0.15625 0.16796875 0.041666666666666664
7 0.501953125 0.15559895833333334 0.0625 0.024739583333333332
0 0.501953125 0.15625 0.10546875 0.041666666666666664
7 0.61767578125 0.15559895833333334 0.0380859375 0.024739583333333332
0 0.61767578125 0.15625 0.0810546875 0.041666666666666664
3 0.5 0.4446614583333333 1 0.7513020833333334
0 0.5 0.4446614583333333 1 0.7513020833333334
4 0.12646484375 0.8606770833333334 0.2099609375 0.15885416666666666
0 0.12646484375 0.890625 0.2099609375 0.21875
2 0.12646484375 0.9759114583333334 0.2099609375 0.048177083333333336
4 0.37548828125 0.8606770833333334 0.2099609375 0.15885416666666666
0 0.37548828125 0.890625 0.2099609375 0.21875
2 0.37548828125 0.9759114583333334 0.2099609375 0.048177083333333336
4 0.62451171875 0.8606770833333334 0.2099609375 0.15885416666666666
0 0.62451171875 0.890625 0.2099609375 0.21875
2 0.62451171875 0.9759114583333334 0.2099609375 0.048177083333333336
4 0.87353515625 0.8606770833333334 0.2099609375 0.15885416666666666
0 0.87353515625 0.890625 0.2099609375 0.21875
2 0.87353515625 0.9759114583333334 0.2099609375 0.048177083333333336