7 0.4189453125 0.9524739583333334 0.724609375 0.048177083333333336
6 0.70068359375 0.9661458333333334 0.0908203125 0.020833333333333332
0 0.89599609375 0.953125 0.0537109375 0.020833333333333332
0 0.0390625 0.05078125 0.029296875 0.0390625
4 0.1318359375 0.051432291666666664 0.126953125 0.045572916666666664
0 0.1318359375 0.052734375 0.126953125 0.048177083333333336
0 0.9306640625 0.052083333333333336 0.109375 0.0546875
7 0.4287109375 0.13606770833333334 0.29296875 0.029947916666666668
7 0.638671875 0.13606770833333334 0.12890625 0.029947916666666668
0 0 0.2610677083333333 0 0.06380208333333333
0 0 0.3248697916666667 0 0.06380208333333333
0 0 0.388671875 0 0.06380208333333333
0 0 0.4524739583333333 0 0.06380208333333333
4 0 0.46484375 0 0.078125
2 0.330078125 0.64453125 0.630859375 0.3671875
2 0.2734375 0.6236979166666666 0.517578125 0.140625
7 0.33154296875 0.7044270833333334 0.6337890625 0.044270833333333336
0 0.091796875 0.7923177083333334 0.154296875 0.07161458333333333