2 0.1865234375 0.052734375 0.373046875 0.06640625
0 0.64111328125 0.07682291666666667 0.0595703125 0.07552083333333333
0 0.70849609375 0.07682291666666667 0.0556640625 0.07552083333333333
0 0.78662109375 0.07682291666666667 0.0810546875 0.07552083333333333
0 0.8671875 0.07682291666666667 0.060546875 0.07552083333333333
0 0.95361328125 0.07682291666666667 0.0927734375 0.07552083333333333
2 0.77880859375 0.20182291666666666 0.3779296875 0.07291666666666667
7 0.77880859375 0.3151041666666667 0.3779296875 0.125
6 0.6298828125 0.4283854166666667 0.080078125 0.026041666666666668
7 0.6884765625 0.4283854166666667 0.021484375 0.026041666666666668
0 0.80419921875 0.42578125 0.1826171875 0.052083333333333336
4 0.28173828125 0.3352864583333333 0.4814453125 0.41015625
7 0.29443359375 0.5455729166666666 0.1826171875 0.036458333333333336
2 0.615234375 0.5169270833333334 0.0546875 0.018229166666666668
2 0.6259765625 0.5390625 0.076171875 0.026041666666666668
1 0.8125 0.52734375 0.244140625 0.036458333333333336
1 0.9189453125 0.52734375 0.03125 0.036458333333333336
2 0.10888671875 0.6497395833333334 0.0908203125 0.03125
2 0.208984375 0.6497395833333334 0.111328125 0.03125
6 0.19677734375 0.708984375 0.2666015625 0.02734375
0 0.1796875 0.7259114583333334 0.30078125 0.061197916666666664
7 0.0966796875 0.7415364583333334 0.06640625 0.022135416666666668
6 0.19677734375 0.7923177083333334 0.2666015625 0.02734375
0 0.1796875 0.8092447916666666 0.30078125 0.061197916666666664
7 0.0927734375 0.8248697916666666 0.05859375 0.022135416666666668
6 0.19677734375 0.8756510416666666 0.2666015625 0.02734375
0 0.1796875 0.892578125 0.30078125 0.061197916666666664
7 0.10009765625 0.908203125 0.0732421875 0.022135416666666668
6 0.19677734375 0.958984375 0.2666015625 0.02734375
0 0.1796875 0.97265625 0.30078125 0.0546875
7 0.10400390625 0.990234375 0.0810546875 0.01953125
2 0.408203125 0.6497395833333334 0.048828125 0.03125
2 0.49951171875 0.7513020833333334 0.2998046875 0.109375
7 0.35791015625 0.82421875 0.0166015625 0.020833333333333332
6 0.41650390625 0.82421875 0.1025390625 0.020833333333333332
7 0.47705078125 0.82421875 0.0205078125 0.020833333333333332
7 0.525390625 0.82421875 0.078125 0.020833333333333332
7 0.5 0.92578125 0.30078125 0.1484375
2 0.79833984375 0.6497395833333334 0.1884765625 0.03125
4 0.81689453125 0.8463541666666666 0.2939453125 0.3072916666666667
1 0.91357421875 0.9459635416666666 0.1298828125 0.05078125
7 0.29248046875 0.9322916666666666 0.5244140625 0.018229166666666668
7 0.21044921875 0.9557291666666666 0.3603515625 0.018229166666666668
6 0.42626953125 0.9557291666666666 0.0712890625 0.018229166666666668