4 0.49951171875 0.3619791666666667 0.0947265625 0.125
7 0.5 0.4661458333333333 0.404296875 0.036458333333333336
7 0.4951171875 0.5572916666666666 0.39453125 0.07291666666666667
0 0.56982421875 0.5846354166666666 0.1025390625 0.03125
7 0.39501953125 0.6744791666666666 0.1630859375 0.03125
0 0.39501953125 0.6744791666666666 0.1943359375 0.057291666666666664
7 0.6044921875 0.6744791666666666 0.1640625 0.03125
0 0.6044921875 0.6744791666666666 0.1953125 0.057291666666666664
4 0.04296875 0.0390625 0.02734375 0.052083333333333336
0 0.04296875 0.0390625 0.046875 0.078125
7 0.14306640625 0.0390625 0.0947265625 0.020833333333333332
0 0.14306640625 0.0390625 0.1142578125 0.078125
7 0.2646484375 0.0390625 0.072265625 0.020833333333333332
0 0.2646484375 0.0390625 0.091796875 0.078125
7 0.37353515625 0.0390625 0.0693359375 0.020833333333333332
0 0.37353515625 0.0390625 0.0888671875 0.078125
7 0.4755859375 0.0390625 0.05859375 0.020833333333333332
0 0.4755859375 0.0390625 0.078125 0.078125
7 0.8564453125 0.0390625 0.01953125 0.020833333333333332
0 0.84375 0.0390625 0.064453125 0.078125
7 0.9189453125 0.0390625 0.044921875 0.020833333333333332
0 0.93310546875 0.0390625 0.0947265625 0.078125
4 0.037109375 0.10416666666666667 0.07421875 0.052083333333333336
0 0.5 0.10416666666666667 1 0.052083333333333336
4 0.5537109375 0.10416666666666667 0.892578125 0.052083333333333336
7 0.52978515625 0.10416666666666667 0.3603515625 0.052083333333333336
4 0.72119140625 0.10416666666666667 0.0244140625 0.03125
2 0.3583984375 0.171875 0.658203125 0.03125
4 0.0615234375 0.5345052083333334 0.025390625 0.048177083333333336
2 0.134765625 0.5944010416666666 0.171875 0.032552083333333336
7 0.21044921875 0.6302083333333334 0.3232421875 0.026041666666666668
4 0.537109375 0.5345052083333334 0.025390625 0.048177083333333336
2 0.62158203125 0.5944010416666666 0.1943359375 0.032552083333333336
7 0.708984375 0.6302083333333334 0.369140625 0.026041666666666668
4 0.0615234375 0.958984375 0.025390625 0.048177083333333336
2 0.13232421875 0.9967447916666666 0.1669921875 0.006510416666666667
2 0.4384765625 0.9967447916666666 0.142578125 0.006510416666666667
2 0.716796875 0.9967447916666666 0.072265625 0.006510416666666667