7 0.27197265625 0.037760416666666664 0.1044921875 0.028645833333333332
0 0.27197265625 0.037760416666666664 0.1044921875 0.07291666666666667
7 0.3896484375 0.037760416666666664 0.087890625 0.028645833333333332
0 0.3896484375 0.037760416666666664 0.087890625 0.07291666666666667
7 0.4814453125 0.037760416666666664 0.052734375 0.028645833333333332
0 0.4814453125 0.037760416666666664 0.052734375 0.07291666666666667
7 0.57275390625 0.037760416666666664 0.0869140625 0.028645833333333332
0 0.57275390625 0.037760416666666664 0.0869140625 0.07291666666666667
0 0.9375 0.03515625 0.04296875 0.03125
7 0.1884765625 0.10546875 0.212890625 0.020833333333333332
7 0.4921875 0.12044270833333333 0.87109375 0.061197916666666664
6 0.4990234375 0.15234375 0.884765625 0.059895833333333336
2 0.5 0.3743489583333333 0.91796875 0.07942708333333333
7 0.41357421875 0.4524739583333333 0.2958984375 0.03515625
6 0.6474609375 0.4524739583333333 0.173828125 0.03515625
0 0.5 0.533203125 0.1484375 0.05859375
7 0.07470703125 0.7161458333333334 0.0556640625 0.020833333333333332
4 0.26611328125 0.8561197916666666 0.4482421875 0.2877604166666667
0 0.26611328125 0.8561197916666666 0.4482421875 0.2877604166666667
2 0.7216796875 0.7805989583333334 0.423828125 0.08463541666666667
0 0.7216796875 0.7805989583333334 0.423828125 0.08463541666666667
7 0.70703125 0.8971354166666666 0.39453125 0.12239583333333333
6 0.83935546875 0.9440104166666666 0.0361328125 0.028645833333333332
4 0.52392578125 0.9973958333333334 0.0283203125 0.005208333333333333
7 0.57763671875 0.9954427083333334 0.0576171875 0.009114583333333334
7 0.7109375 0.998046875 0.04296875 0.00390625
7 0.833984375 0.998046875 0.064453125 0.00390625
7 0.5 0.85546875 0.9375 0.2890625