7 0.16552734375 0.107421875 0.1318359375 0.045572916666666664
0 0.138671875 0.07161458333333333 0.1953125 0.1171875
6 0.30810546875 0.10481770833333333 0.0849609375 0.03515625
6 0.4130859375 0.10481770833333333 0.05078125 0.03515625
6 0.501953125 0.10481770833333333 0.052734375 0.03515625
1 0.74755859375 0.109375 0.1767578125 0.049479166666666664
0 0.85546875 0.109375 0.037109375 0.049479166666666664
0 0.91943359375 0.109375 0.0791015625 0.052083333333333336
4 0.5 0.20703125 0.9375 0.1171875
0 0.5 0.20703125 0.9375 0.1171875
2 0.5 0.6354166666666666 1 0.7291666666666666
2 0.5 0.6354166666666666 0.91796875 0.7291666666666666
6 0.12158203125 0.6953125 0.1357421875 0.026041666666666668
2 0.2294921875 0.728515625 0.3515625 0.04296875
0 0.11279296875 0.8170572916666666 0.1220703125 0.053385416666666664
4 0.265625 0.4993489583333333 0.44921875 0.3372395833333333
0 0.265625 0.4993489583333333 0.44921875 0.3372395833333333
7 0.44775390625 0.634765625 0.0849609375 0.06640625
6 0.5693359375 0.51171875 0.115234375 0.026041666666666668
2 0.61474609375 0.5891927083333334 0.2060546875 0.13151041666666666
4 0.6171875 0.4114583333333333 0.21484375 0.16145833333333334
0 0.6171875 0.4114583333333333 0.21484375 0.16145833333333334
7 0.69775390625 0.470703125 0.0537109375 0.04296875
6 0.787109375 0.51171875 0.08203125 0.026041666666666668
2 0.845703125 0.556640625 0.19921875 0.06640625
4 0.8515625 0.4114583333333333 0.21484375 0.16145833333333334
0 0.8515625 0.4114583333333333 0.21484375 0.16145833333333334
7 0.93310546875 0.470703125 0.0517578125 0.04296875
6 0.537109375 0.8645833333333334 0.05078125 0.026041666666666668
2 0.60205078125 0.92578125 0.1806640625 0.09895833333333333
4 0.6171875 0.7643229166666666 0.21484375 0.16145833333333334
0 0.6171875 0.7643229166666666 0.21484375 0.16145833333333334
7 0.69775390625 0.8235677083333334 0.0537109375 0.04296875
6 0.771484375 0.8645833333333334 0.05078125 0.026041666666666668
2 0.8466796875 0.9095052083333334 0.201171875 0.06640625
4 0.8515625 0.7643229166666666 0.21484375 0.16145833333333334
0 0.8515625 0.7643229166666666 0.21484375 0.16145833333333334
7 0.93115234375 0.8235677083333334 0.0556640625 0.04296875