0 0.0244140625 0.028645833333333332 0.048828125 0.057291666666666664
6 0.0244140625 0.08463541666666667 0.048828125 0.052083333333333336
6 0.0244140625 0.13671875 0.048828125 0.052083333333333336
6 0.0244140625 0.18880208333333334 0.048828125 0.052083333333333336
6 0.0244140625 0.24088541666666666 0.048828125 0.052083333333333336
6 0.0244140625 0.29296875 0.048828125 0.052083333333333336
6 0.0244140625 0.3450520833333333 0.048828125 0.052083333333333336
0 0.0244140625 0.40234375 0.03125 0.036458333333333336
0 0.0244140625 0.4518229166666667 0.03125 0.036458333333333336
7 0.0244140625 0.921875 0.03125 0.041666666666666664
6 0.02880859375 0.9609375 0.0400390625 0.0390625
4 0.0830078125 0.045572916666666664 0.0390625 0.052083333333333336
7 0.14501953125 0.032552083333333336 0.0654296875 0.026041666666666668
7 0.44873046875 0.045572916666666664 0.1220703125 0.052083333333333336
4 0.28662109375 0.3821614583333333 0.4462890625 0.5950520833333334
4 0.0830078125 0.7252604166666666 0.0390625 0.052083333333333336
7 0.15234375 0.7096354166666666 0.080078125 0.018229166666666668
7 0.216796875 0.7096354166666666 0.041015625 0.018229166666666668
4 0.24951171875 0.7096354166666666 0.0166015625 0.020833333333333332
7 0.44873046875 0.7252604166666666 0.1220703125 0.052083333333333336
2 0.76220703125 0.13671875 0.3056640625 0.15625
7 0.767578125 0.3020833333333333 0.189453125 0.028645833333333332
7 0.75830078125 0.3515625 0.1708984375 0.028645833333333332
7 0.7783203125 0.4010416666666667 0.2109375 0.028645833333333332
0 0.76220703125 0.5065104166666666 0.2880859375 0.078125
4 0.6318359375 0.6497395833333334 0.05859375 0.078125
0 0.6318359375 0.669921875 0.09765625 0.11848958333333333
7 0.63134765625 0.71875 0.0810546875 0.020833333333333332
4 0.76220703125 0.6497395833333334 0.0595703125 0.078125
0 0.76220703125 0.669921875 0.0986328125 0.11848958333333333
7 0.7626953125 0.71875 0.091796875 0.020833333333333332
4 0.892578125 0.6497395833333334 0.05859375 0.078125
0 0.892578125 0.669921875 0.09765625 0.11848958333333333
7 0.89306640625 0.71875 0.0771484375 0.020833333333333332
4 0.2783203125 0.919921875 0.33203125 0.16015625
2 0.7294921875 0.865234375 0.271484375 0.05078125
0 0.7294921875 0.9713541666666666 0.146484375 0.057291666666666664