3 0.5 0.08203125 0.7109375 0.1171875
7 0.09521484375 0.15234375 0.1591796875 0.0234375
4 0.029296875 0.19661458333333334 0.025390625 0.033854166666666664
0 0.11376953125 0.1640625 0.0009765625 0
7 0.0693359375 0.19661458333333334 0.03125 0.0390625
7 0.05029296875 0.26171875 0.0517578125 0.06510416666666667
1 0.30029296875 0.19791666666666666 0.1806640625 0.033854166666666664
1 0.4091796875 0.197265625 0.015625 0.01953125
4 0.49853515625 0.19661458333333334 0.0087890625 0.020833333333333332
0 0.49853515625 0.19661458333333334 0.0419921875 0.0546875
4 0.5390625 0.19661458333333334 0.017578125 0.020833333333333332
0 0.53955078125 0.19661458333333334 0.0419921875 0.0546875
4 0.580078125 0.19661458333333334 0.015625 0.020833333333333332
0 0.580078125 0.19661458333333334 0.041015625 0.0546875
4 0.62109375 0.19661458333333334 0.013671875 0.020833333333333332
0 0.62158203125 0.19661458333333334 0.0419921875 0.0546875
4 0.662109375 0.19661458333333334 0.015625 0.020833333333333332
0 0.66259765625 0.19661458333333334 0.0419921875 0.0546875
7 0.82470703125 0.18815104166666666 0.1103515625 0.02734375
0 0.82470703125 0.19661458333333334 0.1767578125 0.0703125
7 0.82470703125 0.2109375 0.1572265625 0.015625
7 0.5185546875 0.2610677083333333 0.04296875 0.01953125
4 0.08203125 0.2649739583333333 0.134765625 0.037760416666666664
0 0.63916015625 0.22916666666666666 0.0009765625 0
7 0.1787109375 0.2649739583333333 0.029296875 0.040364583333333336
0 0.2138671875 0.2649739583333333 0.12890625 0.07161458333333333
7 0.2333984375 0.2649739583333333 0.060546875 0.040364583333333336
3 0.5 0.4869791666666667 0.947265625 0.3255208333333333
2 0.0625 0.6920572916666666 0.044921875 0.024739583333333332
2 0.126953125 0.6920572916666666 0.083984375 0.024739583333333332
4 0.1357421875 0.810546875 0.19140625 0.17057291666666666
0 0.1455078125 0.810546875 0.2109375 0.17057291666666666
6 0.42529296875 0.810546875 0.3486328125 0.053385416666666664
6 0.80126953125 0.7532552083333334 0.2880859375 0.024739583333333332
6 0.796875 0.810546875 0.279296875 0.048177083333333336
6 0.80322265625 0.8678385416666666 0.2919921875 0.048177083333333336
2 0.09716796875 0.955078125 0.0810546875 0.024739583333333332
2 0.16015625 0.955078125 0.044921875 0.024739583333333332
4 0.10595703125 0.998046875 0.1318359375 0.00390625
0 0.17138671875 0.99609375 0.0009765625 0
4 0.2607421875 0.998046875 0.1328125 0.00390625
0 0.32666015625 0.99609375 0.0009765625 0
4 0.416015625 0.998046875 0.1328125 0.00390625
0 0.48193359375 0.99609375 0.0009765625 0
4 0.5712890625 0.998046875 0.1328125 0.00390625
0 0.63720703125 0.99609375 0.0009765625 0
3 0.82275390625 0.9680989583333334 0.2939453125 0.06380208333333333
4 0.7734375 0.20052083333333334 0.01953125 0.026041666666666668
0 0.7763671875 0.19661458333333334 0.033203125 0.044270833333333336
4 0.5 0.5 0.5859375 0.6510416666666666
0 0.5 0.5 0.5859375 0.6510416666666666