4 0.5 0.095703125 0.951171875 0.18359375
2 0.17431640625 0.08203125 0.2724609375 0.1328125
0 0.17431640625 0.08203125 0.2724609375 0.1328125
2 0.49951171875 0.0859375 0.3232421875 0.11458333333333333
0 0.84326171875 0.03515625 0.1279296875 0.036458333333333336
0 0.943359375 0.03515625 0.06640625 0.036458333333333336
1 0.81201171875 0.080078125 0.2021484375 0.037760416666666664
1 0.9443359375 0.080078125 0.0625 0.037760416666666664
6 0.72998046875 0.13020833333333334 0.0283203125 0.018229166666666668
6 0.76220703125 0.13020833333333334 0.0244140625 0.018229166666666668
6 0.80322265625 0.13020833333333334 0.0458984375 0.018229166666666668
6 0.85546875 0.13020833333333334 0.044921875 0.018229166666666668
6 0.904296875 0.13020833333333334 0.04296875 0.018229166666666668
7 0.9462890625 0.13020833333333334 0.02734375 0.018229166666666668
0 0.95166015625 0.13020833333333334 0.0380859375 0.018229166666666668
2 0.5 0.18880208333333334 0.951171875 0.057291666666666664
7 0.05615234375 0.18880208333333334 0.0400390625 0.026041666666666668
0 0.0595703125 0.18880208333333334 0.0703125 0.057291666666666664
4 0.06201171875 0.21354166666666666 0.0166015625 0.010416666666666666
7 0.1513671875 0.18880208333333334 0.07421875 0.026041666666666668
0 0.15087890625 0.18880208333333334 0.1123046875 0.057291666666666664
7 0.3115234375 0.18880208333333334 0.169921875 0.026041666666666668
0 0.31103515625 0.18880208333333334 0.2080078125 0.057291666666666664
7 0.48828125 0.18880208333333334 0.107421875 0.026041666666666668
0 0.48779296875 0.18880208333333334 0.1455078125 0.057291666666666664
7 0.65625 0.18880208333333334 0.15234375 0.026041666666666668
0 0.65576171875 0.18880208333333334 0.1904296875 0.057291666666666664
7 0.7978515625 0.18880208333333334 0.0546875 0.026041666666666668
0 0.79736328125 0.18880208333333334 0.0927734375 0.057291666666666664
7 0.8935546875 0.18880208333333334 0.060546875 0.026041666666666668
0 0.89306640625 0.18880208333333334 0.0986328125 0.057291666666666664
4 0.37646484375 0.4069010416666667 0.6748046875 0.3502604166666667
0 0.0390625 0.23177083333333334 0 0
2 0.37646484375 0.5494791666666666 0.6552734375 0.028645833333333332
0 0.65283203125 0.6204427083333334 0.1025390625 0.03515625
0 0.64501953125 0.6647135416666666 0.1201171875 0.055989583333333336
7 0.37646484375 0.634765625 0.6552734375 0.06380208333333333
7 0.37890625 0.7259114583333334 0.037109375 0.01953125
0 0.35595703125 0.7233072916666666 0.0107421875 0.014322916666666666
7 0.43896484375 0.7259114583333334 0.0849609375 0.01953125
0 0.37158203125 0.7233072916666666 0.0107421875 0.014322916666666666
0 0.38720703125 0.7233072916666666 0.0107421875 0.014322916666666666
0 0.40283203125 0.7233072916666666 0.0107421875 0.014322916666666666
0 0.41845703125 0.7233072916666666 0.0107421875 0.014322916666666666
0 0.43408203125 0.7233072916666666 0.0107421875 0.014322916666666666
0 0.44970703125 0.7233072916666666 0.0107421875 0.014322916666666666
2 0.85595703125 0.24348958333333334 0.2197265625 0.020833333333333332
0 0.76171875 0.28125 0.03125 0.041666666666666664
0 0.7978515625 0.28125 0.03125 0.041666666666666664
0 0.833984375 0.28125 0.03125 0.041666666666666664
0 0.8701171875 0.28125 0.03125 0.041666666666666664
0 0.90625 0.28125 0.03125 0.041666666666666664
0 0.9423828125 0.28125 0.03125 0.041666666666666664
3 0.85595703125 0.53515625 0.2197265625 0.4192708333333333
2 0.19384765625 0.796875 0.2861328125 0.0234375
4 0.0830078125 0.85546875 0.068359375 0.059895833333333336
2 0.1875 0.8365885416666666 0.12109375 0.022135416666666668
7 0.19287109375 0.869140625 0.1318359375 0.04296875
4 0.083984375 0.9420572916666666 0.0703125 0.06380208333333333
2 0.1923828125 0.9212239583333334 0.126953125 0.022135416666666668
7 0.19482421875 0.9537760416666666 0.1318359375 0.04296875
6 0.1103515625 0.998046875 0.123046875 0.00390625
2 0.50341796875 0.796875 0.2861328125 0.0234375
4 0.3828125 0.8567708333333334 0.048828125 0.0625
0 0.5634765625 0.826171875 0 0.0013020833333333333
2 0.46875 0.8365885416666666 0.103515625 0.022135416666666668
7 0.490234375 0.869140625 0.146484375 0.04296875
4 0.3828125 0.9427083333333334 0.048828125 0.06510416666666667
0 0.5634765625 0.9108072916666666 0 0.0013020833333333333
2 0.48291015625 0.9322916666666666 0.1318359375 0.044270833333333336
7 0.42822265625 0.9654947916666666 0.0224609375 0.01953125
7 0.4970703125 0.9654947916666666 0.115234375 0.01953125
7 0.46044921875 0.98828125 0.0869140625 0.0234375
2 0.81298828125 0.796875 0.2861328125 0.0234375
4 0.701171875 0.876953125 0.06640625 0.08984375
2 0.80810546875 0.8430989583333334 0.1240234375 0.01953125
7 0.81103515625 0.8912760416666666 0.2861328125 0.06380208333333333
0 0.7470703125 0.9459635416666666 0.158203125 0.022135416666666668
0 0.72998046875 0.9694010416666666 0.1240234375 0.022135416666666668
0 0.724609375 0.9908854166666666 0.11328125 0.018229166666666668