0 0.08056640625 0.016927083333333332 0.0966796875 0.033854166666666664
0 0.1669921875 0.016927083333333332 0.078125 0.033854166666666664
0 0.23974609375 0.016927083333333332 0.0693359375 0.033854166666666664
4 0.080078125 0.039713541666666664 0.095703125 0.00390625
0 0.93408203125 0.016927083333333332 0.0673828125 0.033854166666666664
0 0.86279296875 0.016927083333333332 0.0751953125 0.033854166666666664
0 0.7841796875 0.016927083333333332 0.083984375 0.033854166666666664
0 0.708984375 0.016927083333333332 0.068359375 0.033854166666666664
6 0.6396484375 0.018229166666666668 0.041015625 0.018229166666666668
0 0.63916015625 0.016927083333333332 0.0732421875 0.033854166666666664
2 0.7626953125 0.2708333333333333 0.138671875 0.1953125
1 0.41552734375 0.2734375 0.3466796875 0.044270833333333336
1 0.60693359375 0.2747395833333333 0.0322265625 0.041666666666666664
1 0.6416015625 0.2747395833333333 0.03125 0.041666666666666664
0 0.53564453125 0.3092447916666667 0.0888671875 0.01953125
1 0.24755859375 0.3118489583333333 0.0126953125 0.016927083333333332
7 0.29931640625 0.3151041666666667 0.0849609375 0.015625
7 0.44287109375 0.4440104166666667 0.0634765625 0.018229166666666668
6 0.50390625 0.4440104166666667 0.060546875 0.018229166666666668
7 0.53857421875 0.4440104166666667 0.0107421875 0.018229166666666668
6 0.56640625 0.4440104166666667 0.046875 0.018229166666666668
7 0.46240234375 0.5514322916666666 0.0693359375 0.01953125
4 0.5341796875 0.5319010416666666 0.076171875 0.05078125
6 0.22265625 0.6243489583333334 0.087890625 0.01953125
6 0.37451171875 0.6243489583333334 0.1552734375 0.01953125
6 0.51806640625 0.6243489583333334 0.0732421875 0.01953125
6 0.59765625 0.6243489583333334 0.025390625 0.01953125
6 0.65234375 0.6243489583333334 0.025390625 0.01953125
6 0.71337890625 0.6243489583333334 0.0380859375 0.01953125
6 0.79248046875 0.6243489583333334 0.0595703125 0.01953125
7 0.36328125 0.6842447916666666 0.150390625 0.01953125
6 0.57421875 0.6842447916666666 0.275390625 0.01953125
7 0.4111328125 0.720703125 0.072265625 0.01953125
6 0.53515625 0.720703125 0.1796875 0.01953125