0 0.14697265625 0.01953125 0.2509765625 0.015625
7 0.38720703125 0.01953125 0.2041015625 0.020833333333333332
0 0.38671875 0.01953125 0.228515625 0.015625
0 0.61474609375 0.01953125 0.2275390625 0.015625
6 0.10107421875 0.1328125 0.1708984375 0.10416666666666667
4 0.10107421875 0.1015625 0.1708984375 0.041666666666666664
0 0.10107421875 0.1015625 0.1708984375 0.041666666666666664
0 0.228515625 0.09440104166666667 0.052734375 0.02734375
0 0.33935546875 0.09440104166666667 0.1259765625 0.02734375
0 0.47509765625 0.09440104166666667 0.1025390625 0.02734375
0 0.57275390625 0.09440104166666667 0.0498046875 0.02734375
0 0.634765625 0.09440104166666667 0.03125 0.02734375
4 0.673828125 0.09114583333333333 0.015625 0.020833333333333332
0 0.673828125 0.09114583333333333 0.015625 0.020833333333333332
4 0.3486328125 0.4602864583333333 0.666015625 0.55078125
0 0.3486328125 0.4602864583333333 0.666015625 0.55078125
0 0.3486328125 0.7356770833333334 0.154296875 0.044270833333333336
2 0.3486328125 0.818359375 0.546875 0.11067708333333333
6 0.3486328125 0.90625 0.076171875 0.0234375