4 0.13671875 0.052083333333333336 0.17578125 0.044270833333333336
0 0.13671875 0.052083333333333336 0.1953125 0.10416666666666667
7 0.30517578125 0.052083333333333336 0.1025390625 0.026041666666666668
0 0.30517578125 0.052083333333333336 0.1416015625 0.078125
7 0.42431640625 0.052083333333333336 0.0576171875 0.026041666666666668
0 0.42431640625 0.052083333333333336 0.0966796875 0.078125
7 0.5244140625 0.052083333333333336 0.064453125 0.026041666666666668
0 0.5244140625 0.052083333333333336 0.103515625 0.078125
6 0.61767578125 0.052083333333333336 0.0439453125 0.026041666666666668
6 0.697265625 0.052083333333333336 0.037109375 0.052083333333333336
6 0.7724609375 0.052083333333333336 0.03515625 0.052083333333333336
0 0.88623046875 0.05078125 0.1142578125 0.052083333333333336
0 0.9814453125 0.05078125 0.037109375 0.046875
2 0.2744140625 0.3072916666666667 0.451171875 0.07552083333333333
2 0.15087890625 0.390625 0.2041015625 0.07552083333333333
2 0.283203125 0.5078125 0.46875 0.09895833333333333
1 0.1953125 0.61328125 0.29296875 0.0625
1 0.44287109375 0.61328125 0.1826171875 0.0625
7 0.15234375 0.6829427083333334 0.16796875 0.01953125
6 0.294921875 0.6829427083333334 0.119140625 0.01953125
4 0.7509765625 0.5182291666666666 0.46875 0.6197916666666666
2 0.5 0.951171875 0.69921875 0.053385416666666664
3 0.91015625 0.912109375 0.1015625 0.07161458333333333