4 0.5 0.032552083333333336 0.4765625 0.0390625
0 0.5 0.032552083333333336 0.4765625 0.06510416666666667
4 0.5 0.032552083333333336 0.4765625 0.0390625
4 0.779296875 0.032552083333333336 0.033203125 0.044270833333333336
0 0.80126953125 0.032552083333333336 0.0771484375 0.06510416666666667
6 0.8193359375 0.032552083333333336 0.041015625 0.036458333333333336
0 0.916015625 0.032552083333333336 0.12109375 0.041666666666666664
6 0.04736328125 0.09114583333333333 0.0478515625 0.020833333333333332
6 0.12890625 0.09114583333333333 0.0625 0.020833333333333332
6 0.22509765625 0.09114583333333333 0.0791015625 0.020833333333333332
6 0.34375 0.09114583333333333 0.10546875 0.020833333333333332
6 0.46923828125 0.09114583333333333 0.0947265625 0.020833333333333332
6 0.580078125 0.09114583333333333 0.076171875 0.020833333333333332
6 0.6767578125 0.09114583333333333 0.064453125 0.020833333333333332
6 0.791015625 0.09114583333333333 0.11328125 0.020833333333333332
6 0.92529296875 0.09114583333333333 0.1025390625 0.020833333333333332
4 0.1689453125 0.2571614583333333 0.291015625 0.21744791666666666
6 0.658203125 0.18815104166666666 0.63671875 0.01953125
2 0.658203125 0.24283854166666666 0.63671875 0.07161458333333333
7 0.65771484375 0.3131510416666667 0.6357421875 0.05078125
7 0.07568359375 0.4205729166666667 0.1513671875 0.015625
7 0.93408203125 0.4205729166666667 0.0654296875 0.020833333333333332
0 0.93896484375 0.4205729166666667 0.0751953125 0.020833333333333332
3 0.49951171875 0.6354166666666666 0.9482421875 0.3255208333333333
4 0.337890625 0.9095052083333334 0.62890625 0.18098958333333334
0 0.3388671875 0.9095052083333334 0.630859375 0.18098958333333334
4 0.82177734375 0.9095052083333334 0.3056640625 0.18098958333333334
0 0.82275390625 0.9095052083333334 0.3076171875 0.18098958333333334
6 0.82275390625 0.9524739583333334 0.2607421875 0.016927083333333332
0 0.82275390625 0.9524739583333334 0.2607421875 0.016927083333333332
2 0.82275390625 0.982421875 0.2607421875 0.03515625
0 0.82275390625 0.982421875 0.2607421875 0.03515625