7 0.4150390625 0.03515625 0.556640625 0.0234375
7 0.7802734375 0.03515625 0.146484375 0.028645833333333332
0 0.4951171875 0.033854166666666664 0.716796875 0.028645833333333332
4 0.958984375 0.036458333333333336 0.01953125 0.026041666666666668
0 0.119140625 0.11848958333333333 0.15625 0.046875
0 0.28271484375 0.13671875 0.0595703125 0.0625
0 0.359375 0.13671875 0.046875 0.0625
0 0.4326171875 0.13671875 0.052734375 0.0625
0 0.51513671875 0.13671875 0.0654296875 0.0625
0 0.59033203125 0.13671875 0.0380859375 0.0625
0 0.74169921875 0.13671875 0.0537109375 0.0625
0 0.81103515625 0.13671875 0.0380859375 0.0625
0 0.900390625 0.11848958333333333 0.09375 0.036458333333333336
2 0.5 0.3919270833333333 0.91796875 0.15885416666666666
7 0.5 0.5787760416666666 0.87890625 0.13671875
0 0.5 0.7415364583333334 0.197265625 0.05859375
2 0.2236328125 0.9596354166666666 0.248046875 0.026041666666666668
2 0.5 0.9596354166666666 0.248046875 0.026041666666666668
2 0.7763671875 0.9596354166666666 0.248046875 0.026041666666666668