6 0.74267578125 0.09244791666666667 0.0458984375 0.026041666666666668
7 0.77490234375 0.08984375 0.0048828125 0.026041666666666668
6 0.7978515625 0.09244791666666667 0.033203125 0.026041666666666668
0 0.86474609375 0.08984375 0.1025390625 0.026041666666666668
7 0.921875 0.08984375 0.00390625 0.026041666666666668
4 0.93408203125 0.08854166666666667 0.0126953125 0.015625
0 0.958984375 0.08984375 0.0625 0.026041666666666668
7 0.9638671875 0.08854166666666667 0.04296875 0.018229166666666668
7 0.9873046875 0.09830729166666667 0.005859375 0.02734375
4 0.078125 0.142578125 0.126953125 0.06380208333333333
0 0.078125 0.14322916666666666 0.15625 0.10416666666666667
7 0.18896484375 0.14322916666666666 0.0654296875 0.10416666666666667
7 0.25439453125 0.14322916666666666 0.0673828125 0.10416666666666667
7 0.32470703125 0.14322916666666666 0.0751953125 0.10416666666666667
7 0.39990234375 0.14322916666666666 0.0771484375 0.10416666666666667
0 0.48486328125 0.14127604166666666 0.0947265625 0.10026041666666667
0 0.55859375 0.14127604166666666 0.0546875 0.10026041666666667
0 0.77197265625 0.14127604166666666 0.0498046875 0.10026041666666667
0 0.8251953125 0.14127604166666666 0.05859375 0.10026041666666667
0 0.9267578125 0.14322916666666666 0.1328125 0.044270833333333336
7 0.453125 0.032552083333333336 0.671875 0.020833333333333332
0 0.83544921875 0.032552083333333336 0.0947265625 0.03125
2 0.2578125 0.32421875 0.484375 0.14322916666666666
7 0.25 0.5045572916666666 0.46875 0.14192708333333334
0 0.1005859375 0.6946614583333334 0.169921875 0.07421875
4 0.7421875 0.5032552083333334 0.37109375 0.4700520833333333
2 0.2734375 0.9576822916666666 0.390625 0.08463541666666667
0 0.6240234375 0.978515625 0.169921875 0.04296875
0 0.8251953125 0.978515625 0.169921875 0.04296875