3 0.5 0.06640625 1 0.1328125
6 0.0810546875 0.17252604166666666 0.083984375 0.01953125
6 0.17236328125 0.17252604166666666 0.0576171875 0.01953125
6 0.29248046875 0.17252604166666666 0.1416015625 0.01953125
6 0.47900390625 0.17252604166666666 0.1904296875 0.01953125
6 0.65576171875 0.17252604166666666 0.1220703125 0.01953125
4 0.0732421875 0.275390625 0.078125 0.07682291666666667
0 0.0732421875 0.275390625 0.078125 0.07682291666666667
7 0.169921875 0.275390625 0.056640625 0.024739583333333332
0 0.169921875 0.275390625 0.076171875 0.06380208333333333
7 0.23388671875 0.275390625 0.0322265625 0.022135416666666668
4 0.25439453125 0.2786458333333333 0.0048828125 0.013020833333333334
0 0.24072265625 0.2747395833333333 0.0654296875 0.06510416666666667
7 0.31103515625 0.275390625 0.0556640625 0.022135416666666668
4 0.34326171875 0.2786458333333333 0.0048828125 0.013020833333333334
0 0.31787109375 0.2747395833333333 0.0888671875 0.06510416666666667
7 0.39013671875 0.275390625 0.0361328125 0.022135416666666668
4 0.41259765625 0.2786458333333333 0.0048828125 0.013020833333333334
0 0.39697265625 0.2747395833333333 0.0693359375 0.06510416666666667
7 0.45849609375 0.275390625 0.0341796875 0.022135416666666668
7 0.484375 0.275390625 0.017578125 0.022135416666666668
4 0.49755859375 0.2786458333333333 0.0048828125 0.013020833333333334
0 0.47412109375 0.2747395833333333 0.0849609375 0.06510416666666667
7 0.55322265625 0.275390625 0.0537109375 0.022135416666666668
4 0.58447265625 0.2786458333333333 0.0048828125 0.013020833333333334
0 0.56005859375 0.2747395833333333 0.0869140625 0.06510416666666667
7 0.63818359375 0.275390625 0.0498046875 0.022135416666666668
4 0.66748046875 0.2786458333333333 0.0048828125 0.013020833333333334
0 0.64501953125 0.2747395833333333 0.0830078125 0.06510416666666667
7 0.712890625 0.275390625 0.033203125 0.022135416666666668
4 0.73388671875 0.2786458333333333 0.0048828125 0.013020833333333334
0 0.7197265625 0.2747395833333333 0.06640625 0.06510416666666667
7 0.78271484375 0.275390625 0.0400390625 0.022135416666666668
4 0.80712890625 0.2786458333333333 0.0048828125 0.013020833333333334
0 0.78955078125 0.2747395833333333 0.0732421875 0.06510416666666667
7 0.84423828125 0.275390625 0.0166015625 0.024739583333333332
0 0.84423828125 0.275390625 0.0361328125 0.06380208333333333
4 0.87939453125 0.2747395833333333 0.0146484375 0.020833333333333332
4 0.91845703125 0.2747395833333333 0.0146484375 0.020833333333333332
7 0.96875 0.3385416666666667 0.03515625 0.14583333333333334
0 0.96875 0.275390625 0.056640625 0.04296875
0 0.25 0.5305989583333334 0.5 0.6393229166666666
4 0.25 0.5305989583333334 0.5 0.6393229166666666
2 0.240234375 0.537109375 0.36328125 0.30078125
7 0.25 0.736328125 0.3828125 0.055989583333333336
7 0.068359375 0.7962239583333334 0.01953125 0.01953125
6 0.14111328125 0.7962239583333334 0.1162109375 0.01953125
0 0.625 0.5305989583333334 0.25 0.6393229166666666
4 0.625 0.5305989583333334 0.25 0.6393229166666666
2 0.6171875 0.685546875 0.17578125 0.14713541666666666
7 0.5390625 0.7962239583333334 0.01953125 0.01953125
6 0.59228515625 0.7962239583333334 0.0771484375 0.01953125
0 0.875 0.5305989583333334 0.25 0.6393229166666666
4 0.875 0.5305989583333334 0.25 0.6393229166666666
2 0.8564453125 0.7037760416666666 0.154296875 0.11067708333333333
7 0.7890625 0.7962239583333334 0.01953125 0.01953125
6 0.84912109375 0.7962239583333334 0.0908203125 0.01953125
2 0.08984375 0.9069010416666666 0.138671875 0.037760416666666664
2 0.603515625 0.9069010416666666 0.173828125 0.037760416666666664
0 0.72705078125 0.9069010416666666 0.0458984375 0.024739583333333332
0 0.2587890625 0.9817708333333334 0.4765625 0.036458333333333336
4 0.2587890625 0.9817708333333334 0.4765625 0.036458333333333336
7 0.54833984375 0.978515625 0.0634765625 0.01953125
2 0.740234375 0.9817708333333334 0.28125 0.036458333333333336
4 0.9619140625 0.9817708333333334 0.0625 0.036458333333333336
0 0.9619140625 0.9817708333333334 0.0625 0.036458333333333336