2 0.15576171875 0.1171875 0.2177734375 0.036458333333333336
0 0.1923828125 0.36328125 0.322265625 0.5703125
4 0.1923828125 0.3294270833333333 0.2578125 0.34375
6 0.16015625 0.5345052083333334 0.2265625 0.022135416666666668
7 0.18408203125 0.5813802083333334 0.2744140625 0.11588541666666667
6 0.23974609375 0.681640625 0.1806640625 0.022135416666666668
0 0.23974609375 0.681640625 0.2119140625 0.048177083333333336
2 0.53173828125 0.1171875 0.2001953125 0.036458333333333336
0 0.5771484375 0.36328125 0.322265625 0.5703125
4 0.5771484375 0.3294270833333333 0.2578125 0.34375
6 0.54931640625 0.5345052083333334 0.2353515625 0.022135416666666668
7 0.5732421875 0.5696614583333334 0.283203125 0.09244791666666667
6 0.62646484375 0.681640625 0.1767578125 0.022135416666666668
0 0.62646484375 0.681640625 0.2080078125 0.048177083333333336
2 0.158203125 0.837890625 0.22265625 0.037760416666666664
0 0.1923828125 0.8990885416666666 0.322265625 0.20182291666666666
4 0.1923828125 0.9388020833333334 0.2578125 0.12239583333333333