4 0.0908203125 0.203125 0.15234375 0.0390625
0 0.0908203125 0.20442708333333334 0.15234375 0.041666666666666664
0 0.32666015625 0.203125 0.1240234375 0.10416666666666667
0 0.4462890625 0.203125 0.1171875 0.10416666666666667
0 0.56884765625 0.203125 0.1298828125 0.10416666666666667
0 0.712890625 0.203125 0.16015625 0.10416666666666667
0 0.859375 0.203125 0.076171875 0.0390625
4 0.95703125 0.20247395833333334 0.021484375 0.02734375
0 0.9560546875 0.203125 0.05859375 0.10416666666666667
6 0.03857421875 0.275390625 0.0478515625 0.029947916666666668
0 0.1181640625 0.396484375 0.20703125 0.2825520833333333
7 0.02685546875 0.298828125 0.0244140625 0.029947916666666668
7 0.09814453125 0.287109375 0.0087890625 0.029947916666666668
7 0.13134765625 0.287109375 0.0595703125 0.029947916666666668
7 0.19140625 0.2877604166666667 0.048828125 0.0234375
6 0.2744140625 0.275390625 0.068359375 0.029947916666666668
0 0.34423828125 0.396484375 0.2080078125 0.2825520833333333
7 0.2529296875 0.298828125 0.025390625 0.029947916666666668
7 0.34033203125 0.287109375 0.0087890625 0.029947916666666668
7 0.3681640625 0.287109375 0.048828125 0.029947916666666668
7 0.42041015625 0.2877604166666667 0.0439453125 0.0234375
6 0.4814453125 0.287109375 0.029296875 0.029947916666666668
0 0.57080078125 0.396484375 0.2080078125 0.2825520833333333
7 0.509765625 0.287109375 0.029296875 0.029947916666666668
7 0.53369140625 0.287109375 0.0087890625 0.029947916666666668
7 0.568359375 0.287109375 0.0625 0.029947916666666668
7 0.62744140625 0.2877604166666667 0.0439453125 0.0234375
6 0.73779296875 0.275390625 0.0888671875 0.029947916666666668
0 0.796875 0.396484375 0.20703125 0.2825520833333333
7 0.7060546875 0.298828125 0.025390625 0.029947916666666668
7 0.79736328125 0.287109375 0.0087890625 0.029947916666666668
7 0.8232421875 0.287109375 0.044921875 0.029947916666666668
7 0.873046875 0.2877604166666667 0.04296875 0.0234375
6 0.05029296875 0.3404947916666667 0.0712890625 0.029947916666666668
0 0.1181640625 0.4615885416666667 0.20703125 0.2825520833333333
7 0.02685546875 0.3639322916666667 0.0244140625 0.029947916666666668
7 0.11962890625 0.3522135416666667 0.0087890625 0.029947916666666668
7 0.1455078125 0.3522135416666667 0.044921875 0.029947916666666668
7 0.19482421875 0.3528645833333333 0.0419921875 0.0234375
4 0.96337890625 0.2877604166666667 0.0107421875 0.0078125
0 0.96337890625 0.2877604166666667 0.0244140625 0.033854166666666664
4 0.24609375 0.287109375 0.462890625 0.10286458333333333
7 0.541015625 0.2890625 0.09765625 0.03125
7 0.68408203125 0.2682291666666667 0.1025390625 0.044270833333333336
0 0.68408203125 0.2890625 0.1572265625 0.13541666666666666
6 0.68408203125 0.3125 0.1337890625 0.026041666666666668
4 0.388671875 0.6634114583333334 0.748046875 0.5611979166666666
4 0.388671875 0.6634114583333334 0.748046875 0.5611979166666666
7 0.66943359375 0.400390625 0.1474609375 0.029947916666666668
2 0.2314453125 0.9830729166666666 0.43359375 0.033854166666666664
2 0.466796875 0.9921875 0.017578125 0.015625
7 0.82666015625 0.2513020833333333 0.0732421875 0.018229166666666668
0 0.82666015625 0.2513020833333333 0.0888671875 0.03125
2 0.8662109375 0.3411458333333333 0.16796875 0.13020833333333334
2 0.955078125 0.3919270833333333 0.017578125 0.0234375
6 0.828125 0.4309895833333333 0.091796875 0.0234375
7 0.9140625 0.4309895833333333 0.064453125 0.0234375
7 0.83056640625 0.5091145833333334 0.0810546875 0.018229166666666668
0 0.83056640625 0.5091145833333334 0.0966796875 0.03125
2 0.8828125 0.5826822916666666 0.201171875 0.09765625
2 0.7998046875 0.6497395833333334 0.017578125 0.0234375
6 0.8203125 0.6888020833333334 0.076171875 0.0234375
7 0.89892578125 0.6888020833333334 0.0654296875 0.0234375
7 0.853515625 0.7669270833333334 0.126953125 0.018229166666666668
0 0.853515625 0.7669270833333334 0.142578125 0.03125
2 0.87158203125 0.8567708333333334 0.1787109375 0.13020833333333334
2 0.9423828125 0.9075520833333334 0.017578125 0.0234375
6 0.822265625 0.9466145833333334 0.080078125 0.0234375
6 0.9130859375 0.9466145833333334 0.0859375 0.0234375
7 0.8837890625 0.95703125 0.203125 0.044270833333333336