4 0.03515625 0.036458333333333336 0.0234375 0.03125
0 0.03515625 0.036458333333333336 0.0234375 0.03125
4 0.109375 0.036458333333333336 0.078125 0.03125
0 0.109375 0.036458333333333336 0.078125 0.03125
1 0.44140625 0.036458333333333336 0.3828125 0.033854166666666664
4 0.66650390625 0.036458333333333336 0.0205078125 0.026041666666666668
0 0.666015625 0.036458333333333336 0.064453125 0.041666666666666664
4 0.76025390625 0.036458333333333336 0.0244140625 0.03125
0 0.76025390625 0.036458333333333336 0.0244140625 0.03125
4 0.80712890625 0.036458333333333336 0.0244140625 0.03125
0 0.80712890625 0.036458333333333336 0.0244140625 0.03125
4 0.85400390625 0.036458333333333336 0.0244140625 0.03125
0 0.85400390625 0.036458333333333336 0.0244140625 0.03125
4 0.90478515625 0.036458333333333336 0.0244140625 0.03125
0 0.9326171875 0.036458333333333336 0.103515625 0.052083333333333336
6 0.9482421875 0.036458333333333336 0.048828125 0.020833333333333332
4 0.03515625 0.11458333333333333 0.0234375 0.03125
0 0.03515625 0.12630208333333334 0.0703125 0.09635416666666667
7 0.03515625 0.14713541666666666 0.02734375 0.018229166666666668
4 0.03515625 0.2109375 0.0234375 0.03125
0 0.03515625 0.22265625 0.0703125 0.09635416666666667
7 0.03515625 0.24348958333333334 0.0390625 0.018229166666666668
4 0.03515625 0.3072916666666667 0.0234375 0.03125
0 0.03515625 0.3190104166666667 0.0703125 0.09635416666666667
7 0.03515625 0.33984375 0.060546875 0.018229166666666668
4 0.03515625 0.4036458333333333 0.0234375 0.03125
0 0.03515625 0.4153645833333333 0.0703125 0.09635416666666667
7 0.03515625 0.4361979166666667 0.029296875 0.018229166666666668
4 0.03515625 0.5 0.0234375 0.03125
0 0.03515625 0.51171875 0.0703125 0.09635416666666667
7 0.03515625 0.5325520833333334 0.03125 0.018229166666666668
4 0.53515625 0.2766927083333333 0.9296875 0.4075520833333333
4 0.2138671875 0.3600260416666667 0.078125 0.10546875
7 0.3515625 0.3444010416666667 0.150390625 0.037760416666666664
4 0.443359375 0.3470052083333333 0.015625 0.022135416666666668
7 0.33251953125 0.3795572916666667 0.1123046875 0.022135416666666668
6 0.74951171875 0.3600260416666667 0.0322265625 0.022135416666666668
0 0.74951171875 0.3600260416666667 0.0712890625 0.048177083333333336
6 0.84375 0.3600260416666667 0.072265625 0.022135416666666668
0 0.84375 0.3600260416666667 0.103515625 0.048177083333333336
4 0.84765625 0.24283854166666666 0.015625 0.022135416666666668
0 0.875 0.24283854166666666 0.08984375 0.048177083333333336
6 0.88525390625 0.2421875 0.0498046875 0.018229166666666668
4 0.9375 0.24283854166666666 0.015625 0.022135416666666668
0 0.9375 0.24283854166666666 0.03515625 0.048177083333333336
4 0.966796875 0.24283854166666666 0.015625 0.022135416666666668
0 0.970703125 0.24283854166666666 0.02734375 0.048177083333333336
7 0.22607421875 0.4479166666666667 0.0400390625 0.0625
7 0.33447265625 0.4479166666666667 0.0478515625 0.0625
7 0.4580078125 0.4479166666666667 0.0703125 0.0625
7 0.59912109375 0.4479166666666667 0.0830078125 0.0625
7 0.72705078125 0.4479166666666667 0.0439453125 0.0625
7 0.84912109375 0.4479166666666667 0.0712890625 0.0625
7 0.97216796875 0.4479166666666667 0.0458984375 0.0625
4 0.97265625 0.447265625 0.0234375 0.032552083333333336
0 0.97265625 0.447265625 0.046875 0.06380208333333333
4 0.32421875 0.5416666666666666 0.4140625 0.0625
6 0.28564453125 0.541015625 0.3056640625 0.02734375
4 0.455078125 0.5416666666666666 0.03515625 0.046875
0 0.455078125 0.5377604166666666 0.03515625 0.0546875
4 0.49609375 0.5416666666666666 0.03515625 0.046875
0 0.49609375 0.5377604166666666 0.046875 0.0546875
4 0.32421875 0.6653645833333334 0.4140625 0.3098958333333333
4 0.32421875 0.6653645833333334 0.06640625 0.0625
0 0.32421875 0.6653645833333334 0.06640625 0.0625
4 0.32421875 0.7571614583333334 0.4140625 0.12630208333333334
4 0.32421875 0.7727864583333334 0.390625 0.006510416666666667
4 0.32421875 0.7727864583333334 0.390625 0.006510416666666667
4 0.13525390625 0.7799479166666666 0.0126953125 0.018229166666666668
4 0.1513671875 0.796875 0.044921875 0.046875
0 0.1513671875 0.796875 0.044921875 0.046875
4 0.19140625 0.796875 0.03515625 0.046875
0 0.19140625 0.796875 0.03515625 0.046875
7 0.2255859375 0.7962239583333334 0.0234375 0.01953125
7 0.24267578125 0.7962239583333334 0.0107421875 0.01953125
7 0.259765625 0.7962239583333334 0.0234375 0.01953125
4 0.431640625 0.796875 0.03515625 0.046875
0 0.431640625 0.796875 0.03515625 0.046875
4 0.466796875 0.796875 0.03515625 0.046875
0 0.466796875 0.796875 0.03515625 0.046875
4 0.501953125 0.796875 0.03515625 0.046875
0 0.501953125 0.796875 0.03515625 0.046875
0 0.64990234375 0.5208333333333334 0.1904296875 0.020833333333333332
7 0.60498046875 0.5638020833333334 0.1005859375 0.0234375
7 0.689453125 0.5638020833333334 0.068359375 0.0234375
7 0.64453125 0.71875 0.1796875 0.23958333333333334
0 0.6865234375 0.8561197916666666 0.263671875 0.02734375
7 0.63330078125 0.923828125 0.1572265625 0.048177083333333336
0 0.65283203125 0.9381510416666666 0.1962890625 0.02734375
0 0.58984375 0.8053385416666666 0.0703125 0.02734375
0 0.58984375 0.8053385416666666 0.0703125 0.02734375
2 0.26318359375 0.8971354166666666 0.2919921875 0.026041666666666668
0 0.26318359375 0.8971354166666666 0.2919921875 0.026041666666666668
4 0.2197265625 0.970703125 0.205078125 0.05859375
0 0.2197265625 0.970703125 0.205078125 0.05859375
6 0.27734375 0.9934895833333334 0.009765625 0.013020833333333334
4 0.4287109375 0.970703125 0.205078125 0.05859375
0 0.4287109375 0.970703125 0.205078125 0.05859375
6 0.486328125 0.9934895833333334 0.009765625 0.013020833333333334
4 0.6376953125 0.970703125 0.205078125 0.05859375
0 0.6376953125 0.970703125 0.205078125 0.05859375
6 0.6953125 0.9934895833333334 0.009765625 0.013020833333333334
4 0.8466796875 0.970703125 0.205078125 0.05859375
0 0.8466796875 0.970703125 0.205078125 0.05859375
6 0.904296875 0.9934895833333334 0.017578125 0.013020833333333334
4 0.9765625 0.970703125 0.046875 0.05859375
0 0.9765625 0.970703125 0.046875 0.05859375
2 0.86181640625 0.5208333333333334 0.1826171875 0.020833333333333332
4 0.7822265625 0.578125 0.0234375 0.03125
0 0.86181640625 0.578125 0.1826171875 0.03125
7 0.8212890625 0.578125 0.0390625 0.020833333333333332
6 0.814453125 0.6197916666666666 0.072265625 0.020833333333333332
0 0.814453125 0.6197916666666666 0.087890625 0.03125
4 0.7822265625 0.6822916666666666 0.0234375 0.03125
0 0.86181640625 0.6822916666666666 0.1826171875 0.03125
7 0.86865234375 0.6822916666666666 0.1337890625 0.020833333333333332
6 0.814453125 0.7239583333333334 0.072265625 0.020833333333333332
0 0.814453125 0.7239583333333334 0.087890625 0.03125
4 0.7822265625 0.7864583333333334 0.0234375 0.03125
0 0.86181640625 0.7864583333333334 0.1826171875 0.03125
7 0.81494140625 0.7864583333333334 0.0263671875 0.020833333333333332
6 0.814453125 0.828125 0.072265625 0.020833333333333332
0 0.814453125 0.828125 0.087890625 0.03125
4 0.7822265625 0.890625 0.0234375 0.03125
0 0.86181640625 0.890625 0.1826171875 0.03125
7 0.84423828125 0.890625 0.0849609375 0.020833333333333332
6 0.814453125 0.9322916666666666 0.072265625 0.020833333333333332
0 0.814453125 0.9322916666666666 0.087890625 0.03125
7 0.46435546875 0.3040364583333333 0.0791015625 0.022135416666666668
7 0.5361328125 0.34765625 0.22265625 0.044270833333333336
6 0.66162109375 0.412109375 0.0439453125 0.024739583333333332
0 0.66162109375 0.412109375 0.0751953125 0.05078125