4 0.09130859375 0.08528645833333333 0.0791015625 0.10546875
0 0.1005859375 0.08984375 0.09765625 0.11458333333333333
2 0.4501953125 0.06901041666666667 0.603515625 0.033854166666666664
2 0.3125 0.11002604166666667 0.328125 0.05078125
6 0.8916015625 0.022135416666666668 0.06640625 0.026041666666666668
1 0.849609375 0.09830729166666667 0.197265625 0.045572916666666664
1 0.931640625 0.10091145833333333 0.033203125 0.037760416666666664
7 0.0888671875 0.20703125 0.06640625 0.028645833333333332
0 0.0888671875 0.216796875 0.095703125 0.08203125
7 0.08203125 0.23046875 0.052734375 0.028645833333333332
7 0.1875 0.20703125 0.06640625 0.028645833333333332
0 0.2001953125 0.216796875 0.12109375 0.08203125
7 0.2001953125 0.23046875 0.091796875 0.028645833333333332
7 0.31298828125 0.20703125 0.0693359375 0.028645833333333332
0 0.31298828125 0.216796875 0.0986328125 0.08203125
7 0.30810546875 0.23046875 0.0595703125 0.028645833333333332
7 0.40625 0.20703125 0.052734375 0.028645833333333332
0 0.43701171875 0.216796875 0.1435546875 0.08203125
7 0.43701171875 0.23046875 0.1142578125 0.028645833333333332
7 0.60009765625 0.20703125 0.1474609375 0.028645833333333332
0 0.60009765625 0.216796875 0.1767578125 0.08203125
7 0.5908203125 0.23046875 0.12890625 0.028645833333333332
7 0.73095703125 0.21875 0.0498046875 0.028645833333333332
0 0.73095703125 0.216796875 0.0791015625 0.05859375
6 0.81787109375 0.21940104166666666 0.0556640625 0.048177083333333336
6 0.85205078125 0.23111979166666666 0.1240234375 0.029947916666666668
4 0.49951171875 0.4798177083333333 0.8955078125 0.43359375
0 0.49951171875 0.4798177083333333 0.8955078125 0.43359375
2 0.29638671875 0.7584635416666666 0.4248046875 0.040364583333333336
0 0.18212890625 0.841796875 0.1962890625 0.06640625
0 0.38623046875 0.841796875 0.1962890625 0.06640625
0 0.18212890625 0.935546875 0.1962890625 0.06640625
0 0.38623046875 0.935546875 0.1962890625 0.06640625
0 0.18212890625 0.998046875 0.1962890625 0.00390625
0 0.38623046875 0.998046875 0.1962890625 0.00390625
2 0.7412109375 0.7584635416666666 0.349609375 0.040364583333333336
6 0.72900390625 0.8203125 0.3251953125 0.03125
6 0.73681640625 0.875 0.3408203125 0.03125
6 0.72509765625 0.9309895833333334 0.3173828125 0.03125
6 0.69775390625 0.9856770833333334 0.2626953125 0.028645833333333332