7 0.498046875 0.038411458333333336 0.953125 0.04296875
6 0.53076171875 0.049479166666666664 0.0712890625 0.020833333333333332
4 0.119140625 0.109375 0.15625 0.06510416666666667
1 0.837890625 0.109375 0.18359375 0.036458333333333336
7 0.94384765625 0.10807291666666667 0.0283203125 0.033854166666666664
0 0.251953125 0.109375 0.0859375 0.06510416666666667
0 0.3271484375 0.109375 0.06640625 0.06510416666666667
0 0.42919921875 0.109375 0.1396484375 0.06510416666666667
0 0.55224609375 0.109375 0.1083984375 0.06510416666666667
0 0.65380859375 0.109375 0.0966796875 0.06510416666666667
4 0.189453125 0.3248697916666667 0.296875 0.26953125
0 0.189453125 0.3248697916666667 0.296875 0.26953125
2 0.0966796875 0.39453125 0.08203125 0.03125
7 0.189453125 0.4264322916666667 0.267578125 0.02734375
4 0.49951171875 0.3248697916666667 0.2978515625 0.26953125
0 0.49951171875 0.3248697916666667 0.2978515625 0.26953125
2 0.40087890625 0.39453125 0.0712890625 0.03125
7 0.49951171875 0.4264322916666667 0.2685546875 0.02734375
4 0.81005859375 0.3248697916666667 0.2978515625 0.26953125
0 0.81005859375 0.3248697916666667 0.2978515625 0.26953125
2 0.72265625 0.39453125 0.09375 0.03125
7 0.81005859375 0.4264322916666667 0.2685546875 0.02734375
2 0.189453125 0.5462239583333334 0.279296875 0.040364583333333336
4 0.08544921875 0.6276041666666666 0.0732421875 0.09895833333333333
6 0.21630859375 0.5930989583333334 0.1728515625 0.022135416666666668
7 0.189453125 0.6432291666666666 0.28125 0.07291666666666667
6 0.16064453125 0.7259114583333334 0.2236328125 0.022135416666666668
7 0.189453125 0.75 0.28125 0.020833333333333332
6 0.1142578125 0.7819010416666666 0.130859375 0.022135416666666668
7 0.189453125 0.8059895833333334 0.28125 0.020833333333333332
6 0.10498046875 0.837890625 0.1123046875 0.022135416666666668
7 0.189453125 0.8717447916666666 0.28125 0.040364583333333336
6 0.1689453125 0.9134114583333334 0.240234375 0.022135416666666668
7 0.189453125 0.9375 0.28125 0.020833333333333332
6 0.11279296875 0.9694010416666666 0.1279296875 0.022135416666666668
7 0.189453125 0.9915364583333334 0.28125 0.016927083333333332
2 0.49951171875 0.5462239583333334 0.2802734375 0.040364583333333336
4 0.3955078125 0.6276041666666666 0.07421875 0.09895833333333333
6 0.48681640625 0.5930989583333334 0.0947265625 0.022135416666666668
7 0.49951171875 0.6529947916666666 0.2822265625 0.09244791666666667
6 0.451171875 0.7259114583333334 0.185546875 0.022135416666666668
7 0.49951171875 0.75 0.2822265625 0.020833333333333332
6 0.431640625 0.7819010416666666 0.146484375 0.022135416666666668
7 0.49951171875 0.8157552083333334 0.2822265625 0.040364583333333336
6 0.41552734375 0.857421875 0.1142578125 0.022135416666666668
7 0.49951171875 0.8815104166666666 0.2822265625 0.020833333333333332
6 0.455078125 0.9134114583333334 0.193359375 0.022135416666666668
7 0.49951171875 0.947265625 0.2822265625 0.040364583333333336
2 0.7763671875 0.5475260416666666 0.1953125 0.040364583333333336
6 0.7763671875 0.5872395833333334 0.1953125 0.0234375
0 0.7763671875 0.5872395833333334 0.1953125 0.0234375
7 0.7763671875 0.623046875 0.1953125 0.040364583333333336
6 0.7763671875 0.6653645833333334 0.1953125 0.0234375
0 0.7763671875 0.6653645833333334 0.1953125 0.0234375
7 0.7763671875 0.69140625 0.1953125 0.020833333333333332
6 0.7763671875 0.7239583333333334 0.1953125 0.0234375
0 0.7763671875 0.7239583333333334 0.1953125 0.0234375
7 0.7763671875 0.75 0.1953125 0.020833333333333332
6 0.7763671875 0.7936197916666666 0.1953125 0.045572916666666664
0 0.7763671875 0.7936197916666666 0.1953125 0.045572916666666664
7 0.7763671875 0.8307291666666666 0.1953125 0.020833333333333332
6 0.7763671875 0.86328125 0.1953125 0.0234375
0 0.7763671875 0.86328125 0.1953125 0.0234375
7 0.7763671875 0.8990885416666666 0.1953125 0.040364583333333336
6 0.7763671875 0.9635416666666666 0.1953125 0.06770833333333333
0 0.7763671875 0.9635416666666666 0.1953125 0.06770833333333333