4 0.88671875 0.029947916666666668 0.021484375 0.0234375
0 0.91015625 0.029947916666666668 0.09765625 0.059895833333333336
7 0.92041015625 0.029947916666666668 0.0478515625 0.0234375
0 0.07568359375 0.03125 0.0693359375 0.0625
0 0.13916015625 0.03125 0.0595703125 0.0625
0 0.19970703125 0.03125 0.0634765625 0.0625
0 0.25732421875 0.03125 0.0537109375 0.0625
0 0.3251953125 0.03125 0.083984375 0.0625
0 0.408203125 0.03125 0.083984375 0.0625
2 0.5 0.14713541666666666 0.78125 0.028645833333333332
7 0.25146484375 0.19010416666666666 0.2841796875 0.020833333333333332
6 0.41845703125 0.19010416666666666 0.0498046875 0.020833333333333332
7 0.4970703125 0.20377604166666666 0.775390625 0.048177083333333336
6 0.275390625 0.21744791666666666 0.158203125 0.020833333333333332
7 0.494140625 0.23111979166666666 0.76953125 0.048177083333333336
7 0.16357421875 0.283203125 0.1083984375 0.022135416666666668
6 0.275390625 0.283203125 0.1171875 0.022135416666666668
7 0.38427734375 0.283203125 0.1005859375 0.022135416666666668
7 0.21142578125 0.3216145833333333 0.2041015625 0.020833333333333332
6 0.37255859375 0.3216145833333333 0.1201171875 0.020833333333333332
7 0.44189453125 0.3216145833333333 0.0205078125 0.020833333333333332
6 0.5048828125 0.3216145833333333 0.107421875 0.020833333333333332
7 0.599609375 0.3216145833333333 0.083984375 0.020833333333333332
2 0.14404296875 0.4153645833333333 0.0693359375 0.028645833333333332
4 0.8173828125 0.5696614583333334 0.146484375 0.25390625
0 0.109375 0.4427083333333333 0 0
7 0.263671875 0.4557291666666667 0.30859375 0.020833333333333332
6 0.46435546875 0.4557291666666667 0.0947265625 0.020833333333333332
7 0.4140625 0.4830729166666667 0.609375 0.07552083333333333
7 0.5 0.5904947916666666 0.78125 0.11067708333333333
6 0.2490234375 0.67578125 0.236328125 0.020833333333333332
7 0.2353515625 0.7317708333333334 0.251953125 0.020833333333333332
6 0.40576171875 0.7317708333333334 0.0908203125 0.020833333333333332
7 0.4833984375 0.7317708333333334 0.064453125 0.020833333333333332
7 0.546875 0.7317708333333334 0.064453125 0.020833333333333332
7 0.69775390625 0.7317708333333334 0.2392578125 0.020833333333333332
2 0.2626953125 0.8255208333333334 0.306640625 0.028645833333333332
7 0.43115234375 0.8658854166666666 0.6435546875 0.020833333333333332
6 0.49365234375 0.8795572916666666 0.7685546875 0.048177083333333336
7 0.48291015625 0.9069010416666666 0.7470703125 0.048177083333333336
7 0.17919921875 0.958984375 0.1396484375 0.022135416666666668
7 0.328125 0.958984375 0.158203125 0.022135416666666668
7 0.43212890625 0.958984375 0.0517578125 0.022135416666666668
7 0.49267578125 0.958984375 0.0712890625 0.022135416666666668
7 0.5419921875 0.958984375 0.03125 0.022135416666666668
7 0.6162109375 0.958984375 0.1171875 0.022135416666666668
7 0.4873046875 0.97265625 0.755859375 0.049479166666666664