0 0.0615234375 0.026041666666666668 0.041015625 0.028645833333333332
0 0.1591796875 0.026692708333333332 0.044921875 0.053385416666666664
7 0.26171875 0.012369791666666666 0.05078125 0.022135416666666668
0 0.26171875 0.026692708333333332 0.05078125 0.053385416666666664
7 0.279296875 0.039713541666666664 0.015625 0.02734375
0 0.34033203125 0.026041666666666668 0.0498046875 0.028645833333333332
0 0.42626953125 0.026041666666666668 0.0654296875 0.028645833333333332
0 0.5263671875 0.026041666666666668 0.078125 0.028645833333333332
0 0.62744140625 0.026041666666666668 0.0673828125 0.028645833333333332
0 0.708984375 0.026041666666666668 0.0390625 0.028645833333333332
0 0.80078125 0.026041666666666668 0.03515625 0.028645833333333332
0 0.89794921875 0.026041666666666668 0.0556640625 0.028645833333333332
0 0.990234375 0.026041666666666668 0.01953125 0.028645833333333332
7 0.1044921875 0.14453125 0.1796875 0.1171875
4 0.5 0.12109375 0.54296875 0.057291666666666664
0 0.5 0.125 0.54296875 0.06510416666666667
7 0.25634765625 0.18033854166666666 0.0361328125 0.01953125
7 0.35205078125 0.18033854166666666 0.1572265625 0.01953125
7 0.44287109375 0.18033854166666666 0.0263671875 0.01953125
6 0.63720703125 0.17838541666666666 0.0361328125 0.020833333333333332
6 0.67578125 0.17903645833333334 0.04296875 0.01953125
7 0.70556640625 0.17903645833333334 0.0185546875 0.01953125
4 0.7255859375 0.18033854166666666 0.0234375 0.029947916666666668
7 0.8955078125 0.14453125 0.1796875 0.1171875
7 0.0625 0.2740885416666667 0.09375 0.02734375
0 0.19189453125 0.2740885416666667 0.0751953125 0.02734375
0 0.40087890625 0.2740885416666667 0.1630859375 0.02734375
0 0.638671875 0.2740885416666667 0.134765625 0.02734375
0 0.86767578125 0.2740885416666667 0.1435546875 0.02734375
4 0.076171875 0.3365885416666667 0.1015625 0.01953125
7 0.23046875 0.3365885416666667 0.20703125 0.03515625
4 0.07177734375 0.4231770833333333 0.1123046875 0.11197916666666667
0 0.07177734375 0.4231770833333333 0.1123046875 0.11197916666666667
2 0.1826171875 0.421875 0.08984375 0.11197916666666667
4 0.3203125 0.4231770833333333 0.11328125 0.11197916666666667
0 0.3203125 0.4231770833333333 0.11328125 0.11197916666666667
2 0.41845703125 0.3997395833333333 0.0654296875 0.06770833333333333
2 0.42724609375 0.4440104166666667 0.0830078125 0.0234375
2 0.41552734375 0.4661458333333333 0.0595703125 0.0234375
4 0.5693359375 0.4231770833333333 0.11328125 0.11197916666666667
0 0.5693359375 0.4231770833333333 0.11328125 0.11197916666666667
2 0.67138671875 0.4329427083333333 0.0732421875 0.13411458333333334
4 0.8173828125 0.4231770833333333 0.11328125 0.11197916666666667
0 0.8173828125 0.4231770833333333 0.11328125 0.11197916666666667
2 0.92919921875 0.4329427083333333 0.0927734375 0.13411458333333334
7 0.3359375 0.564453125 0.640625 0.01171875
2 0.32421875 0.6048177083333334 0.6171875 0.053385416666666664
2 0.3271484375 0.654296875 0.623046875 0.053385416666666664
7 0.0595703125 0.712890625 0.087890625 0.022135416666666668
6 0.32373046875 0.748046875 0.6162109375 0.022135416666666668
7 0.22900390625 0.779296875 0.3974609375 0.022135416666666668
7 0.4931640625 0.7799479166666666 0.130859375 0.020833333333333332
0 0.287109375 0.779296875 0.54296875 0.022135416666666668
7 0.3359375 0.849609375 0.640625 0.01171875
2 0.32470703125 0.8951822916666666 0.6181640625 0.053385416666666664
2 0.2998046875 0.9446614583333334 0.568359375 0.053385416666666664
2 0.21826171875 0.9837239583333334 0.4052734375 0.032552083333333336
2 0.42529296875 0.9837239583333334 0.0087890625 0.032552083333333336
2 0.52734375 0.9837239583333334 0.197265625 0.032552083333333336
7 0.828125 0.5377604166666666 0.294921875 0.013020833333333334
4 0.828125 0.5716145833333334 0.10546875 0.018229166666666668
4 0.8291015625 0.7421875 0.3125 0.234375
0 0.8291015625 0.7421875 0.3125 0.234375
2 0.814453125 0.9322916666666666 0.263671875 0.11979166666666667
6 0.82421875 0.99609375 0.283203125 0.0078125
4 0.99658203125 0.7421875 0.0068359375 0.234375
0 0.99658203125 0.7421875 0.0068359375 0.234375
4 0.7041015625 0.5716145833333334 0.0234375 0.03125
4 0.95166015625 0.5716145833333334 0.0244140625 0.03125
7 0.5087890625 0.036458333333333336 0.9375 0.033854166666666664
6 0.29541015625 0.044270833333333336 0.0498046875 0.018229166666666668
7 0.630859375 0.044270833333333336 0.625 0.018229166666666668
0 0.95166015625 0.07096354166666667 0.0517578125 0.01953125