7 0.14501953125 0.026692708333333332 0.2509765625 0.016927083333333332
6 0.4130859375 0.026692708333333332 0.28515625 0.016927083333333332
4 0.1025390625 0.10091145833333333 0.17578125 0.053385416666666664
0 0.1025390625 0.10091145833333333 0.205078125 0.09244791666666667
0 0.24951171875 0.11458333333333333 0.0791015625 0.0703125
0 0.35888671875 0.11458333333333333 0.1318359375 0.0703125
0 0.47216796875 0.11458333333333333 0.0869140625 0.0703125
6 0.552734375 0.126953125 0.046875 0.06640625
0 0.8984375 0.09895833333333333 0.154296875 0.057291666666666664
0 0.8984375 0.103515625 0.173828125 0.045572916666666664
6 0.68310546875 0.126953125 0.0439453125 0.06640625
6 0.76318359375 0.126953125 0.0771484375 0.06640625
2 0.49951171875 0.294921875 0.7607421875 0.14973958333333334
2 0.626953125 0.3372395833333333 0.36328125 0.06510416666666667
7 0.5 0.404296875 0.791015625 0.03515625
0 0.5 0.4876302083333333 0.21484375 0.06640625
0 0.5 0.4869791666666667 0.21484375 0.020833333333333332
7 0.5 0.5611979166666666 0.29296875 0.0546875
4 0.5 0.7877604166666666 0.927734375 0.4244791666666667
4 0.171875 0.7278645833333334 0.14453125 0.109375
4 0.3359375 0.689453125 0.14453125 0.032552083333333336
4 0.3359375 0.728515625 0.14453125 0.032552083333333336
4 0.3359375 0.767578125 0.14453125 0.032552083333333336
4 0.498046875 0.7278645833333334 0.14453125 0.109375
4 0.662109375 0.689453125 0.14453125 0.032552083333333336
4 0.662109375 0.7669270833333334 0.14453125 0.109375
4 0.82421875 0.689453125 0.14453125 0.032552083333333336
4 0.82421875 0.7805989583333334 0.14453125 0.13671875
4 0.171875 0.947265625 0.14453125 0.10546875
4 0.3359375 0.947265625 0.14453125 0.10546875
4 0.498046875 0.9270833333333334 0.14453125 0.06510416666666667
4 0.498046875 0.984375 0.14453125 0.03125
4 0.662109375 0.947265625 0.14453125 0.10546875
4 0.82421875 0.9270833333333334 0.14453125 0.06510416666666667
3 0.94921875 0.9453125 0.08203125 0.109375