4 0.06494140625 0.0390625 0.0712890625 0.018229166666666668
4 0.154296875 0.0390625 0.0703125 0.044270833333333336
7 0.52880859375 0.0390625 0.3271484375 0.020833333333333332
7 0.72216796875 0.0390625 0.0634765625 0.020833333333333332
0 0.86181640625 0.0390625 0.1572265625 0.026041666666666668
0 0.86181640625 0.0390625 0.1689453125 0.0546875
2 0.0537109375 0.11458333333333333 0.087890625 0.020833333333333332
0 0.0537109375 0.11458333333333333 0.087890625 0.020833333333333332
7 0.5 0.4713541666666667 1 0.7604166666666666
0 0.5 0.4713541666666667 1 0.7604166666666666
7 0.50048828125 0.634765625 0.3310546875 0.053385416666666664
2 0.5 0.7233072916666666 0.6796875 0.08723958333333333
4 0.1376953125 0.8912760416666666 0.1171875 0.037760416666666664
0 0.1376953125 0.8912760416666666 0.1171875 0.037760416666666664
0 0.85546875 0.890625 0.0859375 0.049479166666666664
7 0.935546875 0.8912760416666666 0.052734375 0.022135416666666668
0 0.935546875 0.8912760416666666 0.052734375 0.022135416666666668
3 0.5 0.9752604166666666 0.7109375 0.049479166666666664