4 0.123046875 0.042317708333333336 0.162109375 0.045572916666666664
7 0.3095703125 0.043619791666666664 0.185546875 0.016927083333333332
0 0.123046875 0.038411458333333336 0.162109375 0.04296875
7 0.916015625 0.039713541666666664 0.052734375 0.07942708333333333
7 0.81591796875 0.038411458333333336 0.0576171875 0.022135416666666668
4 0.85400390625 0.038411458333333336 0.0087890625 0.01171875
4 0.642578125 0.0390625 0.0234375 0.03125
4 0.67578125 0.0390625 0.0234375 0.03125
4 0.708984375 0.0390625 0.0234375 0.03125
4 0.7421875 0.0390625 0.0234375 0.03125
4 0.05224609375 0.10677083333333333 0.0517578125 0.057291666666666664
0 0.11376953125 0.10677083333333333 0.0712890625 0.057291666666666664
0 0.205078125 0.10677083333333333 0.111328125 0.057291666666666664
0 0.302734375 0.10677083333333333 0.083984375 0.057291666666666664
0 0.392578125 0.10677083333333333 0.095703125 0.057291666666666664
0 0.4853515625 0.10677083333333333 0.08984375 0.057291666666666664
0 0.5986328125 0.10677083333333333 0.13671875 0.057291666666666664
7 0.72119140625 0.10677083333333333 0.0771484375 0.028645833333333332
7 0.8291015625 0.10677083333333333 0.048828125 0.028645833333333332
6 0.9423828125 0.10677083333333333 0.03125 0.057291666666666664
0 0.9423828125 0.10677083333333333 0.0625 0.057291666666666664
3 0.5 0.22005208333333334 0.7109375 0.1171875
7 0.08837890625 0.34375 0.0576171875 0.052083333333333336
0 0.18115234375 0.34375 0.1279296875 0.052083333333333336
0 0.2998046875 0.34375 0.10546875 0.052083333333333336
0 0.41357421875 0.34375 0.1181640625 0.052083333333333336
0 0.5712890625 0.34375 0.193359375 0.052083333333333336
0 0.724609375 0.34375 0.109375 0.052083333333333336
0 0.8193359375 0.34375 0.076171875 0.052083333333333336
0 0.88720703125 0.34375 0.0556640625 0.052083333333333336
7 0.41650390625 0.4075520833333333 0.7333984375 0.0234375
6 0.81689453125 0.4075520833333333 0.0673828125 0.0234375
2 0.75341796875 0.4798177083333333 0.0830078125 0.029947916666666668
2 0.8056640625 0.5625 0.291015625 0.06770833333333333
0 0.8056640625 0.5625 0.291015625 0.08854166666666667
2 0.8056640625 0.6497395833333334 0.291015625 0.0625
0 0.8056640625 0.6497395833333334 0.291015625 0.08333333333333333
2 0.8056640625 0.734375 0.291015625 0.0625
0 0.8056640625 0.734375 0.291015625 0.08333333333333333
2 0.8056640625 0.8046875 0.291015625 0.028645833333333332
0 0.8056640625 0.7981770833333334 0.291015625 0.041666666666666664
2 0.8056640625 0.8606770833333334 0.291015625 0.057291666666666664
0 0.8056640625 0.8541666666666666 0.291015625 0.0703125
2 0.8056640625 0.9309895833333334 0.291015625 0.057291666666666664
0 0.8056640625 0.9244791666666666 0.291015625 0.0703125
4 0.34765625 0.6686197916666666 0.595703125 0.4466145833333333
0 0.34765625 0.720703125 0.595703125 0.55078125
7 0.3388671875 0.9231770833333334 0.5390625 0.044270833333333336
7 0.34765625 0.9641927083333334 0.556640625 0.029947916666666668