6 0.0615234375 0.033203125 0.083984375 0.016927083333333332
6 0.15771484375 0.033203125 0.0693359375 0.016927083333333332
6 0.25927734375 0.033203125 0.0947265625 0.016927083333333332
6 0.3564453125 0.033203125 0.060546875 0.016927083333333332
6 0.41845703125 0.033203125 0.0244140625 0.016927083333333332
7 0.501953125 0.033203125 0.103515625 0.016927083333333332
7 0.57421875 0.024088541666666668 0.041015625 0.01953125
0 0.5224609375 0.033203125 0.14453125 0.016927083333333332
0 0.8583984375 0.03125 0.037109375 0.015625
7 0.8935546875 0.03125 0.01171875 0.03125
0 0.94580078125 0.03125 0.0712890625 0.03125
7 0.0673828125 0.1015625 0.095703125 0.057291666666666664
0 0.1611328125 0.10221354166666667 0.04296875 0.022135416666666668
0 0.23486328125 0.10221354166666667 0.0556640625 0.022135416666666668
0 0.3203125 0.10221354166666667 0.06640625 0.022135416666666668
0 0.419921875 0.10221354166666667 0.083984375 0.022135416666666668
0 0.50341796875 0.10221354166666667 0.0341796875 0.022135416666666668
0 0.57421875 0.10221354166666667 0.05859375 0.022135416666666668
0 0.63671875 0.10221354166666667 0.017578125 0.022135416666666668
7 0.69189453125 0.1015625 0.0517578125 0.046875
1 0.86572265625 0.1015625 0.2294921875 0.046875
2 0.10986328125 0.22330729166666666 0.1806640625 0.03515625
2 0.123046875 0.26953125 0.20703125 0.046875
2 0.1875 0.2916666666666667 0.3359375 0.08072916666666667
2 0.197265625 0.4029947916666667 0.35546875 0.11067708333333333
2 0.18115234375 0.4967447916666667 0.3232421875 0.016927083333333332
7 0.087890625 0.5462239583333334 0.11328125 0.01953125
0 0.087890625 0.544921875 0.13671875 0.045572916666666664
7 0.20263671875 0.5462239583333334 0.0537109375 0.01953125
0 0.20263671875 0.544921875 0.0771484375 0.045572916666666664
7 0.2919921875 0.5462239583333334 0.0625 0.01953125
0 0.2919921875 0.544921875 0.0859375 0.045572916666666664
4 0.69189453125 0.4127604166666667 0.5771484375 0.3854166666666667
7 0.6611328125 0.6555989583333334 0.107421875 0.01953125
6 0.75634765625 0.6555989583333334 0.0849609375 0.01953125
2 0.0703125 0.7923177083333334 0.1015625 0.040364583333333336
7 0.900390625 0.7942708333333334 0.125 0.020833333333333332
0 0.9091796875 0.794921875 0.142578125 0.029947916666666668
4 0.13232421875 0.8860677083333334 0.2255859375 0.12369791666666667
7 0.0615234375 0.966796875 0.05078125 0.029947916666666668
0 0.13232421875 0.9251302083333334 0.2236328125 0.10286458333333333
2 0.13232421875 0.9967447916666666 0.1923828125 0.006510416666666667
4 0.37744140625 0.912109375 0.2255859375 0.17578125
0 0.37744140625 0.912109375 0.2255859375 0.17578125
4 0.62255859375 0.912109375 0.2255859375 0.17578125
0 0.62255859375 0.912109375 0.2255859375 0.17578125
4 0.86767578125 0.912109375 0.2255859375 0.17578125
0 0.86767578125 0.912109375 0.2255859375 0.17578125