7 0.5 0.0625 0.91796875 0.0625
0 0.5 0.14583333333333334 0.91796875 0.0625
7 0.07421875 0.2864583333333333 0.060546875 0.0234375
7 0.17236328125 0.2864583333333333 0.0654296875 0.0234375
7 0.2607421875 0.2864583333333333 0.041015625 0.0234375
7 0.36328125 0.2864583333333333 0.09375 0.0234375
4 0.5 0.2884114583333333 0.115234375 0.053385416666666664
0 0.5 0.287109375 0.115234375 0.09244791666666667
6 0.7568359375 0.28515625 0.029296875 0.0234375
0 0.84521484375 0.2858072916666667 0.1181640625 0.053385416666666664
0 0.93896484375 0.2858072916666667 0.0400390625 0.032552083333333336
2 0.5 0.5234375 0.91796875 0.09895833333333333
7 0.5 0.609375 0.91796875 0.052083333333333336
0 0.5 0.7395833333333334 0.14453125 0.0625
2 0.13037109375 0.9427083333333334 0.1787109375 0.07291666666666667
2 0.3642578125 0.9427083333333334 0.154296875 0.07291666666666667
2 0.59423828125 0.9244791666666666 0.1708984375 0.036458333333333336
7 0.60888671875 0.984375 0.2001953125 0.03125
2 0.83837890625 0.9427083333333334 0.1826171875 0.07291666666666667