4 0.98046875 0.9388020833333334 0.01953125 0.028645833333333332
7 0.40478515625 0.9251302083333334 0.7119140625 0.048177083333333336
6 0.51318359375 0.9388020833333334 0.0615234375 0.020833333333333332
7 0.412109375 0.9524739583333334 0.7265625 0.048177083333333336
6 0.404296875 0.9661458333333334 0.177734375 0.020833333333333332
7 0.49462890625 0.9661458333333334 0.0048828125 0.020833333333333332
0 0.8916015625 0.939453125 0.064453125 0.01953125
2 0.0947265625 0.040364583333333336 0.126953125 0.033854166666666664
0 0.2158203125 0.041666666666666664 0.0625 0.041666666666666664
0 0.2802734375 0.041666666666666664 0.0625 0.041666666666666664
0 0.34033203125 0.041666666666666664 0.0537109375 0.041666666666666664
0 0.40185546875 0.041666666666666664 0.0634765625 0.041666666666666664
0 0.46337890625 0.041666666666666664 0.0537109375 0.041666666666666664
7 0.53076171875 0.041666666666666664 0.0595703125 0.020833333333333332
0 0.53076171875 0.041666666666666664 0.0771484375 0.041666666666666664
6 0.55029296875 0.028645833333333332 0.0439453125 0.013020833333333334
4 0.66845703125 0.033203125 0.0244140625 0.032552083333333336
0 0.66796875 0.041666666666666664 0.025390625 0.049479166666666664
7 0.66796875 0.05859375 0.025390625 0.015625
4 0.70751953125 0.033203125 0.0244140625 0.032552083333333336
0 0.70751953125 0.041666666666666664 0.0302734375 0.049479166666666664
7 0.70751953125 0.05859375 0.0302734375 0.015625
4 0.75341796875 0.033203125 0.0244140625 0.032552083333333336
0 0.75341796875 0.041666666666666664 0.0380859375 0.049479166666666664
7 0.75341796875 0.05859375 0.0380859375 0.015625
1 0.86474609375 0.0390625 0.1416015625 0.044270833333333336
4 0.95166015625 0.039713541666666664 0.0244140625 0.032552083333333336
0 0.95166015625 0.0390625 0.0341796875 0.044270833333333336
4 0.5 0.11783854166666667 1 0.07942708333333333
0 0.5 0.11783854166666667 1 0.07942708333333333
4 0.9384765625 0.21549479166666666 0.015625 0.022135416666666668
6 0.43408203125 0.21419270833333334 0.7568359375 0.01953125
4 0.28759765625 0.658203125 0.0107421875 0.014322916666666666
4 0.06787109375 0.4765625 0.0146484375 0.036458333333333336
4 0.59033203125 0.4765625 0.0146484375 0.036458333333333336
4 0.3291015625 0.4759114583333333 0.556640625 0.41015625
2 0.10791015625 0.7337239583333334 0.1142578125 0.029947916666666668
4 0.12890625 0.8678385416666666 0.15625 0.20963541666666666
0 0.1298828125 0.87109375 0.158203125 0.21614583333333334
0 0.4111328125 0.787109375 0.384765625 0.048177083333333336
7 0.24658203125 0.8274739583333334 0.0556640625 0.01953125
6 0.3056640625 0.8274739583333334 0.064453125 0.01953125
7 0.3720703125 0.8274739583333334 0.068359375 0.01953125
3 0.4521484375 0.8287760416666666 0.06640625 0.02734375
7 0.25390625 0.8639322916666666 0.0703125 0.01953125
7 0.4052734375 0.8912760416666666 0.373046875 0.07421875
6 0.48046875 0.9498697916666666 0.0703125 0.01953125
6 0.572265625 0.9498697916666666 0.064453125 0.01953125
4 0.802734375 0.4016927083333333 0.29296875 0.26171875
2 0.802734375 0.5455729166666666 0.29296875 0.020833333333333332
4 0.6806640625 0.6197916666666666 0.048828125 0.09895833333333333
0 0.80078125 0.6197916666666666 0.296875 0.109375
7 0.830078125 0.5885416666666666 0.2265625 0.026041666666666668
7 0.830078125 0.6087239583333334 0.2265625 0.016927083333333332
4 0.6806640625 0.7278645833333334 0.048828125 0.09895833333333333
0 0.80078125 0.7278645833333334 0.296875 0.109375
7 0.830078125 0.6966145833333334 0.2265625 0.026041666666666668
7 0.830078125 0.716796875 0.2265625 0.016927083333333332
4 0.6806640625 0.8359375 0.048828125 0.09895833333333333
0 0.80078125 0.8359375 0.296875 0.109375
7 0.830078125 0.8046875 0.2265625 0.026041666666666668
7 0.830078125 0.8248697916666666 0.2265625 0.016927083333333332
4 0.6806640625 0.9440104166666666 0.048828125 0.09895833333333333
0 0.80078125 0.9440104166666666 0.296875 0.109375
7 0.830078125 0.9127604166666666 0.2265625 0.026041666666666668
7 0.830078125 0.9329427083333334 0.2265625 0.016927083333333332
0 0.80078125 0.9986979166666666 0.296875 0.0026041666666666665