4 0.068359375 0.032552083333333336 0.107421875 0.0390625
0 0.068359375 0.0390625 0.13671875 0.06510416666666667
1 0.68994140625 0.038411458333333336 0.2744140625 0.05078125
0 0.80810546875 0.037109375 0.0166015625 0.07421875
7 0.89599609375 0.037760416666666664 0.0439453125 0.03125
0 0.91015625 0.037760416666666664 0.130859375 0.049479166666666664
7 0.94091796875 0.037760416666666664 0.0478515625 0.03125
2 0.14599609375 0.11979166666666667 0.2626953125 0.03125
2 0.26318359375 0.18359375 0.4970703125 0.049479166666666664
4 0.81396484375 0.15299479166666666 0.1318359375 0.05078125
0 0.8330078125 0.126953125 0.3046875 0.10286458333333333
0 0.1669921875 0.3678385416666667 0.3046875 0.053385416666666664
7 0.080078125 0.4192708333333333 0.109375 0.036458333333333336
0 0.1669921875 0.419921875 0.3046875 0.053385416666666664
7 0.30419921875 0.419921875 0.0302734375 0.053385416666666664
7 0.052734375 0.4713541666666667 0.0546875 0.036458333333333336
0 0.1669921875 0.4720052083333333 0.3046875 0.053385416666666664
7 0.30419921875 0.4720052083333333 0.0302734375 0.053385416666666664
0 0.1669921875 0.5240885416666666 0.3046875 0.053385416666666664
0 0.1669921875 0.576171875 0.3046875 0.053385416666666664
0 0.1669921875 0.6282552083333334 0.3046875 0.053385416666666664
7 0.07568359375 0.6796875 0.1005859375 0.036458333333333336
0 0.1669921875 0.6803385416666666 0.3046875 0.053385416666666664
7 0.30419921875 0.6803385416666666 0.0302734375 0.053385416666666664
2 0.11181640625 0.7975260416666666 0.1650390625 0.040364583333333336
6 0.14404296875 0.8541666666666666 0.2275390625 0.03125
7 0.07958984375 0.90234375 0.0986328125 0.03125
6 0.068359375 0.9348958333333334 0.046875 0.03125
7 0.1015625 0.9348958333333334 0.01953125 0.03125
6 0.12744140625 0.9348958333333334 0.0322265625 0.03125
7 0.1533203125 0.9348958333333334 0.01953125 0.03125
6 0.19091796875 0.9348958333333334 0.0556640625 0.03125
6 0.12353515625 0.9830729166666666 0.1865234375 0.03125
4 0.4443359375 0.3802083333333333 0.193359375 0.15625
2 0.44482421875 0.49609375 0.1435546875 0.059895833333333336
4 0.66650390625 0.3841145833333333 0.1943359375 0.1640625
2 0.66650390625 0.5052083333333334 0.1728515625 0.059895833333333336
4 0.888671875 0.3841145833333333 0.193359375 0.1640625
2 0.888671875 0.5052083333333334 0.171875 0.059895833333333336
7 0.54638671875 0.5703125 0.1259765625 0.028645833333333332
6 0.65185546875 0.5703125 0.0869140625 0.028645833333333332
7 0.7109375 0.5703125 0.033203125 0.028645833333333332
6 0.7861328125 0.5703125 0.119140625 0.028645833333333332
7 0.84716796875 0.5703125 0.0048828125 0.028645833333333332
2 0.46484375 0.6647135416666666 0.203125 0.037760416666666664
7 0.439453125 0.716796875 0.15234375 0.024739583333333332
7 0.6640625 0.8138020833333334 0.6015625 0.15885416666666666
7 0.66455078125 0.9342447916666666 0.6025390625 0.061197916666666664
7 0.43896484375 0.9830729166666666 0.0732421875 0.03125