4 0.072265625 0.10611979166666667 0.1171875 0.21223958333333334
4 0.57763671875 0.014973958333333334 0.0166015625 0.014322916666666666
7 0.609375 0.015625 0.048828125 0.015625
4 0.64697265625 0.014973958333333334 0.0166015625 0.014322916666666666
7 0.6796875 0.015625 0.05078125 0.015625
4 0.71923828125 0.014973958333333334 0.0166015625 0.014322916666666666
7 0.7509765625 0.015625 0.048828125 0.015625
4 0.78857421875 0.014973958333333334 0.0166015625 0.014322916666666666
7 0.82080078125 0.015625 0.0498046875 0.015625
4 0.85791015625 0.014973958333333334 0.0166015625 0.014322916666666666
7 0.8876953125 0.015625 0.044921875 0.015625
4 0.92333984375 0.014973958333333334 0.0166015625 0.014322916666666666
7 0.95849609375 0.015625 0.0556640625 0.015625
6 0.16357421875 0.015625 0.0263671875 0.015625
7 0.18359375 0.015625 0.015625 0.015625
6 0.2119140625 0.015625 0.041015625 0.015625
4 0.568359375 0.035807291666666664 0.8359375 0.00390625
3 0.505859375 0.11458333333333333 0.7109375 0.1171875
6 0.1787109375 0.20247395833333334 0.056640625 0.022135416666666668
6 0.18505859375 0.23372395833333334 0.0693359375 0.022135416666666668
6 0.271484375 0.20247395833333334 0.0546875 0.022135416666666668
6 0.25732421875 0.23372395833333334 0.0263671875 0.022135416666666668
6 0.345703125 0.20247395833333334 0.046875 0.022135416666666668
6 0.33837890625 0.23372395833333334 0.0322265625 0.022135416666666668
6 0.43798828125 0.20247395833333334 0.0927734375 0.022135416666666668
6 0.41015625 0.23372395833333334 0.037109375 0.022135416666666668
1 0.82666015625 0.201171875 0.1962890625 0.02734375
1 0.9580078125 0.201171875 0.05859375 0.02734375
6 0.67041015625 0.23502604166666666 0.0087890625 0.01953125
6 0.6796875 0.23502604166666666 0.01171875 0.01953125
6 0.6923828125 0.23502604166666666 0.013671875 0.01953125
6 0.705078125 0.23502604166666666 0.013671875 0.01953125
6 0.7177734375 0.23502604166666666 0.013671875 0.01953125
6 0.728515625 0.23502604166666666 0.01171875 0.01953125
6 0.74169921875 0.23502604166666666 0.0146484375 0.01953125
6 0.75390625 0.23502604166666666 0.013671875 0.01953125
6 0.763671875 0.23502604166666666 0.0078125 0.01953125
6 0.77294921875 0.23502604166666666 0.0107421875 0.01953125
6 0.7841796875 0.23502604166666666 0.013671875 0.01953125
6 0.79443359375 0.23502604166666666 0.0107421875 0.01953125
6 0.80615234375 0.23502604166666666 0.0146484375 0.01953125
6 0.8203125 0.23502604166666666 0.013671875 0.01953125
6 0.83349609375 0.23502604166666666 0.0146484375 0.01953125
6 0.84619140625 0.23502604166666666 0.0126953125 0.01953125
6 0.85888671875 0.23502604166666666 0.0146484375 0.01953125
6 0.87109375 0.23502604166666666 0.013671875 0.01953125
6 0.88330078125 0.23502604166666666 0.0126953125 0.01953125
6 0.8955078125 0.23502604166666666 0.01171875 0.01953125
6 0.9072265625 0.23502604166666666 0.013671875 0.01953125
6 0.919921875 0.23502604166666666 0.013671875 0.01953125
6 0.9326171875 0.23502604166666666 0.015625 0.01953125
6 0.947265625 0.23502604166666666 0.013671875 0.01953125
6 0.95849609375 0.23502604166666666 0.0126953125 0.01953125
6 0.9697265625 0.23502604166666666 0.01171875 0.01953125
6 0.9814453125 0.23502604166666666 0.01171875 0.01953125
3 0.072265625 0.619140625 0.1171875 0.76171875
0 0.19677734375 0.2897135416666667 0.0654296875 0.016927083333333332
0 0.19677734375 0.3157552083333333 0.0693359375 0.016927083333333332
0 0.19677734375 0.3326822916666667 0.0693359375 0.016927083333333332
0 0.19677734375 0.349609375 0.0693359375 0.016927083333333332
0 0.19677734375 0.3665364583333333 0.0693359375 0.016927083333333332
0 0.19677734375 0.3834635416666667 0.0693359375 0.016927083333333332
0 0.19677734375 0.400390625 0.0693359375 0.016927083333333332
0 0.19677734375 0.4173177083333333 0.0693359375 0.016927083333333332
0 0.19677734375 0.4342447916666667 0.0693359375 0.016927083333333332
0 0.19677734375 0.451171875 0.0693359375 0.016927083333333332
0 0.19677734375 0.4680989583333333 0.0693359375 0.016927083333333332
0 0.2802734375 0.287109375 0.068359375 0.016927083333333332
0 0.2802734375 0.3040364583333333 0.068359375 0.016927083333333332
0 0.2802734375 0.3209635416666667 0.068359375 0.016927083333333332
0 0.2802734375 0.337890625 0.068359375 0.016927083333333332
0 0.2802734375 0.3548177083333333 0.068359375 0.016927083333333332
0 0.2802734375 0.3717447916666667 0.068359375 0.016927083333333332
0 0.2802734375 0.388671875 0.068359375 0.016927083333333332
0 0.2802734375 0.4055989583333333 0.068359375 0.016927083333333332
0 0.36376953125 0.2897135416666667 0.0654296875 0.016927083333333332
0 0.36376953125 0.3157552083333333 0.0693359375 0.016927083333333332
0 0.36376953125 0.3326822916666667 0.0693359375 0.016927083333333332
0 0.36376953125 0.349609375 0.0693359375 0.016927083333333332
0 0.36376953125 0.375 0.0693359375 0.033854166666666664
0 0.36376953125 0.400390625 0.0693359375 0.016927083333333332
0 0.36376953125 0.4173177083333333 0.0693359375 0.016927083333333332
0 0.447265625 0.2897135416666667 0.064453125 0.016927083333333332
0 0.447265625 0.3157552083333333 0.068359375 0.016927083333333332
0 0.447265625 0.3326822916666667 0.068359375 0.016927083333333332
0 0.447265625 0.349609375 0.068359375 0.016927083333333332
0 0.447265625 0.3665364583333333 0.068359375 0.016927083333333332
0 0.447265625 0.404296875 0.064453125 0.016927083333333332
0 0.447265625 0.4303385416666667 0.068359375 0.016927083333333332
0 0.5302734375 0.2897135416666667 0.064453125 0.016927083333333332
0 0.5302734375 0.3157552083333333 0.068359375 0.016927083333333332
0 0.5302734375 0.3326822916666667 0.068359375 0.016927083333333332
0 0.5302734375 0.349609375 0.068359375 0.016927083333333332
0 0.5302734375 0.3665364583333333 0.068359375 0.016927083333333332
0 0.5302734375 0.3834635416666667 0.068359375 0.016927083333333332
0 0.61279296875 0.2897135416666667 0.0634765625 0.016927083333333332
0 0.61279296875 0.3157552083333333 0.0673828125 0.016927083333333332
0 0.61279296875 0.3326822916666667 0.0673828125 0.016927083333333332
0 0.61279296875 0.349609375 0.0673828125 0.016927083333333332
0 0.61279296875 0.3665364583333333 0.0673828125 0.016927083333333332
0 0.69482421875 0.2897135416666667 0.0634765625 0.016927083333333332
0 0.69482421875 0.3157552083333333 0.0673828125 0.016927083333333332
0 0.69482421875 0.3326822916666667 0.0673828125 0.016927083333333332
0 0.69482421875 0.349609375 0.0673828125 0.016927083333333332
0 0.69482421875 0.3665364583333333 0.0673828125 0.016927083333333332
0 0.69482421875 0.3834635416666667 0.0673828125 0.016927083333333332
0 0.69482421875 0.400390625 0.0673828125 0.016927083333333332
0 0.69482421875 0.4173177083333333 0.0673828125 0.016927083333333332
0 0.69482421875 0.4342447916666667 0.0673828125 0.016927083333333332
0 0.77685546875 0.2897135416666667 0.0634765625 0.016927083333333332
0 0.77685546875 0.3157552083333333 0.0673828125 0.016927083333333332
0 0.77685546875 0.3326822916666667 0.0673828125 0.016927083333333332
0 0.77685546875 0.349609375 0.0673828125 0.016927083333333332
0 0.77685546875 0.3665364583333333 0.0673828125 0.016927083333333332
0 0.77685546875 0.3834635416666667 0.0673828125 0.016927083333333332
0 0.77685546875 0.400390625 0.0673828125 0.016927083333333332
0 0.77685546875 0.4173177083333333 0.0673828125 0.016927083333333332
0 0.77685546875 0.4342447916666667 0.0673828125 0.016927083333333332
0 0.77685546875 0.451171875 0.0673828125 0.016927083333333332
0 0.77685546875 0.4680989583333333 0.0673828125 0.016927083333333332
0 0.85888671875 0.287109375 0.0673828125 0.016927083333333332
0 0.85888671875 0.3040364583333333 0.0673828125 0.016927083333333332
0 0.85888671875 0.3209635416666667 0.0673828125 0.016927083333333332
0 0.85888671875 0.337890625 0.0673828125 0.016927083333333332
0 0.85888671875 0.3548177083333333 0.0673828125 0.016927083333333332
0 0.85888671875 0.3717447916666667 0.0673828125 0.016927083333333332
0 0.85888671875 0.388671875 0.0673828125 0.016927083333333332
0 0.85888671875 0.4055989583333333 0.0673828125 0.016927083333333332
0 0.85888671875 0.4225260416666667 0.0673828125 0.016927083333333332
0 0.85888671875 0.439453125 0.0673828125 0.016927083333333332
0 0.85888671875 0.4563802083333333 0.0673828125 0.016927083333333332
0 0.94091796875 0.2897135416666667 0.0634765625 0.016927083333333332
0 0.94091796875 0.3157552083333333 0.0673828125 0.016927083333333332
0 0.94091796875 0.3326822916666667 0.0673828125 0.016927083333333332
0 0.94091796875 0.349609375 0.0673828125 0.016927083333333332
0 0.94091796875 0.3665364583333333 0.0673828125 0.016927083333333332
0 0.94091796875 0.3834635416666667 0.0673828125 0.016927083333333332
7 0.90478515625 0.5260416666666666 0.0634765625 0.015625
7 0.95849609375 0.5260416666666666 0.0458984375 0.015625
7 0.93359375 0.54296875 0.095703125 0.015625
7 0.9140625 0.5598958333333334 0.13671875 0.015625
6 0.23388671875 0.5247395833333334 0.1669921875 0.026041666666666668
7 0.3603515625 0.5266927083333334 0.0859375 0.01953125
6 0.4169921875 0.5266927083333334 0.02734375 0.01953125
7 0.453125 0.5266927083333334 0.048828125 0.01953125
7 0.27490234375 0.548828125 0.2490234375 0.01953125
7 0.23095703125 0.5852864583333334 0.1318359375 0.01953125
7 0.40185546875 0.5852864583333334 0.2099609375 0.01953125
7 0.1962890625 0.6048177083333334 0.0625 0.01953125
7 0.36279296875 0.6048177083333334 0.2705078125 0.01953125
6 0.5234375 0.60546875 0.0546875 0.015625
4 0.9765625 0.6549479166666666 0.015625 0.020833333333333332
0 0.568359375 0.6529947916666666 0.8359375 0.02734375
6 0.203125 0.6868489583333334 0.09765625 0.01953125
7 0.2626953125 0.6868489583333334 0.021484375 0.01953125
6 0.3203125 0.6868489583333334 0.095703125 0.01953125
7 0.86572265625 0.6868489583333334 0.0146484375 0.01953125
6 0.8876953125 0.6868489583333334 0.033203125 0.01953125
7 0.912109375 0.6868489583333334 0.015625 0.01953125
6 0.9501953125 0.6868489583333334 0.064453125 0.01953125
7 0.72314453125 0.71484375 0.1806640625 0.015625
6 0.84814453125 0.71484375 0.0537109375 0.015625
6 0.935546875 0.71484375 0.103515625 0.015625
0 0.9365234375 0.75390625 0.099609375 0.041666666666666664
4 0.568359375 0.7877604166666666 0.8359375 0.11458333333333333
6 0.18359375 0.8743489583333334 0.05859375 0.01953125
7 0.22119140625 0.875 0.0107421875 0.015625
7 0.23486328125 0.875 0.0107421875 0.015625
7 0.25 0.8743489583333334 0.021484375 0.01953125
6 0.31787109375 0.8743489583333334 0.1181640625 0.01953125
4 0.3876953125 0.873046875 0.01171875 0.014322916666666666
7 0.86572265625 0.8743489583333334 0.0146484375 0.01953125
6 0.8876953125 0.8743489583333334 0.033203125 0.01953125
7 0.912109375 0.8743489583333334 0.015625 0.01953125
6 0.9501953125 0.8743489583333334 0.064453125 0.01953125
7 0.72705078125 0.90234375 0.1806640625 0.015625
6 0.87646484375 0.90234375 0.1025390625 0.015625
7 0.95751953125 0.90234375 0.0595703125 0.015625
0 0.9365234375 0.94140625 0.099609375 0.041666666666666664
0 0.9365234375 0.982421875 0.099609375 0.029947916666666668
4 0.568359375 0.958984375 0.8359375 0.08203125