7 0.41748046875 0.049479166666666664 0.7431640625 0.044270833333333336
7 0.16552734375 0.08658854166666667 0.2392578125 0.01953125
6 0.29736328125 0.08658854166666667 0.0244140625 0.01953125
7 0.4775390625 0.08658854166666667 0.3359375 0.01953125
7 0.85888671875 0.061848958333333336 0.0400390625 0.01953125
0 0.89013671875 0.061848958333333336 0.1279296875 0.048177083333333336
4 0.93701171875 0.061848958333333336 0.0087890625 0.01171875
4 0.12890625 0.2565104166666667 0.1953125 0.078125
0 0.12890625 0.2565104166666667 0.1953125 0.078125
1 0.662109375 0.2565104166666667 0.07421875 0.078125
4 0.71630859375 0.2571614583333333 0.0205078125 0.02734375
0 0.71826171875 0.2565104166666667 0.0400390625 0.078125
4 0.76171875 0.2545572916666667 0.025390625 0.016927083333333332
0 0.76171875 0.2565104166666667 0.025390625 0.03125
7 0.87060546875 0.2565104166666667 0.1142578125 0.020833333333333332
0 0.88330078125 0.2565104166666667 0.1728515625 0.049479166666666664
4 0.94482421875 0.2578125 0.0146484375 0.020833333333333332
7 0.11474609375 0.34765625 0.0908203125 0.03125
0 0.12451171875 0.34765625 0.1103515625 0.052083333333333336
7 0.2900390625 0.34765625 0.126953125 0.03125
0 0.2998046875 0.34765625 0.146484375 0.052083333333333336
7 0.4638671875 0.34765625 0.0859375 0.03125
0 0.4736328125 0.34765625 0.10546875 0.052083333333333336
7 0.6083984375 0.34765625 0.0703125 0.03125
0 0.6181640625 0.34765625 0.08984375 0.052083333333333336
7 0.7451171875 0.34765625 0.0703125 0.03125
0 0.7548828125 0.34765625 0.08984375 0.052083333333333336
7 0.87939453125 0.34765625 0.0634765625 0.03125
0 0.88916015625 0.34765625 0.0830078125 0.052083333333333336
7 0.0478515625 0.14778645833333334 0.064453125 0.024739583333333332
0 0.14111328125 0.1640625 0.2822265625 0.078125
7 0.0478515625 0.17317708333333334 0.064453125 0.026041666666666668
4 0.1806640625 0.17578125 0.171875 0.03125
7 0.33447265625 0.14778645833333334 0.0732421875 0.024739583333333332
0 0.4375 0.1640625 0.310546875 0.078125
7 0.33447265625 0.17317708333333334 0.0732421875 0.026041666666666668
4 0.4814453125 0.17578125 0.19140625 0.03125
7 0.64501953125 0.14778645833333334 0.0732421875 0.024739583333333332
0 0.748046875 0.1640625 0.310546875 0.078125
7 0.64501953125 0.17317708333333334 0.0732421875 0.026041666666666668
4 0.7919921875 0.17578125 0.19140625 0.03125
7 0.94140625 0.16341145833333334 0.060546875 0.024739583333333332
0 0.95166015625 0.1640625 0.0966796875 0.078125
4 0.0537109375 0.4108072916666667 0.015625 0.022135416666666668
7 0.1259765625 0.41015625 0.12890625 0.026041666666666668
0 0.5 0.41015625 0.9375 0.0625
4 0.255859375 0.41015625 0.01171875 0.015625
7 0.30859375 0.4088541666666667 0.056640625 0.020833333333333332
4 0.3466796875 0.4108072916666667 0.01953125 0.02734375
7 0.4853515625 0.4088541666666667 0.259765625 0.020833333333333332
7 0.6162109375 0.3450520833333333 0.671875 0.026041666666666668
6 0.3046875 0.5338541666666666 0.486328125 0.08072916666666667
0 0.3046875 0.6087239583333334 0.517578125 0.2721354166666667
6 0.3046875 0.5970052083333334 0.486328125 0.024739583333333332
6 0.3046875 0.6770833333333334 0.486328125 0.09375
0 0.13330078125 0.7734375 0.1748046875 0.020833333333333332
7 0.28515625 0.8020833333333334 0.478515625 0.026041666666666668
7 0.12646484375 0.8307291666666666 0.1611328125 0.026041666666666668
0 0.3046875 0.8209635416666666 0.517578125 0.06901041666666667
7 0.30224609375 0.88671875 0.5126953125 0.026041666666666668
7 0.12646484375 0.9153645833333334 0.1611328125 0.026041666666666668
0 0.3046875 0.9049479166666666 0.517578125 0.0703125
7 0.2529296875 0.9713541666666666 0.4140625 0.026041666666666668
7 0.12646484375 0.9934895833333334 0.1611328125 0.013020833333333334
0 0.3046875 0.9772135416666666 0.517578125 0.045572916666666664
7 0.7734375 0.5904947916666666 0.29296875 0.022135416666666668