7 0.20751953125 0.41015625 0.3369140625 0.2526041666666667
7 0.83349609375 0.162109375 0.2431640625 0.07421875
7 0.91259765625 0.19140625 0.0908203125 0.015625
7 0.76123046875 0.23958333333333334 0.0771484375 0.018229166666666668
0 0.76123046875 0.23958333333333334 0.0986328125 0.041666666666666664
4 0.0947265625 0.031901041666666664 0.111328125 0.032552083333333336
4 0.6083984375 0.030598958333333332 0.0234375 0.032552083333333336
7 0.64404296875 0.031901041666666664 0.0400390625 0.022135416666666668
4 0.70703125 0.030598958333333332 0.0234375 0.032552083333333336
7 0.74365234375 0.031901041666666664 0.0419921875 0.022135416666666668
4 0.806640625 0.030598958333333332 0.021484375 0.032552083333333336
7 0.841796875 0.031901041666666664 0.037109375 0.022135416666666668
7 0.92626953125 0.030598958333333332 0.0458984375 0.01953125
0 0.92626953125 0.030598958333333332 0.0693359375 0.040364583333333336
7 0.0830078125 0.08854166666666667 0.056640625 0.018229166666666668
0 0.0830078125 0.08854166666666667 0.087890625 0.052083333333333336
7 0.2646484375 0.08854166666666667 0.03515625 0.018229166666666668
0 0.26416015625 0.08854166666666667 0.0791015625 0.052083333333333336
7 0.4638671875 0.08854166666666667 0.09375 0.018229166666666668
0 0.4638671875 0.08854166666666667 0.125 0.052083333333333336
7 0.6630859375 0.08854166666666667 0.0390625 0.018229166666666668
0 0.66357421875 0.08854166666666667 0.0791015625 0.052083333333333336
7 0.83984375 0.08854166666666667 0.04296875 0.018229166666666668
0 0.83984375 0.08854166666666667 0.078125 0.052083333333333336
2 0.11328125 0.16015625 0.1484375 0.046875
2 0.14794921875 0.23177083333333334 0.2177734375 0.036458333333333336
4 0.20703125 0.41015625 0.3359375 0.2526041666666667
0 0.20751953125 0.41015625 0.3369140625 0.2526041666666667
7 0.060546875 0.3072916666666667 0.02734375 0.026041666666666668
7 0.40869140625 0.29296875 0.0439453125 0.015625
6 0.48583984375 0.3450520833333333 0.1982421875 0.057291666666666664
4 0.39501953125 0.3971354166666667 0.0166015625 0.020833333333333332
0 0.4033203125 0.3971354166666667 0.033203125 0.020833333333333332
7 0.4130859375 0.3971354166666667 0.013671875 0.020833333333333332
4 0.42822265625 0.3971354166666667 0.0107421875 0.013020833333333334
7 0.45654296875 0.3971354166666667 0.0322265625 0.013020833333333334
7 0.49560546875 0.3971354166666667 0.0478515625 0.013020833333333334
4 0.20703125 0.71484375 0.3359375 0.2526041666666667
0 0.20751953125 0.71484375 0.3369140625 0.2526041666666667
7 0.060546875 0.6119791666666666 0.02734375 0.026041666666666668
7 0.40869140625 0.59765625 0.0439453125 0.015625
6 0.47802734375 0.6653645833333334 0.1826171875 0.08854166666666667
4 0.39501953125 0.7330729166666666 0.0166015625 0.020833333333333332
0 0.40771484375 0.7330729166666666 0.0419921875 0.020833333333333332
7 0.41748046875 0.7330729166666666 0.0224609375 0.020833333333333332
4 0.43701171875 0.7330729166666666 0.0107421875 0.013020833333333334
7 0.46533203125 0.7330729166666666 0.0322265625 0.013020833333333334
7 0.50732421875 0.7330729166666666 0.0537109375 0.013020833333333334
4 0.20703125 0.9466145833333334 0.3359375 0.10677083333333333
0 0.20751953125 0.9466145833333334 0.3369140625 0.10677083333333333
7 0.0615234375 0.9166666666666666 0.029296875 0.026041666666666668
7 0.40869140625 0.90234375 0.0439453125 0.015625
6 0.48388671875 0.962890625 0.1943359375 0.07421875
2 0.681640625 0.2109375 0.037109375 0.015625
2 0.74267578125 0.23893229166666666 0.1591796875 0.032552083333333336
4 0.73193359375 0.3346354166666667 0.1376953125 0.1015625
0 0.73193359375 0.3346354166666667 0.1376953125 0.1015625
7 0.68603515625 0.3072916666666667 0.0302734375 0.026041666666666668
6 0.87939453125 0.3307291666666667 0.1357421875 0.08854166666666667
4 0.81982421875 0.3522135416666667 0.0166015625 0.022135416666666668
0 0.83642578125 0.3522135416666667 0.0498046875 0.022135416666666668
7 0.84619140625 0.3522135416666667 0.0302734375 0.022135416666666668
4 0.86962890625 0.3522135416666667 0.0107421875 0.014322916666666666
7 0.82763671875 0.3795572916666667 0.0322265625 0.014322916666666666
7 0.86474609375 0.3795572916666667 0.0439453125 0.014322916666666666
4 0.73193359375 0.482421875 0.1376953125 0.10286458333333333
0 0.73193359375 0.482421875 0.1376953125 0.10286458333333333
7 0.68701171875 0.455078125 0.0322265625 0.02734375
6 0.87939453125 0.455078125 0.1357421875 0.04296875
4 0.81982421875 0.4993489583333333 0.0166015625 0.022135416666666668
0 0.86083984375 0.4993489583333333 0.0986328125 0.022135416666666668
7 0.87060546875 0.4993489583333333 0.0791015625 0.022135416666666668
4 0.91845703125 0.4993489583333333 0.0107421875 0.014322916666666666
7 0.82763671875 0.5266927083333334 0.0322265625 0.014322916666666666
7 0.86474609375 0.5266927083333334 0.0439453125 0.014322916666666666
4 0.73193359375 0.6295572916666666 0.1376953125 0.10286458333333333
0 0.73193359375 0.6295572916666666 0.1376953125 0.10286458333333333
7 0.6845703125 0.6022135416666666 0.02734375 0.02734375
6 0.876953125 0.6022135416666666 0.130859375 0.04296875
4 0.81982421875 0.646484375 0.0166015625 0.022135416666666668
0 0.84521484375 0.646484375 0.0673828125 0.022135416666666668
7 0.85498046875 0.646484375 0.0478515625 0.022135416666666668
4 0.88720703125 0.646484375 0.0107421875 0.014322916666666666
7 0.82763671875 0.673828125 0.0322265625 0.014322916666666666
7 0.87158203125 0.673828125 0.0576171875 0.014322916666666666
2 0.70263671875 0.865234375 0.0791015625 0.016927083333333332
2 0.76806640625 0.8932291666666666 0.2099609375 0.033854166666666664
4 0.73193359375 0.96875 0.1376953125 0.0625
0 0.73193359375 0.96875 0.1376953125 0.0625
7 0.68505859375 0.9615885416666666 0.0283203125 0.02734375
6 0.8779296875 0.9700520833333334 0.1328125 0.059895833333333336
4 0.81982421875 0.9973958333333334 0.0166015625 0.005208333333333333
0 0.85595703125 0.9973958333333334 0.0888671875 0.005208333333333333
7 0.86572265625 0.9973958333333334 0.0693359375 0.005208333333333333
4 0.90869140625 0.9993489583333334 0.0107421875 0.0013020833333333333