2 0.1044921875 0.061197916666666664 0.166015625 0.044270833333333336
0 0.1044921875 0.07682291666666667 0.166015625 0.020833333333333332
5 0.638671875 0.027994791666666668 0.1875 0.01953125
5 0.771484375 0.027994791666666668 0.048828125 0.01953125
1 0.6181640625 0.059244791666666664 0.146484375 0.029947916666666668
1 0.8203125 0.059244791666666664 0.146484375 0.029947916666666668
1 0.94287109375 0.059895833333333336 0.0576171875 0.0234375
6 0.80322265625 0.09114583333333333 0.1123046875 0.018229166666666668
7 0.2412109375 0.216796875 0.439453125 0.11328125
4 0.28369140625 0.400390625 0.5244140625 0.25390625
7 0.783203125 0.16536458333333334 0.390625 0.0625
7 0.783203125 0.21940104166666666 0.390625 0.032552083333333336
1 0.6826171875 0.287109375 0.189453125 0.05078125
1 0.8828125 0.287109375 0.189453125 0.05078125
1 0.78271484375 0.3509114583333333 0.3896484375 0.05078125
1 0.78271484375 0.4147135416666667 0.3896484375 0.05078125
7 0.783203125 0.4798177083333333 0.390625 0.02734375
1 0.61376953125 0.51953125 0.0517578125 0.0390625
1 0.67333984375 0.51953125 0.0673828125 0.0390625
1 0.73681640625 0.51953125 0.0595703125 0.0390625
4 0.7841796875 0.5188802083333334 0.015625 0.022135416666666668
0 0.7841796875 0.5208333333333334 0.015625 0.026041666666666668
7 0.783203125 0.5657552083333334 0.390625 0.02734375
1 0.60302734375 0.6048177083333334 0.0126953125 0.016927083333333332
5 0.65185546875 0.6087239583333334 0.0791015625 0.02734375
1 0.7099609375 0.6048177083333334 0.013671875 0.016927083333333332
5 0.7607421875 0.6087239583333334 0.083984375 0.02734375
1 0.8173828125 0.6048177083333334 0.013671875 0.016927083333333332
5 0.85791015625 0.6087239583333334 0.0634765625 0.02734375
4 0.90673828125 0.607421875 0.0166015625 0.022135416666666668
0 0.90673828125 0.609375 0.0166015625 0.026041666666666668
7 0.71923828125 0.650390625 0.2626953125 0.016927083333333332
6 0.6416015625 0.6686197916666666 0.107421875 0.016927083333333332
7 0.71875 0.6686197916666666 0.046875 0.016927083333333332
6 0.7744140625 0.6686197916666666 0.068359375 0.016927083333333332
7 0.8212890625 0.6686197916666666 0.025390625 0.016927083333333332
6 0.728515625 0.677734375 0.28125 0.03515625
7 0.74072265625 0.6959635416666666 0.3056640625 0.03515625
0 0.6826171875 0.7669270833333334 0.189453125 0.052083333333333336
6 0.64208984375 0.8502604166666666 0.1083984375 0.020833333333333332
7 0.7451171875 0.861328125 0.314453125 0.04296875
7 0.04345703125 0.96484375 0.0439453125 0.020833333333333332
6 0.107421875 0.96484375 0.06640625 0.018229166666666668
6 0.17138671875 0.96484375 0.0439453125 0.018229166666666668
6 0.24755859375 0.96484375 0.0927734375 0.018229166666666668
6 0.33154296875 0.96484375 0.0556640625 0.018229166666666668
6 0.392578125 0.96484375 0.048828125 0.018229166666666668
6 0.4736328125 0.96484375 0.095703125 0.018229166666666668
6 0.54736328125 0.96484375 0.0361328125 0.018229166666666668
6 0.59326171875 0.96484375 0.0380859375 0.018229166666666668
6 0.63330078125 0.96484375 0.0224609375 0.018229166666666668
6 0.67138671875 0.96484375 0.0361328125 0.018229166666666668
4 0.71337890625 0.96484375 0.0126953125 0.015625
0 0.71337890625 0.96484375 0.0302734375 0.026041666666666668