4 0.5 0.052083333333333336 1 0.10416666666666667
2 0.5859375 0.146484375 0.171875 0.022135416666666668
6 0.248046875 0.19205729166666666 0.060546875 0.022135416666666668
7 0.37646484375 0.19205729166666666 0.2001953125 0.022135416666666668
6 0.51806640625 0.19205729166666666 0.0830078125 0.022135416666666668
7 0.57275390625 0.19205729166666666 0.0302734375 0.022135416666666668
6 0.6318359375 0.19205729166666666 0.087890625 0.022135416666666668
7 0.7080078125 0.19205729166666666 0.068359375 0.022135416666666668
6 0.83349609375 0.19205729166666666 0.1826171875 0.022135416666666668
7 0.66845703125 0.20638020833333334 0.5732421875 0.05078125
6 0.51025390625 0.220703125 0.0615234375 0.022135416666666668
7 0.6650390625 0.220703125 0.25 0.022135416666666668
4 0.24169921875 0.2610677083333333 0.0302734375 0.03515625
6 0.2978515625 0.259765625 0.076171875 0.022135416666666668
4 0.3662109375 0.2610677083333333 0.029296875 0.03515625
6 0.4208984375 0.259765625 0.07421875 0.022135416666666668
4 0.48779296875 0.2610677083333333 0.0302734375 0.03515625
6 0.546875 0.259765625 0.08203125 0.022135416666666668
4 0.61767578125 0.2610677083333333 0.0302734375 0.03515625
6 0.69189453125 0.259765625 0.1123046875 0.022135416666666668
4 0.77783203125 0.2610677083333333 0.0302734375 0.03515625
6 0.82373046875 0.259765625 0.0556640625 0.022135416666666668
4 0.88037109375 0.2610677083333333 0.0302734375 0.03515625
6 0.91650390625 0.259765625 0.0361328125 0.022135416666666668
4 0.49072265625 0.294921875 0.0302734375 0.03515625
6 0.53466796875 0.2936197916666667 0.0517578125 0.022135416666666668
4 0.59033203125 0.294921875 0.0302734375 0.03515625
6 0.65283203125 0.2936197916666667 0.0888671875 0.022135416666666668
6 0.34521484375 0.3352864583333333 0.1357421875 0.022135416666666668
7 0.41796875 0.3352864583333333 0.01171875 0.022135416666666668
6 0.5 0.3352864583333333 0.154296875 0.022135416666666668
7 0.58251953125 0.3352864583333333 0.0126953125 0.022135416666666668
6 0.666015625 0.3352864583333333 0.15625 0.022135416666666668
7 0.748046875 0.3352864583333333 0.01171875 0.022135416666666668
6 0.82421875 0.3352864583333333 0.142578125 0.022135416666666668
6 0.39892578125 0.3717447916666667 0.0654296875 0.01953125
7 0.43603515625 0.3717447916666667 0.0107421875 0.01953125
6 0.49609375 0.3717447916666667 0.109375 0.01953125
7 0.55419921875 0.3717447916666667 0.0107421875 0.01953125
6 0.5810546875 0.3717447916666667 0.04296875 0.01953125
7 0.60595703125 0.3717447916666667 0.0107421875 0.01953125
6 0.63134765625 0.3717447916666667 0.0400390625 0.01953125
7 0.65478515625 0.3717447916666667 0.0107421875 0.01953125
6 0.68212890625 0.3717447916666667 0.0439453125 0.01953125
7 0.708984375 0.3717447916666667 0.01171875 0.01953125
6 0.75927734375 0.3717447916666667 0.0927734375 0.01953125
4 0.93994140625 0.4596354166666667 0.0439453125 0.059895833333333336
7 0.2587890625 0.4537760416666667 0.078125 0.022135416666666668
6 0.33740234375 0.4537760416666667 0.0810546875 0.022135416666666668
7 0.41552734375 0.4537760416666667 0.0751953125 0.022135416666666668
6 0.484375 0.4537760416666667 0.064453125 0.022135416666666668
7 0.52099609375 0.4537760416666667 0.0126953125 0.022135416666666668
6 0.55859375 0.4537760416666667 0.0625 0.022135416666666668
7 0.63134765625 0.4537760416666667 0.0849609375 0.022135416666666668
6 0.71142578125 0.4537760416666667 0.0771484375 0.022135416666666668
7 0.75341796875 0.4537760416666667 0.0087890625 0.022135416666666668
6 0.78759765625 0.4537760416666667 0.0634765625 0.022135416666666668
7 0.83544921875 0.4537760416666667 0.0322265625 0.022135416666666668
6 0.87646484375 0.4537760416666667 0.0517578125 0.022135416666666668
7 0.5078125 0.482421875 0.02734375 0.022135416666666668
6 0.57470703125 0.482421875 0.1064453125 0.022135416666666668
6 0.47021484375 0.5110677083333334 0.0634765625 0.022135416666666668
7 0.544921875 0.5110677083333334 0.0859375 0.022135416666666668
6 0.61376953125 0.5110677083333334 0.0537109375 0.022135416666666668
7 0.64501953125 0.5110677083333334 0.0126953125 0.022135416666666668
6 0.66748046875 0.5110677083333334 0.0322265625 0.022135416666666668
2 0.2646484375 0.5709635416666666 0.11328125 0.022135416666666668
4 0.29443359375 0.6595052083333334 0.1728515625 0.11588541666666667
7 0.3994140625 0.6165364583333334 0.025390625 0.022135416666666668
6 0.4775390625 0.630859375 0.181640625 0.05078125
7 0.38720703125 0.8170572916666666 0.3583984375 0.3658854166666667
2 0.66748046875 0.5709635416666666 0.1240234375 0.022135416666666668
6 0.63623046875 0.6165364583333334 0.0615234375 0.022135416666666668
7 0.67138671875 0.6165364583333334 0.0126953125 0.022135416666666668
6 0.701171875 0.6165364583333334 0.046875 0.022135416666666668
7 0.73046875 0.6165364583333334 0.013671875 0.022135416666666668
6 0.76513671875 0.6165364583333334 0.0595703125 0.022135416666666668
4 0.908203125 0.7154947916666666 0.11328125 0.11328125
7 0.7216796875 0.6647135416666666 0.189453125 0.022135416666666668
6 0.71240234375 0.693359375 0.1708984375 0.022135416666666668
7 0.814453125 0.6940104166666666 0.02734375 0.018229166666666668
7 0.6982421875 0.7220052083333334 0.142578125 0.022135416666666668
7 0.771484375 0.7962239583333334 0.2890625 0.10807291666666667
6 0.759765625 0.853515625 0.265625 0.05078125
7 0.79931640625 0.8678385416666666 0.0087890625 0.022135416666666668
6 0.86328125 0.8678385416666666 0.123046875 0.022135416666666668
7 0.79248046875 0.8821614583333334 0.3310546875 0.05078125
6 0.73974609375 0.896484375 0.1318359375 0.022135416666666668
7 0.8251953125 0.896484375 0.04296875 0.022135416666666668
7 0.64013671875 0.9264322916666666 0.0263671875 0.022135416666666668
6 0.75244140625 0.9264322916666666 0.1982421875 0.022135416666666668
7 0.78076171875 0.9407552083333334 0.3076171875 0.05078125
6 0.78515625 0.9720052083333334 0.31640625 0.055989583333333336
2 0.0908203125 0.5078125 0.181640625 0.984375
7 0.5888671875 0.020833333333333332 0.107421875 0.026041666666666668
6 0.69482421875 0.024739583333333332 0.0888671875 0.018229166666666668
6 0.76904296875 0.024739583333333332 0.0439453125 0.018229166666666668
6 0.861328125 0.024739583333333332 0.125 0.018229166666666668
6 0.95751953125 0.024739583333333332 0.0537109375 0.018229166666666668
0 0.21142578125 0.078125 0.0771484375 0.052083333333333336
0 0.2880859375 0.078125 0.078125 0.052083333333333336
0 0.505859375 0.078125 0.05078125 0.052083333333333336
0 0.59130859375 0.078125 0.1220703125 0.052083333333333336
0 0.71435546875 0.078125 0.1259765625 0.052083333333333336
1 0.884765625 0.08072916666666667 0.201171875 0.036458333333333336
1 0.9716796875 0.08072916666666667 0.0234375 0.033854166666666664
1 0.9716796875 0.08072916666666667 0.0234375 0.033854166666666664
4 0.0859375 0.10416666666666667 0.15625 0.20833333333333334
6 0.05517578125 0.251953125 0.0576171875 0.01953125
6 0.06640625 0.2766927083333333 0.080078125 0.01953125
6 0.06884765625 0.3014322916666667 0.0849609375 0.01953125
2 0.0908203125 0.345703125 0.12890625 0.01953125
6 0.07373046875 0.376953125 0.0947265625 0.01953125
6 0.08447265625 0.4016927083333333 0.1162109375 0.01953125
6 0.06201171875 0.4264322916666667 0.0712890625 0.01953125
6 0.03857421875 0.451171875 0.0244140625 0.01953125
6 0.07666015625 0.4759114583333333 0.1005859375 0.01953125
6 0.046875 0.5006510416666666 0.041015625 0.01953125
6 0.05029296875 0.525390625 0.0478515625 0.01953125
2 0.0908203125 0.5696614583333334 0.12890625 0.01953125
6 0.0810546875 0.6009114583333334 0.109375 0.01953125
6 0.0703125 0.6341145833333334 0.087890625 0.036458333333333336
6 0.06201171875 0.6673177083333334 0.0712890625 0.01953125
6 0.0732421875 0.6920572916666666 0.09375 0.01953125
6 0.0791015625 0.716796875 0.10546875 0.01953125
6 0.08251953125 0.7415364583333334 0.1123046875 0.01953125
2 0.0908203125 0.7858072916666666 0.12890625 0.01953125
6 0.06396484375 0.8170572916666666 0.0751953125 0.01953125
6 0.08642578125 0.841796875 0.1201171875 0.01953125
6 0.06103515625 0.8665364583333334 0.0693359375 0.01953125
4 0.14697265625 0.9108072916666666 0.0048828125 0.01953125
2 0.0830078125 0.9108072916666666 0.11328125 0.01953125
6 0.060546875 0.9407552083333334 0.068359375 0.01953125
6 0.05078125 0.9654947916666666 0.048828125 0.01953125
6 0.0498046875 0.990234375 0.046875 0.01953125