4 0.11376953125 0.03125 0.1806640625 0.041666666666666664
0 0.11376953125 0.03125 0.1806640625 0.041666666666666664
6 0.29736328125 0.03125 0.0576171875 0.0625
6 0.400390625 0.03125 0.04296875 0.0625
6 0.4853515625 0.03125 0.056640625 0.0625
1 0.6865234375 0.03125 0.1953125 0.046875
0 0.85498046875 0.03125 0.1103515625 0.046875
0 0.955078125 0.03125 0.05859375 0.046875
4 0.736328125 0.2981770833333333 0.224609375 0.2994791666666667
2 0.263671875 0.16796875 0.44921875 0.10416666666666667
7 0.263671875 0.3138020833333333 0.44921875 0.125
0 0.10009765625 0.4622395833333333 0.1220703125 0.046875
2 0.345703125 0.6106770833333334 0.076171875 0.052083333333333336
2 0.4482421875 0.6106770833333334 0.130859375 0.052083333333333336
2 0.6025390625 0.6106770833333334 0.1796875 0.052083333333333336
4 0.1455078125 0.736328125 0.0625 0.048177083333333336
0 0.1455078125 0.7408854166666666 0.0625 0.057291666666666664
7 0.1455078125 0.8190104166666666 0.212890625 0.03125
4 0.3818359375 0.736328125 0.0625 0.08463541666666667
0 0.3818359375 0.7408854166666666 0.0625 0.09375
7 0.3818359375 0.8190104166666666 0.212890625 0.03125
4 0.6181640625 0.736328125 0.0625 0.08463541666666667
0 0.6181640625 0.7408854166666666 0.0625 0.09375
7 0.6181640625 0.8190104166666666 0.212890625 0.03125
4 0.8544921875 0.736328125 0.0625 0.08463541666666667
0 0.8544921875 0.7408854166666666 0.0625 0.09375
7 0.8544921875 0.8190104166666666 0.212890625 0.03125
4 0.1455078125 0.9446614583333334 0.0625 0.08463541666666667
0 0.1455078125 0.94921875 0.0625 0.09375
4 0.3818359375 0.9446614583333334 0.0625 0.08463541666666667
0 0.3818359375 0.94921875 0.0625 0.09375
4 0.6181640625 0.9446614583333334 0.0625 0.08463541666666667
0 0.6181640625 0.94921875 0.0625 0.09375
4 0.8544921875 0.9446614583333334 0.0625 0.08463541666666667
0 0.8544921875 0.94921875 0.0625 0.09375