4 0.11328125 0.044270833333333336 0.1953125 0.057291666666666664
0 0.11328125 0.044270833333333336 0.1953125 0.057291666666666664
0 0.310546875 0.044270833333333336 0.119140625 0.06770833333333333
0 0.44580078125 0.044270833333333336 0.1533203125 0.06770833333333333
0 0.5673828125 0.044270833333333336 0.091796875 0.06770833333333333
1 0.76708984375 0.044270833333333336 0.2001953125 0.036458333333333336
6 0.9521484375 0.044270833333333336 0.052734375 0.033854166666666664
2 0.50048828125 0.3131510416666667 0.6357421875 0.05859375
7 0.1884765625 0.4264322916666667 0.134765625 0.024739583333333332
0 0.228515625 0.427734375 0.21484375 0.06380208333333333
7 0.4619140625 0.4264322916666667 0.17578125 0.024739583333333332
0 0.50927734375 0.427734375 0.2705078125 0.06380208333333333
7 0.74169921875 0.4264322916666667 0.1181640625 0.024739583333333332
0 0.78076171875 0.427734375 0.1962890625 0.06380208333333333
6 0.17529296875 0.6744791666666666 0.2685546875 0.09635416666666667
0 0.1728515625 0.7727864583333334 0.296875 0.32421875
0 0.21044921875 0.8938802083333334 0.1982421875 0.05078125
2 0.57275390625 0.7265625 0.3271484375 0.0703125
7 0.57275390625 0.8203125 0.3271484375 0.06510416666666667
1 0.83642578125 0.759765625 0.1630859375 0.045572916666666664
7 0.8134765625 0.833984375 0.09375 0.022135416666666668
0 0.83642578125 0.8346354166666666 0.1630859375 0.052083333333333336