4 0.13525390625 0.054036458333333336 0.1201171875 0.053385416666666664
0 0.13525390625 0.051432291666666664 0.1201171875 0.048177083333333336
7 0.53125 0.051432291666666664 0.078125 0.032552083333333336
7 0.658203125 0.051432291666666664 0.09765625 0.032552083333333336
7 0.80029296875 0.051432291666666664 0.1083984375 0.032552083333333336
4 0.9013671875 0.051432291666666664 0.015625 0.022135416666666668
4 0.330078125 0.220703125 0.509765625 0.17057291666666666
2 0.330078125 0.3411458333333333 0.509765625 0.020833333333333332
2 0.330078125 0.408203125 0.509765625 0.10286458333333333
0 0.330078125 0.408203125 0.509765625 0.10286458333333333
7 0.330078125 0.5319010416666666 0.509765625 0.09505208333333333
7 0.330078125 0.6204427083333334 0.509765625 0.032552083333333336
7 0.12353515625 0.677734375 0.0654296875 0.024739583333333332
7 0.15869140625 0.677734375 0.0068359375 0.024739583333333332
7 0.19189453125 0.677734375 0.0615234375 0.024739583333333332
7 0.23779296875 0.677734375 0.0322265625 0.024739583333333332
7 0.28955078125 0.677734375 0.0732421875 0.024739583333333332
7 0.4501953125 0.677734375 0.25 0.024739583333333332
7 0.12109375 0.708984375 0.060546875 0.024739583333333332
6 0.1923828125 0.708984375 0.078125 0.024739583333333332
7 0.3125 0.708984375 0.1640625 0.024739583333333332
7 0.125 0.740234375 0.068359375 0.024739583333333332
7 0.302734375 0.740234375 0.2890625 0.024739583333333332
7 0.11279296875 0.771484375 0.0439453125 0.024739583333333332
7 0.193359375 0.771484375 0.119140625 0.024739583333333332
6 0.27392578125 0.771484375 0.0439453125 0.024739583333333332
7 0.296875 0.771484375 0.00390625 0.024739583333333332
7 0.1220703125 0.802734375 0.0625 0.024739583333333332
7 0.1591796875 0.802734375 0.013671875 0.024739583333333332
6 0.265625 0.802734375 0.201171875 0.024739583333333332
7 0.4384765625 0.802734375 0.146484375 0.024739583333333332
7 0.330078125 0.8600260416666666 0.509765625 0.032552083333333336
6 0.13232421875 0.919921875 0.0732421875 0.024739583333333332
0 0.13232421875 0.919921875 0.1142578125 0.037760416666666664
3 0.78076171875 0.2526041666666667 0.2744140625 0.234375
2 0.7841796875 0.388671875 0.28125 0.01953125
2 0.7841796875 0.4401041666666667 0.28125 0.0703125
0 0.7841796875 0.4401041666666667 0.28125 0.0703125
6 0.677734375 0.5169270833333334 0.068359375 0.0234375
4 0.76123046875 0.703125 0.2353515625 0.234375
2 0.7841796875 0.830078125 0.28125 0.01953125
2 0.7841796875 0.8639322916666666 0.28125 0.03515625
0 0.7841796875 0.8639322916666666 0.28125 0.03515625
6 0.6806640625 0.9231770833333334 0.07421875 0.0234375