4 0.15087890625 0.042317708333333336 0.2041015625 0.02734375
0 0.15087890625 0.042317708333333336 0.2041015625 0.02734375
6 0.5654296875 0.041666666666666664 0.068359375 0.026041666666666668
6 0.66748046875 0.041666666666666664 0.0380859375 0.026041666666666668
7 0.755859375 0.042317708333333336 0.041015625 0.032552083333333336
4 0.78515625 0.042317708333333336 0.0078125 0.009114583333333334
6 0.861328125 0.041666666666666664 0.046875 0.026041666666666668
4 0.93994140625 0.042317708333333336 0.0224609375 0.029947916666666668
4 0.25 0.375 0.5 0.75
4 0.75 0.375 0.5 0.75
4 1 0.375 0 0.75
2 0.71435546875 0.14583333333333334 0.3583984375 0.028645833333333332
2 0.71435546875 0.3678385416666667 0.3583984375 0.3763020833333333
0 0.63525390625 0.634765625 0.2001953125 0.06640625
2 0.9462890625 0.14583333333333334 0.107421875 0.028645833333333332
2 0.9462890625 0.3365885416666667 0.107421875 0.3138020833333333
0 0.9462890625 0.572265625 0.107421875 0.06640625
4 0.54052734375 0.701171875 0.0107421875 0.014322916666666666
4 0.56005859375 0.701171875 0.0107421875 0.014322916666666666
4 0.57958984375 0.701171875 0.0107421875 0.014322916666666666
2 0.25 0.8385416666666666 0.21484375 0.08333333333333333
6 0.18505859375 0.9153645833333334 0.0849609375 0.026041666666666668
2 0.5 0.8385416666666666 0.21484375 0.08333333333333333
6 0.43505859375 0.9153645833333334 0.0849609375 0.026041666666666668
2 0.75 0.8385416666666666 0.21484375 0.08333333333333333
6 0.68505859375 0.9153645833333334 0.0849609375 0.026041666666666668