4 0.03076171875 0.03515625 0.0146484375 0.036458333333333336
0 0.07421875 0.03515625 0.1484375 0.0703125
4 0.0771484375 0.03515625 0.07421875 0.036458333333333336
6 0.265625 0.03515625 0.166015625 0.0703125
0 0.27587890625 0.03515625 0.0888671875 0.0703125
4 0.35888671875 0.03515625 0.0244140625 0.03125
0 0.35888671875 0.03515625 0.0244140625 0.0703125
6 0.6552734375 0.03515625 0.03125 0.059895833333333336
6 0.740234375 0.03515625 0.04296875 0.059895833333333336
0 0.8134765625 0.03515625 0.05859375 0.033854166666666664
4 0.814453125 0.03515625 0.029296875 0.0390625
0 0.9267578125 0.03515625 0.146484375 0.0703125
7 0.08740234375 0.10677083333333333 0.0654296875 0.03125
0 0.08740234375 0.10677083333333333 0.0654296875 0.07291666666666667
7 0.19873046875 0.10677083333333333 0.0498046875 0.03125
0 0.19873046875 0.10677083333333333 0.0498046875 0.07291666666666667
7 0.3408203125 0.10677083333333333 0.126953125 0.03125
0 0.3408203125 0.10677083333333333 0.126953125 0.07291666666666667
7 0.09521484375 0.205078125 0.1123046875 0.02734375
0 0.1064453125 0.205078125 0.134765625 0.045572916666666664
4 0.16455078125 0.20638020833333334 0.0185546875 0.024739583333333332
4 0.25634765625 0.4114583333333333 0.4345703125 0.3255208333333333
4 0.55908203125 0.4114583333333333 0.1552734375 0.3255208333333333
4 0.802734375 0.4114583333333333 0.31640625 0.3255208333333333
4 0.29345703125 0.787109375 0.5087890625 0.4049479166666667
4 0.75830078125 0.787109375 0.4052734375 0.4049479166666667
7 0.36572265625 0.9635416666666666 0.5224609375 0.0234375
0 0.71435546875 0.9635416666666666 0.1123046875 0.052083333333333336
0 0.8369140625 0.9635416666666666 0.1171875 0.052083333333333336