4 0.017578125 0.0234375 0.03515625 0.046875
0 0.1328125 0.0234375 0.1953125 0.046875
0 0.32763671875 0.0234375 0.1943359375 0.046875
4 0.2119140625 0.09375 0.171875 0.052083333333333336
0 0.2216796875 0.09635416666666667 0.19140625 0.057291666666666664
7 0.37060546875 0.09635416666666667 0.0751953125 0.018229166666666668
1 0.56787109375 0.09635416666666667 0.2333984375 0.036458333333333336
7 0.79541015625 0.024739583333333332 0.0458984375 0.020833333333333332
0 0.8056640625 0.059244791666666664 0.06640625 0.08463541666666667
6 0.78955078125 0.041666666666666664 0.0341796875 0.020833333333333332
7 0.80517578125 0.05859375 0.0654296875 0.020833333333333332
6 0.8017578125 0.083984375 0.05859375 0.037760416666666664
7 0.06591796875 0.1875 0.1005859375 0.041666666666666664
4 0.13330078125 0.1875 0.0146484375 0.018229166666666668
0 0.13330078125 0.1875 0.0322265625 0.041666666666666664
0 0.02734375 0.1875 0.0546875 0.041666666666666664
7 0.01953125 0.1875 0.0390625 0.020833333333333332
7 0.126953125 0.1875 0.0703125 0.03125
0 0.1826171875 0.1875 0.21484375 0.041666666666666664
4 0.19189453125 0.18815104166666666 0.0458984375 0.024739583333333332
7 0.24755859375 0.1875 0.0517578125 0.020833333333333332
7 0.35009765625 0.1875 0.0458984375 0.03125
0 0.40576171875 0.1875 0.1904296875 0.041666666666666664
4 0.40283203125 0.18815104166666666 0.0458984375 0.024739583333333332
7 0.45849609375 0.1875 0.0517578125 0.020833333333333332
7 0.568359375 0.1875 0.060546875 0.03125
0 0.6240234375 0.1875 0.205078125 0.041666666666666664
4 0.62841796875 0.18815104166666666 0.0458984375 0.024739583333333332
7 0.68408203125 0.1875 0.0517578125 0.020833333333333332
7 0.8193359375 0.1875 0.111328125 0.03125
0 0.87353515625 0.1875 0.2529296875 0.041666666666666664
4 0.90478515625 0.18815104166666666 0.0458984375 0.024739583333333332
7 0.96044921875 0.1875 0.0517578125 0.020833333333333332
3 0.5 0.2877604166666667 0.7109375 0.1171875
2 0.171875 0.5045572916666666 0.16015625 0.048177083333333336
2 0.318359375 0.5045572916666666 0.134765625 0.048177083333333336
7 0.2734375 0.5657552083333334 0.36328125 0.07942708333333333
7 0.6494140625 0.4596354166666667 0.271484375 0.09114583333333333
7 0.533203125 0.529296875 0.0390625 0.03515625
7 0.578125 0.529296875 0.05078125 0.03515625
7 0.63037109375 0.529296875 0.0576171875 0.03515625
7 0.67041015625 0.529296875 0.0224609375 0.03515625
7 0.68994140625 0.529296875 0.0205078125 0.03515625
7 0.71240234375 0.529296875 0.0263671875 0.03515625
7 0.75830078125 0.529296875 0.0654296875 0.03515625
4 0.81103515625 0.5305989583333334 0.0244140625 0.032552083333333336
7 0.5830078125 0.6725260416666666 0.138671875 0.022135416666666668
0 0.640625 0.6731770833333334 0.25390625 0.0234375
7 0.70361328125 0.6725260416666666 0.1025390625 0.022135416666666668
7 0.81591796875 0.6171875 0.0986328125 0.13541666666666666
2 0.330078125 0.8001302083333334 0.5390625 0.032552083333333336
7 0.330078125 0.84765625 0.5390625 0.052083333333333336
4 0.189453125 0.9524739583333334 0.2578125 0.09505208333333333
0 0.189453125 0.9524739583333334 0.2578125 0.09505208333333333
4 0.470703125 0.9524739583333334 0.2578125 0.09505208333333333
0 0.470703125 0.9524739583333334 0.2578125 0.09505208333333333
3 0.79296875 0.8919270833333334 0.29296875 0.21614583333333334