7 0.744140625 0.031901041666666664 0.044921875 0.022135416666666668
0 0.72705078125 0.032552083333333336 0.0791015625 0.046875
7 0.77197265625 0.032552083333333336 0.0126953125 0.020833333333333332
7 0.8037109375 0.031901041666666664 0.0546875 0.022135416666666668
7 0.91748046875 0.032552083333333336 0.0791015625 0.020833333333333332
7 0.11279296875 0.031901041666666664 0.0673828125 0.029947916666666668
7 0.20458984375 0.031901041666666664 0.0615234375 0.029947916666666668
7 0.29345703125 0.031901041666666664 0.0615234375 0.029947916666666668
7 0.443359375 0.031901041666666664 0.18359375 0.029947916666666668
4 0.029296875 0.08723958333333333 0.05859375 0.0390625
4 0.9609375 0.3723958333333333 0.078125 0.1171875
4 0.0439453125 0.37890625 0.087890625 0.10416666666666667
4 0.578125 0.08723958333333333 0.05859375 0.0390625
4 0.16796875 0.22526041666666666 0.248046875 0.10416666666666667
0 0.16796875 0.22526041666666666 0.248046875 0.10416666666666667
7 0.23095703125 0.30078125 0.2099609375 0.0234375
1 0.65380859375 0.21223958333333334 0.5556640625 0.052083333333333336
7 0.8544921875 0.21223958333333334 0.052734375 0.0234375
0 0.865234375 0.21223958333333334 0.115234375 0.036458333333333336
7 0.9560546875 0.21223958333333334 0.02734375 0.049479166666666664
7 0.43017578125 0.2727864583333333 0.0693359375 0.022135416666666668
0 0.4306640625 0.2734375 0.109375 0.0390625
7 0.5791015625 0.2727864583333333 0.126953125 0.022135416666666668
0 0.5791015625 0.2734375 0.166015625 0.0390625
7 0.755859375 0.2727864583333333 0.126953125 0.022135416666666668
0 0.755859375 0.2734375 0.166015625 0.0390625
2 0.34375 0.5091145833333334 0.55078125 0.0390625
4 0.09765625 0.65234375 0.05859375 0.09114583333333333
2 0.373046875 0.6451822916666666 0.453125 0.024739583333333332
6 0.1748046875 0.705078125 0.056640625 0.022135416666666668
6 0.22216796875 0.755859375 0.1513671875 0.022135416666666668
6 0.23828125 0.806640625 0.18359375 0.022135416666666668
6 0.24853515625 0.857421875 0.2041015625 0.022135416666666668
4 0.09765625 0.9453125 0.05859375 0.052083333333333336
2 0.185546875 0.9576822916666666 0.078125 0.02734375
4 0.833984375 0.5651041666666666 0.29296875 0.15104166666666666
7 0.77294921875 0.54296875 0.1318359375 0.041666666666666664
7 0.798828125 0.5846354166666666 0.18359375 0.041666666666666664
7 0.833984375 0.6536458333333334 0.25390625 0.057291666666666664
7 0.75390625 0.7337239583333334 0.0546875 0.022135416666666668
0 0.771484375 0.734375 0.12890625 0.0390625
7 0.79931640625 0.7337239583333334 0.0341796875 0.022135416666666668
7 0.8466796875 0.7337239583333334 0.0234375 0.022135416666666668
0 0.90087890625 0.734375 0.0869140625 0.0390625
4 0.9638671875 0.9674479166666666 0.029296875 0.0390625
7 0.2353515625 0.966796875 0.451171875 0.022135416666666668
6 0.55517578125 0.966796875 0.1884765625 0.022135416666666668
7 0.6533203125 0.966796875 0.009765625 0.022135416666666668
0 0.779296875 0.9674479166666666 0.244140625 0.0390625