7 0.076171875 0.046875 0.15234375 0.078125
0 0.076171875 0.046875 0.15234375 0.078125
7 0.7509765625 0.048177083333333336 0.09765625 0.028645833333333332
6 0.84130859375 0.048177083333333336 0.0400390625 0.028645833333333332
6 0.91455078125 0.048177083333333336 0.0615234375 0.028645833333333332
0 0.9833984375 0.048177083333333336 0.033203125 0.057291666666666664
4 0.52392578125 0.21809895833333334 0.9521484375 0.11848958333333333
4 0.5 0.5846354166666666 1 0.5520833333333334
7 0.8466796875 0.4876302083333333 0.259765625 0.08723958333333333
7 0.8466796875 0.5546875 0.259765625 0.046875
7 0.83203125 0.65625 0.23046875 0.078125
0 0.83203125 0.6595052083333334 0.23046875 0.01953125
4 0.2685546875 0.955078125 0.39453125 0.08984375