7 0.162109375 0.043619791666666664 0.107421875 0.037760416666666664
4 0.5 0.044270833333333336 0.169921875 0.052083333333333336
7 0.87744140625 0.044270833333333336 0.1572265625 0.03125
0 0.86279296875 0.049479166666666664 0.2158203125 0.09895833333333333
7 0.1103515625 0.010416666666666666 0.0546875 0.020833333333333332
0 0.1103515625 0.025390625 0.15625 0.05078125
7 0.1103515625 0.029947916666666668 0.14453125 0.013020833333333334
7 0.2802734375 0.010416666666666666 0.052734375 0.020833333333333332
0 0.2802734375 0.025390625 0.15625 0.05078125
7 0.2802734375 0.029947916666666668 0.14453125 0.013020833333333334
7 0.4501953125 0.010416666666666666 0.05859375 0.020833333333333332
0 0.4501953125 0.025390625 0.15625 0.05078125
7 0.4501953125 0.029947916666666668 0.14453125 0.013020833333333334
7 0.1103515625 0.09375 0.0625 0.028645833333333332
0 0.1103515625 0.10091145833333333 0.15625 0.07421875
7 0.1103515625 0.1171875 0.14453125 0.013020833333333334
7 0.2802734375 0.09375 0.068359375 0.028645833333333332
0 0.2802734375 0.10091145833333333 0.15625 0.07421875
7 0.2802734375 0.1171875 0.14453125 0.013020833333333334
7 0.4501953125 0.09375 0.041015625 0.028645833333333332
0 0.4501953125 0.10091145833333333 0.15625 0.07421875
7 0.4501953125 0.1171875 0.14453125 0.013020833333333334
7 0.1103515625 0.18098958333333334 0.048828125 0.028645833333333332
0 0.1103515625 0.18815104166666666 0.15625 0.07421875
7 0.1103515625 0.20442708333333334 0.14453125 0.013020833333333334
7 0.2802734375 0.18098958333333334 0.04296875 0.028645833333333332
0 0.2802734375 0.18815104166666666 0.15625 0.07421875
7 0.2802734375 0.20442708333333334 0.14453125 0.013020833333333334
7 0.4501953125 0.18098958333333334 0.05078125 0.028645833333333332
0 0.4501953125 0.18815104166666666 0.15625 0.07421875
7 0.4501953125 0.20442708333333334 0.14453125 0.013020833333333334
7 0.1103515625 0.2682291666666667 0.041015625 0.028645833333333332
0 0.1103515625 0.275390625 0.15625 0.07421875
7 0.1103515625 0.2916666666666667 0.14453125 0.013020833333333334
7 0.2802734375 0.2682291666666667 0.0546875 0.028645833333333332
0 0.2802734375 0.275390625 0.15625 0.07421875
7 0.2802734375 0.2916666666666667 0.14453125 0.013020833333333334
7 0.4501953125 0.2682291666666667 0.095703125 0.028645833333333332
0 0.4501953125 0.275390625 0.15625 0.07421875
7 0.4501953125 0.2916666666666667 0.14453125 0.013020833333333334
7 0.1103515625 0.35546875 0.08984375 0.028645833333333332
0 0.1103515625 0.3626302083333333 0.15625 0.07421875
7 0.1103515625 0.37890625 0.14453125 0.013020833333333334
7 0.2802734375 0.35546875 0.0546875 0.028645833333333332
0 0.2802734375 0.3626302083333333 0.15625 0.07421875
7 0.2802734375 0.37890625 0.14453125 0.013020833333333334
7 0.4501953125 0.35546875 0.04296875 0.028645833333333332
0 0.4501953125 0.3626302083333333 0.15625 0.07421875
7 0.4501953125 0.37890625 0.14453125 0.013020833333333334
7 0.1103515625 0.4427083333333333 0.046875 0.028645833333333332
0 0.1103515625 0.4498697916666667 0.15625 0.07421875
7 0.1103515625 0.4661458333333333 0.14453125 0.013020833333333334
7 0.2802734375 0.4427083333333333 0.072265625 0.028645833333333332
0 0.2802734375 0.4498697916666667 0.15625 0.07421875
7 0.2802734375 0.4661458333333333 0.14453125 0.013020833333333334
7 0.4501953125 0.4427083333333333 0.060546875 0.028645833333333332
0 0.4501953125 0.4498697916666667 0.15625 0.07421875
7 0.4501953125 0.4661458333333333 0.14453125 0.013020833333333334
7 0.1103515625 0.5299479166666666 0.056640625 0.028645833333333332
0 0.1103515625 0.537109375 0.15625 0.07421875
7 0.1103515625 0.5533854166666666 0.14453125 0.013020833333333334
7 0.2802734375 0.5299479166666666 0.080078125 0.028645833333333332
0 0.2802734375 0.537109375 0.15625 0.07421875
7 0.2802734375 0.5533854166666666 0.14453125 0.013020833333333334
7 0.4501953125 0.5299479166666666 0.052734375 0.028645833333333332
0 0.4501953125 0.537109375 0.15625 0.07421875
7 0.4501953125 0.5533854166666666 0.14453125 0.013020833333333334
7 0.1103515625 0.6171875 0.06640625 0.028645833333333332
0 0.1103515625 0.6243489583333334 0.15625 0.07421875
7 0.1103515625 0.640625 0.14453125 0.013020833333333334
1 0.32421875 0.15234375 0.4921875 0.0703125
7 0.8408203125 0.15104166666666666 0.052734375 0.028645833333333332
4 0.919921875 0.14973958333333334 0.05859375 0.0390625
2 0.5 0.2649739583333333 0.908203125 0.055989583333333336
7 0.09130859375 0.3346354166666667 0.0673828125 0.028645833333333332
0 0.10693359375 0.3352864583333333 0.1201171875 0.037760416666666664
7 0.14208984375 0.3359375 0.0341796875 0.0234375
7 0.23291015625 0.3346354166666667 0.0986328125 0.028645833333333332
0 0.24853515625 0.3352864583333333 0.1513671875 0.037760416666666664
7 0.29931640625 0.3359375 0.0341796875 0.0234375
7 0.35888671875 0.3346354166666667 0.0361328125 0.028645833333333332
0 0.37451171875 0.3352864583333333 0.0888671875 0.037760416666666664
7 0.39404296875 0.3359375 0.0341796875 0.0234375
7 0.4619140625 0.3346354166666667 0.052734375 0.028645833333333332
0 0.4775390625 0.3352864583333333 0.10546875 0.037760416666666664
7 0.50537109375 0.3359375 0.0341796875 0.0234375
7 0.5771484375 0.3346354166666667 0.060546875 0.028645833333333332
0 0.5927734375 0.3352864583333333 0.11328125 0.037760416666666664
7 0.62451171875 0.3359375 0.0341796875 0.0234375
7 0.6923828125 0.3346354166666667 0.052734375 0.028645833333333332
0 0.7080078125 0.3352864583333333 0.10546875 0.037760416666666664
7 0.73583984375 0.3359375 0.0341796875 0.0234375
7 0.8056640625 0.3346354166666667 0.056640625 0.028645833333333332
0 0.8212890625 0.3352864583333333 0.109375 0.037760416666666664
7 0.85107421875 0.3359375 0.0341796875 0.0234375
7 0.10400390625 0.3828125 0.0927734375 0.028645833333333332
0 0.11962890625 0.3834635416666667 0.1455078125 0.037760416666666664
7 0.16748046875 0.3841145833333333 0.0341796875 0.0234375
7 0.25048828125 0.3828125 0.0830078125 0.028645833333333332
0 0.26611328125 0.3834635416666667 0.1357421875 0.037760416666666664
7 0.30908203125 0.3841145833333333 0.0341796875 0.0234375
7 0.388671875 0.3828125 0.076171875 0.028645833333333332
0 0.404296875 0.3834635416666667 0.12890625 0.037760416666666664
7 0.44384765625 0.3841145833333333 0.0341796875 0.0234375
7 0.50341796875 0.3828125 0.0361328125 0.028645833333333332
0 0.51904296875 0.3834635416666667 0.0888671875 0.037760416666666664
7 0.53857421875 0.3841145833333333 0.0341796875 0.0234375
7 0.609375 0.3828125 0.05859375 0.028645833333333332
0 0.625 0.3834635416666667 0.111328125 0.037760416666666664
7 0.65576171875 0.3841145833333333 0.0341796875 0.0234375
7 0.73193359375 0.3828125 0.0693359375 0.028645833333333332
0 0.74755859375 0.3834635416666667 0.1220703125 0.037760416666666664
7 0.78369140625 0.3841145833333333 0.0341796875 0.0234375
7 0.8486328125 0.3828125 0.046875 0.028645833333333332
0 0.8642578125 0.3834635416666667 0.099609375 0.037760416666666664
7 0.88916015625 0.3841145833333333 0.0341796875 0.0234375
7 0.06982421875 0.4309895833333333 0.0244140625 0.028645833333333332
0 0.08544921875 0.431640625 0.0771484375 0.037760416666666664
7 0.09912109375 0.4322916666666667 0.0341796875 0.0234375
7 0.17919921875 0.4309895833333333 0.0771484375 0.028645833333333332
0 0.19482421875 0.431640625 0.1298828125 0.037760416666666664
7 0.23486328125 0.4322916666666667 0.0341796875 0.0234375
7 0.2998046875 0.4309895833333333 0.046875 0.028645833333333332
0 0.3154296875 0.431640625 0.099609375 0.037760416666666664
7 0.34033203125 0.4322916666666667 0.0341796875 0.0234375
7 0.42138671875 0.4309895833333333 0.0791015625 0.028645833333333332
0 0.43701171875 0.431640625 0.1318359375 0.037760416666666664
7 0.47802734375 0.4322916666666667 0.0341796875 0.0234375
7 0.54150390625 0.4309895833333333 0.0439453125 0.028645833333333332
0 0.5517578125 0.431640625 0.0859375 0.037760416666666664
7 0.5751953125 0.4322916666666667 0.0234375 0.0234375
7 0.63525390625 0.4309895833333333 0.0478515625 0.028645833333333332
0 0.6455078125 0.431640625 0.08984375 0.037760416666666664
7 0.6708984375 0.4322916666666667 0.0234375 0.0234375
7 0.73876953125 0.4309895833333333 0.0634765625 0.028645833333333332
0 0.7490234375 0.431640625 0.10546875 0.037760416666666664
7 0.7822265625 0.4322916666666667 0.0234375 0.0234375
7 0.86572265625 0.4309895833333333 0.0947265625 0.028645833333333332
0 0.8759765625 0.431640625 0.13671875 0.037760416666666664
7 0.9248046875 0.4322916666666667 0.0234375 0.0234375
7 0.08544921875 0.4791666666666667 0.0556640625 0.028645833333333332
0 0.095703125 0.4798177083333333 0.09765625 0.037760416666666664
7 0.125 0.48046875 0.0234375 0.0234375
7 0.24365234375 0.4791666666666667 0.1650390625 0.028645833333333332
0 0.25390625 0.4798177083333333 0.20703125 0.037760416666666664
7 0.337890625 0.48046875 0.0234375 0.0234375
7 0.4404296875 0.4791666666666667 0.1328125 0.028645833333333332
0 0.45068359375 0.4798177083333333 0.1748046875 0.037760416666666664
7 0.5185546875 0.48046875 0.0234375 0.0234375
7 0.591796875 0.4791666666666667 0.07421875 0.028645833333333332
0 0.60205078125 0.4798177083333333 0.1162109375 0.037760416666666664
7 0.640625 0.48046875 0.0234375 0.0234375
7 0.716796875 0.4791666666666667 0.080078125 0.028645833333333332
0 0.72705078125 0.4798177083333333 0.1220703125 0.037760416666666664
7 0.7685546875 0.48046875 0.0234375 0.0234375
7 0.81689453125 0.4791666666666667 0.0244140625 0.028645833333333332
0 0.8271484375 0.4798177083333333 0.06640625 0.037760416666666664
7 0.8408203125 0.48046875 0.0234375 0.0234375
7 0.08154296875 0.52734375 0.0478515625 0.028645833333333332
0 0.091796875 0.5279947916666666 0.08984375 0.037760416666666664
7 0.1171875 0.5286458333333334 0.0234375 0.0234375
7 0.189453125 0.52734375 0.072265625 0.028645833333333332
0 0.19970703125 0.5279947916666666 0.1142578125 0.037760416666666664
7 0.2373046875 0.5286458333333334 0.0234375 0.0234375
7 0.3349609375 0.52734375 0.123046875 0.028645833333333332
0 0.34521484375 0.5279947916666666 0.1650390625 0.037760416666666664
7 0.408203125 0.5286458333333334 0.0234375 0.0234375
7 0.4765625 0.52734375 0.064453125 0.028645833333333332
0 0.48681640625 0.5279947916666666 0.1064453125 0.037760416666666664
7 0.5205078125 0.5286458333333334 0.0234375 0.0234375
7 0.60888671875 0.52734375 0.1044921875 0.028645833333333332
0 0.619140625 0.5279947916666666 0.146484375 0.037760416666666664
7 0.6728515625 0.5286458333333334 0.0234375 0.0234375
7 0.73974609375 0.52734375 0.0615234375 0.028645833333333332
0 0.75 0.5279947916666666 0.103515625 0.037760416666666664
7 0.7822265625 0.5286458333333334 0.0234375 0.0234375
7 0.86083984375 0.52734375 0.0849609375 0.028645833333333332
0 0.87109375 0.5279947916666666 0.126953125 0.037760416666666664
7 0.9150390625 0.5286458333333334 0.0234375 0.0234375
7 0.09423828125 0.5755208333333334 0.0732421875 0.028645833333333332
0 0.1044921875 0.576171875 0.115234375 0.037760416666666664
7 0.142578125 0.5768229166666666 0.0234375 0.0234375
7 0.20166015625 0.5755208333333334 0.0458984375 0.028645833333333332
0 0.2119140625 0.576171875 0.087890625 0.037760416666666664
7 0.236328125 0.5768229166666666 0.0234375 0.0234375
7 0.31689453125 0.5755208333333334 0.0888671875 0.028645833333333332
0 0.3271484375 0.576171875 0.130859375 0.037760416666666664
7 0.373046875 0.5768229166666666 0.0234375 0.0234375
7 0.43701171875 0.5755208333333334 0.0556640625 0.028645833333333332
0 0.447265625 0.576171875 0.09765625 0.037760416666666664
7 0.4765625 0.5768229166666666 0.0234375 0.0234375
7 0.5673828125 0.5755208333333334 0.109375 0.028645833333333332
0 0.57763671875 0.576171875 0.1513671875 0.037760416666666664
7 0.6337890625 0.5768229166666666 0.0234375 0.0234375
7 0.6865234375 0.5755208333333334 0.033203125 0.028645833333333332
0 0.69677734375 0.576171875 0.0751953125 0.037760416666666664
7 0.71484375 0.5768229166666666 0.0234375 0.0234375
7 0.7744140625 0.5755208333333334 0.046875 0.028645833333333332
0 0.78466796875 0.576171875 0.0888671875 0.037760416666666664
7 0.8095703125 0.5768229166666666 0.0234375 0.0234375
7 0.11181640625 0.6236979166666666 0.1083984375 0.028645833333333332
0 0.1220703125 0.6243489583333334 0.150390625 0.037760416666666664
7 0.177734375 0.625 0.0234375 0.0234375
7 0.24951171875 0.6236979166666666 0.0712890625 0.028645833333333332
0 0.259765625 0.6243489583333334 0.11328125 0.037760416666666664
7 0.296875 0.625 0.0234375 0.0234375
7 0.37353515625 0.6236979166666666 0.0810546875 0.028645833333333332
0 0.3837890625 0.6243489583333334 0.123046875 0.037760416666666664
7 0.42578125 0.625 0.0234375 0.0234375
7 0.49462890625 0.6236979166666666 0.0654296875 0.028645833333333332
0 0.5048828125 0.6243489583333334 0.107421875 0.037760416666666664
7 0.5390625 0.625 0.0234375 0.0234375
7 0.59228515625 0.6236979166666666 0.0341796875 0.028645833333333332
0 0.6025390625 0.6243489583333334 0.076171875 0.037760416666666664
7 0.62109375 0.625 0.0234375 0.0234375
7 0.69140625 0.6236979166666666 0.068359375 0.028645833333333332
0 0.70166015625 0.6243489583333334 0.1103515625 0.037760416666666664
7 0.7373046875 0.625 0.0234375 0.0234375
7 0.8330078125 0.6236979166666666 0.119140625 0.028645833333333332
0 0.84326171875 0.6243489583333334 0.1611328125 0.037760416666666664
7 0.904296875 0.625 0.0234375 0.0234375
7 0.091796875 0.671875 0.068359375 0.028645833333333332
0 0.10205078125 0.6725260416666666 0.1103515625 0.037760416666666664
7 0.1376953125 0.6731770833333334 0.0234375 0.0234375
7 0.20654296875 0.671875 0.0654296875 0.028645833333333332
0 0.216796875 0.6725260416666666 0.107421875 0.037760416666666664
7 0.2509765625 0.6731770833333334 0.0234375 0.0234375
7 0.3193359375 0.671875 0.064453125 0.028645833333333332
0 0.32958984375 0.6725260416666666 0.1064453125 0.037760416666666664
7 0.36328125 0.6731770833333334 0.0234375 0.0234375
7 0.42333984375 0.671875 0.0478515625 0.028645833333333332
0 0.43359375 0.6725260416666666 0.08984375 0.037760416666666664
7 0.458984375 0.6731770833333334 0.0234375 0.0234375
7 0.52783203125 0.671875 0.0654296875 0.028645833333333332
0 0.5380859375 0.6725260416666666 0.107421875 0.037760416666666664
7 0.572265625 0.6731770833333334 0.0234375 0.0234375
7 0.63427734375 0.671875 0.0517578125 0.028645833333333332
0 0.640625 0.6725260416666666 0.0859375 0.037760416666666664
7 0.66796875 0.6731770833333334 0.015625 0.0234375
7 0.7373046875 0.671875 0.07421875 0.028645833333333332
0 0.74365234375 0.6725260416666666 0.1083984375 0.037760416666666664
7 0.7822265625 0.6731770833333334 0.015625 0.0234375
7 0.86767578125 0.671875 0.1064453125 0.028645833333333332
0 0.8740234375 0.6725260416666666 0.140625 0.037760416666666664
7 0.9287109375 0.6731770833333334 0.015625 0.0234375
7 0.1494140625 0.7200520833333334 0.18359375 0.028645833333333332
0 0.15576171875 0.720703125 0.2177734375 0.037760416666666664
7 0.2490234375 0.7213541666666666 0.015625 0.0234375
7 0.5048828125 0.3815104166666667 0.076171875 0.028645833333333332
0 0.13232421875 0.4375 0.1728515625 0.057291666666666664
0 0.29541015625 0.4375 0.1533203125 0.057291666666666664
0 0.4453125 0.4375 0.146484375 0.057291666666666664
0 0.7890625 0.4401041666666667 0.0234375 0.028645833333333332
0 0.8173828125 0.4401041666666667 0.02734375 0.036458333333333336
0 0.84765625 0.4401041666666667 0.02734375 0.036458333333333336
0 0.8779296875 0.4401041666666667 0.02734375 0.036458333333333336
0 0.90966796875 0.4401041666666667 0.0302734375 0.036458333333333336
4 0.095703125 0.541015625 0.06640625 0.08984375
0 0.1748046875 0.5403645833333334 0.0625 0.0390625
6 0.1787109375 0.5735677083333334 0.0703125 0.024739583333333332
7 0.2197265625 0.5735677083333334 0.01171875 0.024739583333333332
6 0.25244140625 0.5735677083333334 0.0537109375 0.024739583333333332
7 0.283203125 0.5735677083333334 0.0078125 0.024739583333333332
6 0.17138671875 0.6022135416666666 0.0556640625 0.024739583333333332
7 0.177734375 0.6901041666666666 0.240234375 0.11979166666666667
0 0.25 0.7571614583333334 0.095703125 0.037760416666666664
4 0.31494140625 0.6354166666666666 0.0361328125 0.3072916666666667
7 0.77294921875 0.5084635416666666 0.0419921875 0.01953125
0 0.75732421875 0.5084635416666666 0.0732421875 0.022135416666666668
3 0.3974609375 0.8828125 0.703125 0.1171875
4 0.16162109375 0.9772135416666666 0.2275390625 0.045572916666666664
7 0.09326171875 0.9811197916666666 0.0537109375 0.01953125
0 0.0849609375 0.9811197916666666 0.0703125 0.022135416666666668
4 0.421875 0.9772135416666666 0.228515625 0.045572916666666664
7 0.353515625 0.9811197916666666 0.0546875 0.01953125
0 0.34521484375 0.9811197916666666 0.0712890625 0.022135416666666668
4 0.68212890625 0.9772135416666666 0.2275390625 0.045572916666666664
7 0.6142578125 0.9811197916666666 0.0546875 0.01953125
0 0.60595703125 0.9811197916666666 0.0712890625 0.022135416666666668
3 0.890625 0.7395833333333334 0.126953125 0.5208333333333334
7 0.18310546875 0.8958333333333334 0.2392578125 0.028645833333333332
7 0.619140625 0.912109375 0.634765625 0.061197916666666664
7 0.2685546875 0.9635416666666666 0.13671875 0.028645833333333332
6 0.3837890625 0.9635416666666666 0.095703125 0.028645833333333332
7 0.5810546875 0.9635416666666666 0.30078125 0.028645833333333332
0 0.77001953125 0.9641927083333334 0.0595703125 0.037760416666666664