7 0.5 0.04296875 0.427734375 0.033854166666666664
0 0.5 0.038411458333333336 1 0.07682291666666667
4 0.09375 0.115234375 0.16796875 0.06640625
0 0.958984375 0.12630208333333334 0.0625 0.0625
0 0.86376953125 0.12630208333333334 0.0791015625 0.0625
0 0.76171875 0.12630208333333334 0.076171875 0.0625
4 0.5 0.470703125 1 0.6263020833333334
0 0 0.783203125 0 0.0013020833333333333
2 0.47119140625 0.7337239583333334 0.9033203125 0.10807291666666667
0 0.810546875 0.810546875 0.107421875 0.024739583333333332
7 0.93115234375 0.810546875 0.0986328125 0.024739583333333332
2 0.5 0.92578125 0.224609375 0.052083333333333336
0 0.5 0.931640625 0.244140625 0.03515625
0 0.63671875 0.2265625 0.01953125 0.026041666666666668
3 0.5 0.5 0.3125 0.5989583333333334