7 0.3662109375 0.050130208333333336 0.693359375 0.053385416666666664
6 0.53857421875 0.06575520833333333 0.1357421875 0.022135416666666668
7 0.6083984375 0.06575520833333333 0.005859375 0.022135416666666668
0 0.8681640625 0.044270833333333336 0.103515625 0.049479166666666664
0 0.8681640625 0.045572916666666664 0.103515625 0.052083333333333336
0 0.869140625 0.09635416666666667 0.080078125 0.049479166666666664
4 0.68212890625 0.234375 0.3369140625 0.13802083333333334
7 0.59521484375 0.3528645833333333 0.0712890625 0.018229166666666668
1 0.68212890625 0.3912760416666667 0.2431640625 0.037760416666666664
7 0.59228515625 0.4348958333333333 0.0654296875 0.018229166666666668
1 0.68212890625 0.4733072916666667 0.2431640625 0.037760416666666664
4 0.56787109375 0.5221354166666666 0.0166015625 0.020833333333333332
7 0.62744140625 0.5227864583333334 0.0888671875 0.01953125
0 0.77392578125 0.5234375 0.0615234375 0.033854166666666664
0 0.77392578125 0.5247395833333334 0.0615234375 0.036458333333333336
0 0.599609375 0.5794270833333334 0.080078125 0.020833333333333332
0 0.7734375 0.5794270833333334 0.0625 0.020833333333333332
7 0.68212890625 0.6393229166666666 0.2841796875 0.046875
4 0.61083984375 0.6796875 0.1396484375 0.033854166666666664
4 0.75341796875 0.6796875 0.1396484375 0.033854166666666664
0 0.0537109375 0.9322916666666666 0.052734375 0.020833333333333332
0 0.11181640625 0.9322916666666666 0.0498046875 0.020833333333333332
0 0.16552734375 0.9322916666666666 0.0439453125 0.020833333333333332
0 0.21728515625 0.9322916666666666 0.0478515625 0.020833333333333332
0 0.2841796875 0.9322916666666666 0.072265625 0.020833333333333332
0 0.3642578125 0.9322916666666666 0.07421875 0.020833333333333332
0 0.42431640625 0.9322916666666666 0.0322265625 0.020833333333333332
7 0.455078125 0.9329427083333334 0.0234375 0.01953125
0 0.5009765625 0.9322916666666666 0.0546875 0.020833333333333332
7 0.1025390625 0.9635416666666666 0.150390625 0.020833333333333332
0 0.20703125 0.9635416666666666 0.044921875 0.020833333333333332
0 0.25927734375 0.9635416666666666 0.0400390625 0.020833333333333332
4 0.90673828125 0.9479166666666666 0.1318359375 0.026041666666666668