4 0.0732421875 0.024088541666666668 0.1171875 0.029947916666666668
0 0.05615234375 0.078125 0.1123046875 0.052083333333333336
0 0.154296875 0.078125 0.083984375 0.052083333333333336
0 0.24951171875 0.078125 0.1064453125 0.052083333333333336
0 0.33984375 0.078125 0.07421875 0.052083333333333336
0 0.41064453125 0.078125 0.0673828125 0.052083333333333336
0 0.49755859375 0.078125 0.1064453125 0.052083333333333336
0 0.58056640625 0.078125 0.0595703125 0.052083333333333336
0 0.671875 0.026041666666666668 0.107421875 0.028645833333333332
7 0.74072265625 0.026041666666666668 0.0263671875 0.028645833333333332
0 0.78369140625 0.026041666666666668 0.0556640625 0.028645833333333332
7 0.91357421875 0.026041666666666668 0.1435546875 0.052083333333333336
0 0.91357421875 0.026041666666666668 0.1728515625 0.052083333333333336
4 0.13916015625 0.29296875 0.0693359375 0.09114583333333333
1 0.43408203125 0.29296875 0.5224609375 0.09114583333333333
6 0.765625 0.2942708333333333 0.07421875 0.0234375
0 0.7607421875 0.29296875 0.1328125 0.09114583333333333
4 0.86083984375 0.29296875 0.0576171875 0.08854166666666667
0 0.15087890625 0.3580729166666667 0.0927734375 0.0390625
0 0.24609375 0.3580729166666667 0.099609375 0.0390625
0 0.3408203125 0.3580729166666667 0.091796875 0.0390625
7 0.92138671875 0.5384114583333334 0.0419921875 0.014322916666666666
0 0.9404296875 0.5462239583333334 0.080078125 0.037760416666666664
6 0.92138671875 0.5546875 0.0419921875 0.015625
4 0.96630859375 0.5462239583333334 0.0283203125 0.037760416666666664
2 0.5 0.6217447916666666 0.970703125 0.032552083333333336
2 0.310546875 0.6901041666666666 0.25 0.036458333333333336
2 0.62451171875 0.6901041666666666 0.3798828125 0.036458333333333336
7 0.4453125 0.7623697916666666 0.564453125 0.02734375
7 0.4453125 0.7890625 0.564453125 0.020833333333333332
0 0.85400390625 0.7747395833333334 0.2158203125 0.0390625
4 0.1845703125 0.9192708333333334 0.296875 0.16145833333333334
0 0.1845703125 0.9192708333333334 0.296875 0.16145833333333334
4 0.5 0.9192708333333334 0.296875 0.16145833333333334
0 0.5 0.9192708333333334 0.296875 0.16145833333333334
4 0.8154296875 0.9192708333333334 0.296875 0.16145833333333334
0 0.8154296875 0.9192708333333334 0.296875 0.16145833333333334