4 0.96484375 0.028645833333333332 0.015625 0.020833333333333332
0 0.96484375 0.029296875 0.03125 0.04296875
7 0.23876953125 0.029296875 0.1083984375 0.01953125
7 0.5009765625 0.029296875 0.416015625 0.01953125
6 0.76220703125 0.029296875 0.1064453125 0.01953125
4 0.06640625 0.11197916666666667 0.07421875 0.10416666666666667
0 0.06640625 0.11197916666666667 0.07421875 0.10416666666666667
7 0.14990234375 0.111328125 0.0537109375 0.022135416666666668
0 0.15478515625 0.11197916666666667 0.0634765625 0.03125
4 0.181640625 0.11393229166666667 0.009765625 0.009114583333333334
7 0.25244140625 0.111328125 0.0927734375 0.022135416666666668
0 0.25732421875 0.11197916666666667 0.1025390625 0.03125
4 0.3037109375 0.11393229166666667 0.009765625 0.009114583333333334
7 0.38623046875 0.111328125 0.1162109375 0.022135416666666668
0 0.39111328125 0.11197916666666667 0.1259765625 0.03125
4 0.44921875 0.11393229166666667 0.009765625 0.009114583333333334
4 0.7880859375 0.11197916666666667 0.015625 0.020833333333333332
7 0.84521484375 0.111328125 0.0498046875 0.024739583333333332
0 0.84521484375 0.11197916666666667 0.0498046875 0.03125
7 0.927734375 0.11197916666666667 0.080078125 0.052083333333333336
0 0.927734375 0.11197916666666667 0.080078125 0.052083333333333336
2 0.3046875 0.3984375 0.546875 0.09895833333333333
7 0.3046875 0.5 0.546875 0.0625
0 0.0712890625 0.578125 0.080078125 0.052083333333333336
4 0.7734375 0.4505208333333333 0.390625 0.3463541666666667
7 0.85498046875 0.662109375 0.0419921875 0.022135416666666668
6 0.92236328125 0.662109375 0.0927734375 0.022135416666666668
4 0.1240234375 0.8567708333333334 0.009765625 0.013020833333333334
0 0.08740234375 0.8567708333333334 0.1123046875 0.052083333333333336
7 0.07080078125 0.8561197916666666 0.0478515625 0.022135416666666668
4 0.75390625 0.85546875 0.01171875 0.015625
0 0.75390625 0.8567708333333334 0.0390625 0.052083333333333336
0 0.2041015625 0.8567708333333334 0.0390625 0.052083333333333336
0 0.27099609375 0.8567708333333334 0.0869140625 0.052083333333333336
0 0.359375 0.8567708333333334 0.08203125 0.052083333333333336
0 0.44921875 0.8567708333333334 0.08984375 0.052083333333333336
0 0.53076171875 0.8567708333333334 0.0654296875 0.052083333333333336
0 0.59423828125 0.8567708333333334 0.0537109375 0.052083333333333336
0 0.68603515625 0.8567708333333334 0.1220703125 0.052083333333333336
0 0.8017578125 0.8567708333333334 0.1015625 0.052083333333333336
0 0.90625 0.8567708333333334 0.099609375 0.052083333333333336
4 0.90087890625 0.8567708333333334 0.0126953125 0.018229166666666668
0 0.923828125 0.8567708333333334 0.08984375 0.052083333333333336
7 0.93310546875 0.8587239583333334 0.0400390625 0.024739583333333332
4 0.17578125 0.9622395833333334 0.2890625 0.07552083333333333
0 0.17578125 0.9622395833333334 0.2890625 0.07552083333333333
4 0.2939453125 0.9557291666666666 0.0234375 0.03125
4 0.5 0.9622395833333334 0.2890625 0.07552083333333333
0 0.5 0.9622395833333334 0.2890625 0.07552083333333333
4 0.82421875 0.9622395833333334 0.2890625 0.07552083333333333
0 0.82421875 0.9622395833333334 0.2890625 0.07552083333333333
4 0.9423828125 0.9557291666666666 0.0234375 0.03125