4 0.16064453125 0.07421875 0.1220703125 0.06510416666666667
2 0.5 0.24479166666666666 0.80078125 0.044270833333333336
3 0.24853515625 0.3430989583333333 0.2978515625 0.10286458333333333
7 0.5 0.4290364583333333 0.80078125 0.029947916666666668
7 0.5 0.4993489583333333 0.80078125 0.029947916666666668
7 0.51953125 0.5696614583333334 0.76171875 0.029947916666666668
7 0.51953125 0.5983072916666666 0.76171875 0.029947916666666668
7 0.5 0.6686197916666666 0.80078125 0.029947916666666668
7 0.5 0.7389322916666666 0.80078125 0.029947916666666668
7 0.5205078125 0.97265625 0.28515625 0.0546875
7 0.1298828125 0.97265625 0.060546875 0.020833333333333332
6 0.18603515625 0.97265625 0.0537109375 0.020833333333333332
7 0.224609375 0.97265625 0.025390625 0.020833333333333332