7 0.35791015625 0.94921875 0.6337890625 0.0234375
0 0.86279296875 0.94921875 0.0849609375 0.044270833333333336
0 0.93603515625 0.94921875 0.0458984375 0.044270833333333336
6 0.87548828125 0.01953125 0.1689453125 0.015625
6 0.7275390625 0.01953125 0.087890625 0.015625
6 0.63134765625 0.01953125 0.0673828125 0.015625
6 0.552734375 0.01953125 0.052734375 0.015625
0 0.177734375 0.09440104166666667 0.2734375 0.11067708333333333
1 0.8515625 0.09700520833333333 0.21484375 0.029947916666666668
4 0.943359375 0.09700520833333333 0.02734375 0.024739583333333332
0 0.12939453125 0.19205729166666666 0.1572265625 0.05859375
0 0.294921875 0.19205729166666666 0.17578125 0.05859375
0 0.40478515625 0.19205729166666666 0.0458984375 0.05859375
0 0.47021484375 0.19205729166666666 0.0869140625 0.05859375
0 0.60693359375 0.19205729166666666 0.1884765625 0.05859375
0 0.10546875 0.24544270833333334 0.08984375 0.045572916666666664
0 0.21044921875 0.24544270833333334 0.1220703125 0.045572916666666664
0 0.306640625 0.24544270833333334 0.072265625 0.045572916666666664
0 0.38671875 0.24544270833333334 0.08984375 0.045572916666666664
0 0.47216796875 0.24544270833333334 0.0810546875 0.045572916666666664
0 0.572265625 0.24544270833333334 0.12109375 0.045572916666666664
0 0.67431640625 0.24544270833333334 0.0849609375 0.045572916666666664
0 0.75439453125 0.24544270833333334 0.0771484375 0.045572916666666664
6 0.09619140625 0.2864583333333333 0.0712890625 0.015625
7 0.9990234375 0.3190104166666667 0.001953125 0.026041666666666668
7 0.5 0.3190104166666667 0.068359375 0.026041666666666668
4 0.5 0.619140625 0.91796875 0.53515625
2 0.45556640625 0.7903645833333334 0.7998046875 0.0390625
0 0.5 0.8190104166666666 0.888671875 0.09635416666666667
7 0.4453125 0.8404947916666666 0.779296875 0.045572916666666664
7 0.43896484375 0.853515625 0.0927734375 0.016927083333333332
4 0.265625 0.962890625 0.44921875 0.07421875
0 0.490234375 0.92578125 0 0
2 0.744140625 0.9348958333333334 0.46875 0.018229166666666668
2 0.6142578125 0.9811197916666666 0.208984375 0.022135416666666668