4 0.302734375 0.08919270833333333 0.60546875 0.17838541666666666
4 0.0166015625 0.19921875 0.033203125 0.033854166666666664
0 0.0791015625 0.19856770833333334 0.052734375 0.01953125
7 0.1123046875 0.19856770833333334 0.013671875 0.01953125
0 0.16357421875 0.19856770833333334 0.0888671875 0.01953125
7 0.21337890625 0.19856770833333334 0.0146484375 0.01953125
0 0.26904296875 0.19856770833333334 0.0986328125 0.01953125
7 0.32568359375 0.19856770833333334 0.0146484375 0.01953125
0 0.35595703125 0.19856770833333334 0.0478515625 0.01953125
7 0.38720703125 0.19856770833333334 0.0185546875 0.01953125
0 0.443359375 0.19856770833333334 0.095703125 0.01953125
7 0.49853515625 0.19856770833333334 0.0146484375 0.01953125
0 0.53466796875 0.19856770833333334 0.0595703125 0.01953125
7 0.57080078125 0.19856770833333334 0.0146484375 0.01953125
0 0.60400390625 0.19856770833333334 0.0537109375 0.01953125
7 0.63720703125 0.19856770833333334 0.0146484375 0.01953125
0 0.70263671875 0.19856770833333334 0.1181640625 0.01953125
4 0.5 0.21940104166666666 1 0.00390625
4 0.048828125 0.234375 0.09765625 0.026041666666666668
2 0.50244140625 0.2819010416666667 0.9267578125 0.02734375
7 0.22265625 0.3684895833333333 0.025390625 0.020833333333333332
1 0.5146484375 0.3684895833333333 0.560546875 0.028645833333333332
1 0.48779296875 0.4127604166666667 0.0634765625 0.028645833333333332
7 0.08447265625 0.4596354166666667 0.0908203125 0.020833333333333332
6 0.1591796875 0.4596354166666667 0.05859375 0.020833333333333332
7 0.49072265625 0.4596354166666667 0.6064453125 0.020833333333333332
7 0.48779296875 0.5032552083333334 0.9755859375 0.02734375
6 0.15234375 0.54296875 0.2265625 0.020833333333333332
4 0.9853515625 0.4075520833333333 0.01953125 0.026041666666666668
6 0.5 0.595703125 0.17578125 0.01953125
4 0.28564453125 0.6315104166666666 0.0244140625 0.03125
7 0.30126953125 0.6276041666666666 0.0087890625 0.015625
7 0.31787109375 0.6334635416666666 0.0263671875 0.016927083333333332
7 0.33447265625 0.6276041666666666 0.0087890625 0.015625
7 0.36474609375 0.6334635416666666 0.0537109375 0.016927083333333332
7 0.39501953125 0.6276041666666666 0.0087890625 0.015625
7 0.43359375 0.6334635416666666 0.0703125 0.016927083333333332
7 0.47216796875 0.6276041666666666 0.0087890625 0.015625
7 0.6005859375 0.6334635416666666 0.25 0.016927083333333332