4 0.095703125 0.041015625 0.12890625 0.032552083333333336
0 0.095703125 0.041015625 0.12890625 0.032552083333333336
6 0.21728515625 0.041015625 0.0673828125 0.02734375
6 0.32568359375 0.041015625 0.1025390625 0.02734375
6 0.43798828125 0.041015625 0.0751953125 0.02734375
7 0.72998046875 0.041015625 0.1513671875 0.03515625
7 0.89453125 0.041015625 0.099609375 0.029947916666666668
0 0.89453125 0.041015625 0.146484375 0.061197916666666664
4 0.49365234375 0.4934895833333333 0.9873046875 0.9869791666666666
7 0.29736328125 0.498046875 0.5322265625 0.05859375
7 0.1640625 0.5774739583333334 0.265625 0.040364583333333336
7 0.1064453125 0.689453125 0.099609375 0.029947916666666668
0 0.1064453125 0.689453125 0.150390625 0.061197916666666664