2 0.1533203125 0.08854166666666667 0.244140625 0.0625
0 0.08837890625 0.08854166666666667 0.1142578125 0.0625
7 0.1845703125 0.08723958333333333 0.056640625 0.036458333333333336
0 0.1943359375 0.08528645833333333 0.087890625 0.055989583333333336
4 0.2236328125 0.087890625 0.013671875 0.009114583333333334
1 0.41162109375 0.08854166666666667 0.3271484375 0.049479166666666664
1 0.6572265625 0.08854166666666667 0.15625 0.049479166666666664
1 0.82421875 0.08854166666666667 0.1640625 0.0546875
0 0.9375 0.08854166666666667 0.0625 0.052083333333333336
7 0.048828125 0.01953125 0.033203125 0.018229166666666668
6 0.091796875 0.01953125 0.052734375 0.018229166666666668
7 0.1337890625 0.01953125 0.02734375 0.018229166666666668
6 0.18505859375 0.01953125 0.0751953125 0.018229166666666668
4 0.27587890625 0.020182291666666668 0.0537109375 0.016927083333333332
6 0.36669921875 0.01953125 0.0888671875 0.018229166666666668
6 0.45654296875 0.01953125 0.0537109375 0.018229166666666668
6 0.51513671875 0.01953125 0.0244140625 0.018229166666666668
6 0.6025390625 0.018880208333333332 0.07421875 0.01953125
7 0.70947265625 0.018880208333333332 0.0966796875 0.01953125
0 0.71435546875 0.018229166666666668 0.1279296875 0.033854166666666664
4 0.76318359375 0.01953125 0.0087890625 0.0078125
0 0.82275390625 0.018229166666666668 0.0771484375 0.033854166666666664
7 0.892578125 0.018880208333333332 0.015625 0.024739583333333332
0 0.892578125 0.018229166666666668 0.05078125 0.033854166666666664
4 0.94384765625 0.018229166666666668 0.0224609375 0.0234375
0 0.94384765625 0.018229166666666668 0.0439453125 0.033854166666666664
7 0.4990234375 0.8098958333333334 0.951171875 0.041666666666666664
6 0.80224609375 0.8216145833333334 0.0400390625 0.018229166666666668
7 0.49267578125 0.8333333333333334 0.9384765625 0.041666666666666664
6 0.05517578125 0.8684895833333334 0.0634765625 0.018229166666666668
7 0.48193359375 0.8802083333333334 0.9169921875 0.041666666666666664
0 0.75537109375 0.9466145833333334 0.1474609375 0.044270833333333336
0 0.91064453125 0.9466145833333334 0.1337890625 0.044270833333333336
7 0.0478515625 0.17122395833333334 0.0546875 0.029947916666666668
6 0.1474609375 0.16536458333333334 0.064453125 0.018229166666666668
6 0.22509765625 0.16536458333333334 0.0419921875 0.018229166666666668
6 0.31103515625 0.16536458333333334 0.0791015625 0.018229166666666668
6 0.39990234375 0.16536458333333334 0.0517578125 0.018229166666666668
6 0.4697265625 0.16536458333333334 0.037109375 0.018229166666666668
6 0.55322265625 0.16536458333333334 0.0810546875 0.018229166666666668
6 0.64306640625 0.16536458333333334 0.0498046875 0.018229166666666668
6 0.74755859375 0.16536458333333334 0.1083984375 0.018229166666666668
6 0.869140625 0.16536458333333334 0.087890625 0.018229166666666668
7 0.9521484375 0.16536458333333334 0.02734375 0.018229166666666668
2 0.1669921875 0.267578125 0.271484375 0.11328125
7 0.16259765625 0.3665364583333333 0.2626953125 0.053385416666666664
7 0.10595703125 0.4537760416666667 0.1142578125 0.022135416666666668
0 0.11279296875 0.4576822916666667 0.1630859375 0.061197916666666664
7 0.11279296875 0.5872395833333334 0.1630859375 0.018229166666666668
7 0.232421875 0.5872395833333334 0.0703125 0.018229166666666668
0 0.23193359375 0.5872395833333334 0.0693359375 0.018229166666666668
2 0.10986328125 0.7057291666666666 0.1572265625 0.041666666666666664
2 0.11083984375 0.9485677083333334 0.1142578125 0.05078125
0 0.11083984375 0.8658854166666666 0.1142578125 0.21614583333333334
2 0.24072265625 0.9485677083333334 0.1142578125 0.05078125
0 0.24072265625 0.8658854166666666 0.1142578125 0.21614583333333334
2 0.37060546875 0.9485677083333334 0.1142578125 0.05078125
0 0.37060546875 0.8658854166666666 0.1142578125 0.21614583333333334
2 0.5 0.9485677083333334 0.11328125 0.05078125
0 0.5 0.8658854166666666 0.11328125 0.21614583333333334
2 0.62939453125 0.9485677083333334 0.1142578125 0.05078125
0 0.62939453125 0.8658854166666666 0.1142578125 0.21614583333333334
2 0.75927734375 0.9485677083333334 0.1142578125 0.05078125
0 0.75927734375 0.8658854166666666 0.1142578125 0.21614583333333334
2 0.88916015625 0.9485677083333334 0.1142578125 0.05078125
0 0.88916015625 0.8658854166666666 0.1142578125 0.21614583333333334
2 0.9736328125 0.6692708333333334 0.044921875 0.020833333333333332
4 0.9736328125 0.71484375 0.013671875 0.0234375
0 0.9736328125 0.71484375 0.048828125 0.06510416666666667
4 0.9736328125 0.7799479166666666 0.015625 0.0234375
0 0.9736328125 0.7799479166666666 0.048828125 0.06510416666666667