2 0.1533203125 0.08854166666666667 0.244140625 0.0625
0 0.08837890625 0.08854166666666667 0.1142578125 0.0625
7 0.185546875 0.08723958333333333 0.052734375 0.0390625
0 0.1943359375 0.08528645833333333 0.087890625 0.055989583333333336
4 0.2216796875 0.08919270833333333 0.013671875 0.009114583333333334
1 0.4091796875 0.08854166666666667 0.322265625 0.049479166666666664
1 0.65234375 0.08854166666666667 0.15625 0.049479166666666664
1 0.8193359375 0.08854166666666667 0.1640625 0.0546875
0 0.93505859375 0.08854166666666667 0.0673828125 0.052083333333333336
7 0.041015625 0.01953125 0.017578125 0.018229166666666668
6 0.06787109375 0.01953125 0.0361328125 0.018229166666666668
7 0.09619140625 0.01953125 0.0146484375 0.018229166666666668
6 0.12255859375 0.01953125 0.0400390625 0.018229166666666668
6 0.19921875 0.01953125 0.060546875 0.018229166666666668
6 0.28125 0.01953125 0.06640625 0.018229166666666668
6 0.375 0.01953125 0.080078125 0.018229166666666668
6 0.68798828125 0.018880208333333332 0.0205078125 0.01953125
7 0.74365234375 0.018880208333333332 0.0478515625 0.01953125
0 0.74853515625 0.018229166666666668 0.0791015625 0.033854166666666664
4 0.77294921875 0.01953125 0.0087890625 0.0078125
0 0.82763671875 0.018229166666666668 0.0673828125 0.033854166666666664
7 0.892578125 0.018880208333333332 0.015625 0.024739583333333332
0 0.892578125 0.018229166666666668 0.05078125 0.033854166666666664
4 0.94384765625 0.018229166666666668 0.0224609375 0.0234375
0 0.94384765625 0.018229166666666668 0.0439453125 0.033854166666666664
7 0.04296875 0.17122395833333334 0.033203125 0.029947916666666668
6 0.11865234375 0.16536458333333334 0.0341796875 0.018229166666666668
6 0.1787109375 0.16536458333333334 0.037109375 0.018229166666666668
6 0.2431640625 0.16536458333333334 0.04296875 0.018229166666666668
6 0.31689453125 0.16536458333333334 0.0576171875 0.018229166666666668
6 0.416015625 0.16536458333333334 0.08984375 0.018229166666666668
6 0.5283203125 0.16536458333333334 0.0859375 0.018229166666666668
6 0.6357421875 0.16536458333333334 0.08203125 0.018229166666666668
6 0.71484375 0.16536458333333334 0.025390625 0.018229166666666668
6 0.80615234375 0.16536458333333334 0.1103515625 0.018229166666666668
6 0.9013671875 0.16536458333333334 0.03125 0.018229166666666668
6 0.9580078125 0.16536458333333334 0.03125 0.018229166666666668
0 0 0.40234375 0 0.4296875
2 0.16796875 0.267578125 0.2734375 0.11328125
0 0.5 0.40234375 1 0.4296875
7 0.14453125 0.3665364583333333 0.2265625 0.053385416666666664
7 0.08203125 0.4537760416666667 0.06640625 0.022135416666666668
0 1 0.40234375 0 0.4296875
2 0.42724609375 0.7447916666666666 0.7607421875 0.044270833333333336
7 0.27001953125 0.78125 0.4462890625 0.0234375
7 0.88134765625 0.7571614583333334 0.0830078125 0.022135416666666668
2 0.15771484375 0.931640625 0.2216796875 0.03515625
7 0.11376953125 0.9765625 0.1337890625 0.020833333333333332
4 0.43701171875 0.9661458333333334 0.1650390625 0.06770833333333333
0 0.4375 0.9466145833333334 0.1640625 0.10677083333333333
4 0.61669921875 0.9459635416666666 0.1650390625 0.10807291666666667
0 0.61669921875 0.9466145833333334 0.1650390625 0.10677083333333333
4 0.796875 0.9459635416666666 0.162109375 0.10807291666666667
0 0.79638671875 0.9466145833333334 0.1650390625 0.10677083333333333
4 0.94775390625 0.9459635416666666 0.1044921875 0.10807291666666667
0 0.94677734375 0.9466145833333334 0.1064453125 0.10677083333333333
2 0.9736328125 0.6692708333333334 0.044921875 0.020833333333333332
4 0.9736328125 0.71484375 0.013671875 0.0234375
0 0.9736328125 0.71484375 0.048828125 0.06510416666666667
4 0.9736328125 0.7799479166666666 0.015625 0.0234375
0 0.9736328125 0.7799479166666666 0.048828125 0.06510416666666667