3 0.5 0.22395833333333334 0.947265625 0.3255208333333333
0 0.109375 0.49609375 0.15625 0.10416666666666667
4 0.21875 0.4947916666666667 0.0234375 0.03125
0 0.24365234375 0.4947916666666667 0.0732421875 0.033854166666666664
7 0.25927734375 0.4947916666666667 0.0419921875 0.033854166666666664
0 0.658203125 0.49609375 0.103515625 0.041666666666666664
7 0.8037109375 0.49609375 0.052734375 0.033854166666666664
0 0.80078125 0.49609375 0.109375 0.033854166666666664
4 0.84375 0.49609375 0.0234375 0.03125
7 0.94580078125 0.49609375 0.0458984375 0.028645833333333332
0 0.93017578125 0.4947916666666667 0.0771484375 0.03125
4 0.21728515625 0.810546875 0.2119140625 0.31640625
2 0.64990234375 0.708984375 0.4306640625 0.11328125
7 0.65380859375 0.8294270833333334 0.4384765625 0.09895833333333333
7 0.56201171875 0.9420572916666666 0.1884765625 0.024739583333333332
0 0.5693359375 0.9420572916666666 0.26953125 0.053385416666666664
7 0.43994140625 0.921875 0.8095703125 0.049479166666666664
6 0.7421875 0.9361979166666666 0.115234375 0.020833333333333332
7 0.80810546875 0.9361979166666666 0.0185546875 0.020833333333333332
6 0.1083984375 0.96484375 0.146484375 0.020833333333333332
7 0.2001953125 0.96484375 0.0390625 0.020833333333333332
0 0.921875 0.9166666666666666 0.0859375 0.046875