3 0.5 0.09375 0.947265625 0.1171875
0 0.10205078125 0.19010416666666666 0.0361328125 0.015625
0 0.16162109375 0.19010416666666666 0.0673828125 0.015625
0 0.23095703125 0.19010416666666666 0.0556640625 0.015625
0 0.287109375 0.19010416666666666 0.041015625 0.015625
0 0.3603515625 0.19010416666666666 0.08984375 0.015625
0 0.4287109375 0.19010416666666666 0.03125 0.015625
0 0.470703125 0.19010416666666666 0.037109375 0.015625
0 0.51806640625 0.19010416666666666 0.0419921875 0.015625
0 0.568359375 0.19010416666666666 0.04296875 0.015625
4 0.68603515625 0.19075520833333334 0.0068359375 0.009114583333333334
0 0.71630859375 0.19075520833333334 0.0673828125 0.024739583333333332
7 0.72314453125 0.19075520833333334 0.0537109375 0.024739583333333332
7 0.79296875 0.19075520833333334 0.0390625 0.01953125
0 0.8017578125 0.19075520833333334 0.056640625 0.01953125
4 0.912109375 0.189453125 0.0234375 0.032552083333333336
0 0.912109375 0.19401041666666666 0.0234375 0.041666666666666664
2 0.05810546875 0.2545572916666667 0.0966796875 0.024739583333333332
0 0.06787109375 0.2552083333333333 0.1162109375 0.0234375
2 0.1953125 0.2545572916666667 0.138671875 0.024739583333333332
0 0.205078125 0.2552083333333333 0.158203125 0.0234375
2 0.33740234375 0.2545572916666667 0.1064453125 0.024739583333333332
0 0.34716796875 0.2552083333333333 0.1259765625 0.0234375
2 0.4365234375 0.2545572916666667 0.052734375 0.024739583333333332
0 0.4462890625 0.2552083333333333 0.072265625 0.0234375
2 0.51708984375 0.2545572916666667 0.0693359375 0.024739583333333332
0 0.52685546875 0.2552083333333333 0.0888671875 0.0234375
2 0.60205078125 0.2545572916666667 0.0615234375 0.024739583333333332
0 0.61181640625 0.2552083333333333 0.0810546875 0.0234375
2 0.7080078125 0.2545572916666667 0.111328125 0.024739583333333332
0 0.7177734375 0.2552083333333333 0.130859375 0.0234375
2 0.8212890625 0.2545572916666667 0.076171875 0.024739583333333332
0 0.8916015625 0.2552083333333333 0.216796875 0.0234375
2 0.9296875 0.2545572916666667 0.140625 0.024739583333333332
2 0.18115234375 0.3841145833333333 0.3427734375 0.203125
0 0.18115234375 0.4694010416666667 0.3427734375 0.024739583333333332
4 0.18115234375 0.6276041666666666 0.3427734375 0.2578125
0 0.18115234375 0.6276041666666666 0.3427734375 0.2578125
2 0.17822265625 0.8138020833333334 0.3369140625 0.10416666666666667
0 0.18115234375 0.814453125 0.3427734375 0.10026041666666667
2 0.17431640625 0.9075520833333334 0.3291015625 0.052083333333333336
0 0.18115234375 0.908203125 0.3427734375 0.05078125
2 0.03955078125 0.9641927083333334 0.0595703125 0.02734375
0 0.18115234375 0.96484375 0.3427734375 0.026041666666666668
2 0.20703125 0.9641927083333334 0.275390625 0.02734375
2 0.0595703125 0.9973958333333334 0.099609375 0.005208333333333333
0 0.18115234375 0.998046875 0.3427734375 0.00390625
2 0.2255859375 0.9973958333333334 0.232421875 0.005208333333333333
7 0.521484375 0.3977864583333333 0.30078125 0.23046875
4 0.521484375 0.3951822916666667 0.30078125 0.22526041666666666
0 0.521484375 0.5013020833333334 0.30078125 0.026041666666666668
2 0.4970703125 0.552734375 0.251953125 0.06901041666666667
0 0.521484375 0.552734375 0.30078125 0.06380208333333333
7 0.37646484375 0.6028645833333334 0.0107421875 0.026041666666666668
0 0.51904296875 0.615234375 0.2958984375 0.05078125
6 0.4345703125 0.6028645833333334 0.107421875 0.026041666666666668
7 0.51904296875 0.615234375 0.2958984375 0.05078125
7 0.37646484375 0.65234375 0.0107421875 0.026041666666666668
0 0.50146484375 0.65234375 0.2607421875 0.026041666666666668
6 0.412109375 0.65234375 0.0625 0.026041666666666668
7 0.537109375 0.65234375 0.189453125 0.026041666666666668
4 0.521484375 0.8059895833333334 0.30078125 0.2265625
0 0.521484375 0.8059895833333334 0.30078125 0.2265625
2 0.51708984375 0.9622395833333334 0.2919921875 0.07552083333333333
0 0.521484375 0.9635416666666666 0.30078125 0.07291666666666667
4 0.8408203125 0.3951822916666667 0.30078125 0.22526041666666666
0 0.84033203125 0.3951822916666667 0.2998046875 0.22526041666666666
2 0.83935546875 0.5631510416666666 0.2978515625 0.10026041666666667
0 0.8408203125 0.5631510416666666 0.30078125 0.09505208333333333
2 0.7255859375 0.6412760416666666 0.0703125 0.02734375
0 0.8408203125 0.6419270833333334 0.30078125 0.026041666666666668
2 0.85986328125 0.6412760416666666 0.2001953125 0.02734375
2 0.7255859375 0.685546875 0.0703125 0.02734375
0 0.8408203125 0.6861979166666666 0.30078125 0.026041666666666668
2 0.861328125 0.685546875 0.203125 0.02734375
2 0.83984375 0.7421875 0.298828125 0.052083333333333336
0 0.8408203125 0.7428385416666666 0.30078125 0.05078125
2 0.82763671875 0.8111979166666666 0.2744140625 0.052083333333333336
0 0.8408203125 0.8118489583333334 0.30078125 0.05078125
2 0.82861328125 0.8802083333333334 0.2763671875 0.052083333333333336
0 0.8408203125 0.880859375 0.30078125 0.05078125
2 0.81787109375 0.94921875 0.2548828125 0.052083333333333336
0 0.8408203125 0.9498697916666666 0.30078125 0.05078125
2 0.833984375 0.99609375 0.287109375 0.0078125
0 0.8408203125 0.9967447916666666 0.30078125 0.006510416666666667
3 0.5 0.5 1 1
3 0.5 0.5 1 1