4 0.03125 0.03125 0.015625 0.018229166666666668
0 0.0341796875 0.033203125 0.021484375 0.022135416666666668
7 0.07470703125 0.032552083333333336 0.0615234375 0.015625
7 0.15283203125 0.032552083333333336 0.0712890625 0.015625
7 0.20263671875 0.032552083333333336 0.0263671875 0.015625
7 0.2265625 0.032552083333333336 0.01953125 0.015625
0 0.43408203125 0.033203125 0.0302734375 0.016927083333333332
0 0.4658203125 0.033203125 0.03515625 0.016927083333333332
0 0.49951171875 0.033203125 0.0341796875 0.016927083333333332
0 0.5322265625 0.033203125 0.033203125 0.016927083333333332
0 0.564453125 0.033203125 0.033203125 0.016927083333333332
0 0.77490234375 0.033203125 0.1083984375 0.048177083333333336
4 0.8466796875 0.033854166666666664 0.021484375 0.03125
0 0.90283203125 0.033203125 0.1474609375 0.048177083333333336
7 0.91015625 0.03515625 0.087890625 0.018229166666666668
4 0.0517578125 0.13346354166666666 0.025390625 0.01953125
0 0.0517578125 0.13346354166666666 0.056640625 0.04296875
4 0.50048828125 0.130859375 0.1806640625 0.07421875
0 0.455078125 0.13346354166666666 0.08984375 0.06901041666666667
7 0.73828125 0.13346354166666666 0.4765625 0.06901041666666667
0 0.20556640625 0.24544270833333334 0.1123046875 0.040364583333333336
0 0.294921875 0.24544270833333334 0.06640625 0.040364583333333336
0 0.36669921875 0.24544270833333334 0.0771484375 0.040364583333333336
0 0.4453125 0.24544270833333334 0.080078125 0.040364583333333336
0 0.517578125 0.24544270833333334 0.064453125 0.040364583333333336
0 0.59619140625 0.24544270833333334 0.0927734375 0.040364583333333336
0 0.6787109375 0.24544270833333334 0.072265625 0.040364583333333336
0 0.75390625 0.24544270833333334 0.078125 0.040364583333333336
0 0.82177734375 0.24544270833333334 0.0576171875 0.040364583333333336
7 0.28466796875 0.3177083333333333 0.1083984375 0.018229166666666668
0 0.3818359375 0.3177083333333333 0.087890625 0.018229166666666668
0 0.498046875 0.3177083333333333 0.146484375 0.018229166666666668
0 0.62646484375 0.3177083333333333 0.1123046875 0.018229166666666668
0 0.73046875 0.3177083333333333 0.09765625 0.018229166666666668
3 0.5 0.455078125 0.953125 0.17317708333333334
2 0.17333984375 0.693359375 0.2998046875 0.2799479166666667
6 0.0634765625 0.859375 0.080078125 0.018229166666666668
7 0.10693359375 0.859375 0.0048828125 0.018229166666666668
7 0.1396484375 0.859375 0.05859375 0.018229166666666668
4 0.181640625 0.8606770833333334 0.01171875 0.015625
0 0.18603515625 0.8600260416666666 0.0205078125 0.022135416666666668
7 0.193359375 0.8600260416666666 0.005859375 0.022135416666666668
7 0.17578125 0.919921875 0.3046875 0.07942708333333333
4 0.662109375 0.7786458333333334 0.62890625 0.4427083333333333
0 0.662109375 0.7786458333333334 0.62890625 0.4427083333333333
4 0.39111328125 0.9694010416666666 0.0478515625 0.061197916666666664