4 0.0576171875 0.052083333333333336 0.052734375 0.0625
0 0.11767578125 0.052083333333333336 0.1728515625 0.0625
4 0.154296875 0.052083333333333336 0.099609375 0.018229166666666668
0 0.37451171875 0.052734375 0.1025390625 0.032552083333333336
0 0.517578125 0.052734375 0.15234375 0.032552083333333336
0 0.6376953125 0.052734375 0.056640625 0.032552083333333336
0 0.7412109375 0.052734375 0.119140625 0.032552083333333336
4 0.947265625 0.052734375 0.0234375 0.02734375
0 0.947265625 0.052083333333333336 0.04296875 0.059895833333333336
2 0.265625 0.19270833333333334 0.439453125 0.052083333333333336
7 0.265625 0.310546875 0.439453125 0.11848958333333333
0 0.1171875 0.431640625 0.142578125 0.06380208333333333
2 0.5 0.6002604166666666 0.947265625 0.041666666666666664
4 0.052734375 0.6888020833333334 0.052734375 0.08333333333333333
0 0.05224609375 0.6875 0.0517578125 0.03125
2 0.16455078125 0.6673177083333334 0.1142578125 0.02734375
7 0.1513671875 0.7102864583333334 0.087890625 0.029947916666666668
7 0.20263671875 0.7272135416666666 0.1904296875 0.06380208333333333
4 0.3779296875 0.6927083333333334 0.052734375 0.09114583333333333
0 0.3779296875 0.69140625 0.052734375 0.03125
2 0.5048828125 0.666015625 0.14453125 0.02734375
7 0.48583984375 0.708984375 0.1064453125 0.029947916666666668
7 0.56298828125 0.708984375 0.0498046875 0.029947916666666668
7 0.5400390625 0.7259114583333334 0.21484375 0.06380208333333333
4 0.703125 0.693359375 0.052734375 0.09244791666666667
0 0.703125 0.69140625 0.052734375 0.03125
2 0.828125 0.666015625 0.140625 0.02734375
7 0.86474609375 0.7259114583333334 0.2138671875 0.06380208333333333
2 0.5 0.9303385416666666 0.875 0.01953125
4 0.28125 0.9895833333333334 0.4375 0.020833333333333332
0 0.28125 0.9895833333333334 0.4375 0.020833333333333332
4 0.71875 0.96875 0.4375 0.0625
0 0.71875 0.96875 0.4375 0.0625