0 0.099609375 0.028645833333333332 0.1796875 0.057291666666666664
0 0.5712890625 0.029947916666666668 0.078125 0.059895833333333336
0 0.64599609375 0.029947916666666668 0.0732421875 0.059895833333333336
0 0.71044921875 0.029947916666666668 0.0576171875 0.059895833333333336
0 0.76318359375 0.029947916666666668 0.0498046875 0.059895833333333336
0 0.82275390625 0.029947916666666668 0.0712890625 0.059895833333333336
0 0.89404296875 0.029947916666666668 0.0732421875 0.059895833333333336
0 0.96044921875 0.029947916666666668 0.0615234375 0.059895833333333336
2 0.0546875 0.13671875 0.046875 0.0625
6 0.185546875 0.13671875 0.181640625 0.026041666666666668
7 0.5 0.3098958333333333 1 0.4088541666666667
2 0.3857421875 0.6595052083333334 0.708984375 0.13932291666666666
7 0.5 0.7688802083333334 0.9375 0.08723958333333333
4 0.82275390625 0.8587239583333334 0.0146484375 0.01953125
7 0.87548828125 0.8587239583333334 0.0849609375 0.022135416666666668
7 0.92822265625 0.8587239583333334 0.0087890625 0.022135416666666668
4 0.94287109375 0.8587239583333334 0.0146484375 0.01953125
7 0.96142578125 0.8587239583333334 0.0166015625 0.022135416666666668
4 0.046875 0.8626302083333334 0.03125 0.04296875
7 0.5 0.8600260416666666 0.9375 0.029947916666666668
4 0.35791015625 0.9876302083333334 0.2138671875 0.024739583333333332
0 0.2509765625 0.9759114583333334 0 0.0013020833333333333
2 0.72705078125 0.9876302083333334 0.4833984375 0.024739583333333332
1 0.12890625 0.9876302083333334 0.1953125 0.024739583333333332
4 0.89208984375 0.9661458333333334 0.0244140625 0.03125
0 0.9130859375 0.9641927083333334 0.076171875 0.04296875
7 0.92529296875 0.9641927083333334 0.0380859375 0.01953125
4 0.970703125 0.9661458333333334 0.0234375 0.03125