5 0.07421875 0.03515625 0.04296875 0.057291666666666664
4 0.16455078125 0.03515625 0.1025390625 0.0234375
0 0.189453125 0.0234375 0.15234375 0
1 0.44873046875 0.03515625 0.3662109375 0.046875
7 0.8583984375 0.03515625 0.154296875 0.0703125
2 0.5 0.14908854166666666 0.900390625 0.040364583333333336
4 0.13720703125 0.2669270833333333 0.1572265625 0.140625
6 0.31591796875 0.21354166666666666 0.1728515625 0.0234375
7 0.41845703125 0.21354166666666666 0.0341796875 0.0234375
6 0.5234375 0.21354166666666666 0.177734375 0.0234375
7 0.6728515625 0.21354166666666666 0.125 0.0234375
6 0.79541015625 0.21354166666666666 0.1220703125 0.0234375
7 0.865234375 0.21354166666666666 0.017578125 0.0234375
6 0.306640625 0.24739583333333334 0.154296875 0.0234375
7 0.52294921875 0.24739583333333334 0.2822265625 0.0234375
6 0.72607421875 0.24739583333333334 0.1259765625 0.0234375
7 0.5595703125 0.2643229166666667 0.66015625 0.057291666666666664
6 0.39453125 0.28125 0.12109375 0.0234375
7 0.505859375 0.28125 0.1015625 0.0234375
6 0.61328125 0.28125 0.1171875 0.0234375
7 0.5703125 0.2981770833333333 0.681640625 0.057291666666666664
6 0.8291015625 0.3151041666666667 0.05078125 0.0234375
7 0.4990234375 0.3658854166666667 0.880859375 0.125
6 0.65234375 0.4166666666666667 0.166015625 0.0234375
7 0.82763671875 0.4166666666666667 0.1865234375 0.0234375
6 0.107421875 0.4505208333333333 0.09765625 0.0234375
7 0.193359375 0.4505208333333333 0.06640625 0.0234375
7 0.478515625 0.4674479166666667 0.83984375 0.057291666666666664
6 0.8720703125 0.484375 0.095703125 0.0234375
7 0.49169921875 0.5013020833333334 0.8662109375 0.057291666666666664
6 0.1103515625 0.5182291666666666 0.091796875 0.0234375
7 0.15869140625 0.5182291666666666 0.0068359375 0.0234375
7 0.87744140625 0.5729166666666666 0.1279296875 0.0234375
7 0.51025390625 0.6067708333333334 0.0068359375 0.0234375
6 0.6005859375 0.6067708333333334 0.17578125 0.0234375
7 0.69091796875 0.6067708333333334 0.0068359375 0.0234375
6 0.77001953125 0.6067708333333334 0.1298828125 0.0234375
6 0.8896484375 0.6067708333333334 0.087890625 0.0234375
6 0.6533203125 0.6536458333333334 0.05859375 0.0234375
6 0.72607421875 0.6536458333333334 0.0654296875 0.0234375
6 0.85107421875 0.6536458333333334 0.1630859375 0.0234375
2 0.5 0.72265625 0.900390625 0.041666666666666664
6 0.5 0.7877604166666666 0.150390625 0.0234375
6 0.287109375 0.8190104166666666 0.048828125 0.020833333333333332
6 0.337890625 0.8190104166666666 0.03125 0.020833333333333332
6 0.384765625 0.8190104166666666 0.04296875 0.020833333333333332
6 0.44189453125 0.8190104166666666 0.0498046875 0.020833333333333332
6 0.51171875 0.8190104166666666 0.06640625 0.020833333333333332
6 0.57470703125 0.8190104166666666 0.0400390625 0.020833333333333332
6 0.65185546875 0.8190104166666666 0.0908203125 0.020833333333333332
6 0.72509765625 0.8190104166666666 0.0361328125 0.020833333333333332
4 0.86279296875 0.931640625 0.1572265625 0.13671875
7 0.09033203125 0.8763020833333334 0.0322265625 0.0234375
6 0.1494140625 0.8763020833333334 0.087890625 0.0234375
7 0.22021484375 0.8763020833333334 0.0537109375 0.0234375
6 0.2763671875 0.8763020833333334 0.060546875 0.0234375
7 0.34375 0.8763020833333334 0.06640625 0.0234375
7 0.51318359375 0.8763020833333334 0.2724609375 0.0234375
6 0.67919921875 0.8763020833333334 0.0634765625 0.0234375
7 0.4150390625 0.8932291666666666 0.681640625 0.057291666666666664
6 0.11279296875 0.95703125 0.0771484375 0.0234375
7 0.162109375 0.95703125 0.021484375 0.0234375
6 0.2275390625 0.95703125 0.11328125 0.0234375
7 0.501953125 0.95703125 0.435546875 0.0234375
7 0.2421875 0.99609375 0.3359375 0.0078125
6 0.44580078125 0.99609375 0.0712890625 0.0078125
7 0.5185546875 0.99609375 0.076171875 0.0078125
6 0.41552734375 0.99609375 0.6826171875 0.0078125