4 0.5 0.052083333333333336 1 0.10416666666666667
7 0.30224609375 0.18684895833333334 0.1240234375 0.03515625
6 0.41162109375 0.18684895833333334 0.0966796875 0.03515625
7 0.462890625 0.18684895833333334 0.0078125 0.03515625
7 0.23974609375 0.2265625 0.0224609375 0.020833333333333332
6 0.26171875 0.2265625 0.0234375 0.020833333333333332
6 0.314453125 0.2265625 0.076171875 0.020833333333333332
7 0.36767578125 0.2265625 0.0302734375 0.020833333333333332
6 0.42724609375 0.2265625 0.0927734375 0.020833333333333332
7 0.474609375 0.2265625 0.00390625 0.020833333333333332
6 0.306640625 0.251953125 0.052734375 0.01953125
7 0.3603515625 0.251953125 0.056640625 0.01953125
6 0.40625 0.251953125 0.0390625 0.01953125
6 0.67529296875 0.18489583333333334 0.0244140625 0.020833333333333332
6 0.69287109375 0.21354166666666666 0.0595703125 0.020833333333333332
6 0.69580078125 0.24088541666666666 0.0654296875 0.020833333333333332
6 0.791015625 0.18489583333333334 0.041015625 0.020833333333333332
6 0.8076171875 0.21354166666666666 0.07421875 0.020833333333333332
6 0.7939453125 0.24088541666666666 0.046875 0.020833333333333332
6 0.89990234375 0.18489583333333334 0.0439453125 0.020833333333333332
6 0.9111328125 0.21354166666666666 0.06640625 0.020833333333333332
6 0.91015625 0.24088541666666666 0.064453125 0.020833333333333332
2 0.32568359375 0.3138020833333333 0.2255859375 0.026041666666666668
4 0.28369140625 0.4244791666666667 0.1572265625 0.140625
6 0.44873046875 0.369140625 0.1513671875 0.022135416666666668
7 0.53955078125 0.369140625 0.0302734375 0.022135416666666668
6 0.4765625 0.3834635416666667 0.20703125 0.05078125
7 0.55029296875 0.3977864583333333 0.1064453125 0.022135416666666668
6 0.4267578125 0.4264322916666667 0.107421875 0.022135416666666668
7 0.48876953125 0.4264322916666667 0.0185546875 0.022135416666666668
6 0.46435546875 0.4407552083333333 0.1826171875 0.05078125
7 0.4921875 0.4694010416666667 0.23828125 0.05078125
6 0.50634765625 0.4837239583333333 0.1103515625 0.022135416666666668
7 0.48291015625 0.498046875 0.2197265625 0.05078125
6 0.38818359375 0.5266927083333334 0.3662109375 0.05078125
7 0.3017578125 0.541015625 0.087890625 0.022135416666666668
6 0.3974609375 0.541015625 0.103515625 0.022135416666666668
7 0.404296875 0.5696614583333334 0.3984375 0.07942708333333333
6 0.39990234375 0.5983072916666666 0.0439453125 0.022135416666666668
7 0.40625 0.669921875 0.40234375 0.16536458333333334
6 0.36181640625 0.7415364583333334 0.1455078125 0.022135416666666668
7 0.51513671875 0.7415364583333334 0.1630859375 0.022135416666666668
6 0.24853515625 0.7701822916666666 0.0869140625 0.022135416666666668
7 0.32373046875 0.7701822916666666 0.0595703125 0.022135416666666668
7 0.40478515625 0.8131510416666666 0.3994140625 0.10807291666666667
6 0.51318359375 0.8561197916666666 0.0830078125 0.022135416666666668
7 0.38232421875 0.8704427083333334 0.3544921875 0.05078125
6 0.25048828125 0.884765625 0.0810546875 0.022135416666666668
7 0.29150390625 0.884765625 0.0048828125 0.022135416666666668
7 0.26953125 0.9225260416666666 0.115234375 0.022135416666666668
7 0.330078125 0.9225260416666666 0.005859375 0.022135416666666668
6 0.4091796875 0.9225260416666666 0.154296875 0.022135416666666668
7 0.4873046875 0.9225260416666666 0.005859375 0.022135416666666668
6 0.55810546875 0.9225260416666666 0.1142578125 0.022135416666666668
6 0.57568359375 0.951171875 0.0771484375 0.022135416666666668
6 0.3671875 0.9798177083333334 0.05078125 0.022135416666666668
6 0.431640625 0.9798177083333334 0.056640625 0.022135416666666668
6 0.54345703125 0.9798177083333334 0.1435546875 0.022135416666666668
2 0.68896484375 0.3138020833333333 0.0908203125 0.026041666666666668
6 0.80224609375 0.3717447916666667 0.1318359375 0.022135416666666668
6 0.6748046875 0.3977864583333333 0.04296875 0.01953125
6 0.71875 0.3977864583333333 0.02734375 0.01953125
6 0.759765625 0.3977864583333333 0.037109375 0.01953125
6 0.810546875 0.3977864583333333 0.044921875 0.01953125
6 0.86962890625 0.3977864583333333 0.0576171875 0.01953125
6 0.9248046875 0.3977864583333333 0.03515625 0.01953125
6 0.78173828125 0.4225260416666667 0.0791015625 0.01953125
6 0.845703125 0.4225260416666667 0.03125 0.01953125
4 0.88916015625 0.5208333333333334 0.1572265625 0.13802083333333334
7 0.849609375 0.603515625 0.078125 0.01953125
7 0.91162109375 0.603515625 0.0478515625 0.01953125
7 0.67138671875 0.462890625 0.0283203125 0.022135416666666668
6 0.72314453125 0.462890625 0.0771484375 0.022135416666666668
7 0.783203125 0.462890625 0.04296875 0.022135416666666668
6 0.68408203125 0.4915364583333333 0.0537109375 0.022135416666666668
7 0.744140625 0.4915364583333333 0.05859375 0.022135416666666668
7 0.7265625 0.5345052083333334 0.138671875 0.05078125
6 0.68505859375 0.5774739583333334 0.0556640625 0.022135416666666668
7 0.7294921875 0.591796875 0.14453125 0.05078125
6 0.69140625 0.6360677083333334 0.068359375 0.022135416666666668
7 0.7333984375 0.6360677083333334 0.017578125 0.022135416666666668
6 0.79248046875 0.6360677083333334 0.1005859375 0.022135416666666668
7 0.8076171875 0.650390625 0.30078125 0.05078125
7 0.80224609375 0.6959635416666666 0.2900390625 0.022135416666666668
6 0.6884765625 0.724609375 0.0625 0.022135416666666668
7 0.75244140625 0.724609375 0.0673828125 0.022135416666666668
6 0.80859375 0.7389322916666666 0.302734375 0.05078125
7 0.7255859375 0.7532552083333334 0.00390625 0.022135416666666668
6 0.68310546875 0.791015625 0.0947265625 0.022135416666666668
7 0.73388671875 0.791015625 0.0087890625 0.022135416666666668
6 0.78759765625 0.791015625 0.1025390625 0.022135416666666668
6 0.88818359375 0.791015625 0.0771484375 0.022135416666666668
6 0.67041015625 0.8196614583333334 0.0693359375 0.022135416666666668
6 0.759765625 0.8196614583333334 0.087890625 0.022135416666666668
6 0.8515625 0.8196614583333334 0.07421875 0.022135416666666668
6 0.791015625 0.833984375 0.310546875 0.05078125
6 0.76611328125 0.876953125 0.1298828125 0.022135416666666668
6 0.90478515625 0.876953125 0.1279296875 0.022135416666666668
2 0.68896484375 0.9231770833333334 0.0908203125 0.026041666666666668
6 0.6591796875 0.978515625 0.046875 0.022135416666666668
7 0.68603515625 0.978515625 0.0087890625 0.022135416666666668
6 0.71875 0.978515625 0.060546875 0.022135416666666668
7 0.75927734375 0.978515625 0.0205078125 0.022135416666666668
6 0.814453125 0.978515625 0.09375 0.022135416666666668
7 0.86474609375 0.978515625 0.0087890625 0.022135416666666668
6 0.9052734375 0.978515625 0.072265625 0.022135416666666668
7 0.94189453125 0.978515625 0.0048828125 0.022135416666666668
2 0.08837890625 0.5078125 0.1767578125 0.984375
7 0.70556640625 0.020833333333333332 0.0849609375 0.026041666666666668
6 0.7666015625 0.024739583333333332 0.021484375 0.018229166666666668
6 0.8212890625 0.024739583333333332 0.0703125 0.018229166666666668
6 0.9033203125 0.024739583333333332 0.080078125 0.018229166666666668
6 0.96875 0.024739583333333332 0.033203125 0.018229166666666668
0 0.21142578125 0.078125 0.0771484375 0.052083333333333336
0 0.2685546875 0.078125 0.0390625 0.052083333333333336
0 0.5849609375 0.078125 0.046875 0.052083333333333336
0 0.650390625 0.078125 0.0859375 0.052083333333333336
0 0.73486328125 0.078125 0.0849609375 0.052083333333333336
1 0.884765625 0.08072916666666667 0.201171875 0.036458333333333336
1 0.9716796875 0.08072916666666667 0.0234375 0.033854166666666664
1 0.9716796875 0.08072916666666667 0.0234375 0.033854166666666664
4 0.0859375 0.10416666666666667 0.15625 0.20833333333333334
6 0.05419921875 0.251953125 0.0556640625 0.01953125
6 0.05029296875 0.2766927083333333 0.0478515625 0.01953125
6 0.0712890625 0.3014322916666667 0.08984375 0.01953125
6 0.0654296875 0.326171875 0.078125 0.01953125
6 0.06640625 0.3509114583333333 0.080078125 0.01953125
6 0.07958984375 0.3756510416666667 0.1064453125 0.01953125
6 0.06689453125 0.400390625 0.0810546875 0.01953125
2 0.0908203125 0.4446614583333333 0.12890625 0.01953125
6 0.0390625 0.4759114583333333 0.025390625 0.01953125
6 0.0693359375 0.5006510416666666 0.0859375 0.01953125
6 0.07275390625 0.525390625 0.0927734375 0.01953125
6 0.0693359375 0.5501302083333334 0.0859375 0.01953125
6 0.06201171875 0.5748697916666666 0.0712890625 0.01953125
2 0.0908203125 0.619140625 0.12890625 0.01953125
6 0.0673828125 0.650390625 0.08203125 0.01953125
6 0.07080078125 0.6751302083333334 0.0888671875 0.01953125
6 0.0546875 0.6998697916666666 0.056640625 0.01953125
6 0.06396484375 0.724609375 0.0751953125 0.01953125
6 0.06591796875 0.7493489583333334 0.0791015625 0.01953125
6 0.0712890625 0.7740885416666666 0.08984375 0.01953125
6 0.06201171875 0.798828125 0.0712890625 0.01953125
2 0.0908203125 0.8430989583333334 0.12890625 0.01953125
6 0.08251953125 0.8743489583333334 0.1123046875 0.01953125
6 0.05419921875 0.8990885416666666 0.0556640625 0.01953125
6 0.05322265625 0.923828125 0.0537109375 0.01953125
6 0.05810546875 0.9485677083333334 0.0634765625 0.01953125
6 0.0537109375 0.9733072916666666 0.0546875 0.01953125
6 0.04931640625 0.994140625 0.0458984375 0.01171875