7 0.81982421875 0.123046875 0.2392578125 0.01953125
7 0.77685546875 0.14908854166666666 0.1533203125 0.01953125
0 0.962890625 0.11588541666666667 0.015625 0.020833333333333332
2 0.1787109375 0.049479166666666664 0.310546875 0.09895833333333333
1 0.2978515625 0.07421875 0.34765625 0.041666666666666664
1 0.2978515625 0.07421875 0.34765625 0.041666666666666664
0 0.4560546875 0.07421875 0.03125 0.041666666666666664
0 0.7958984375 0.024739583333333332 0.0625 0.018229166666666668
0 0.859375 0.024739583333333332 0.0625 0.018229166666666668
0 0.93359375 0.024739583333333332 0.0859375 0.018229166666666668
0 0.5380859375 0.07291666666666667 0.095703125 0.041666666666666664
0 0.6572265625 0.07291666666666667 0.095703125 0.041666666666666664
0 0.7958984375 0.07291666666666667 0.134765625 0.041666666666666664
0 0.931640625 0.07291666666666667 0.08984375 0.041666666666666664
0 0.08056640625 0.13671875 0.1142578125 0.0390625
0 0.1787109375 0.13671875 0.05078125 0.0390625
0 0.2451171875 0.13671875 0.05078125 0.0390625
0 0.34326171875 0.13671875 0.1142578125 0.0390625
0 0.44775390625 0.13671875 0.0634765625 0.0390625
0 0.513671875 0.13671875 0.037109375 0.0390625
0 0.59228515625 0.13671875 0.0888671875 0.0390625
0 0.6650390625 0.13671875 0.025390625 0.0390625
0 0.09130859375 0.17578125 0.1357421875 0.0390625
0 0.8916015625 0.13671875 0.169921875 0.0390625
7 0.498046875 0.24153645833333334 0.94921875 0.04296875
2 0.08203125 0.3040364583333333 0.1171875 0.024739583333333332
6 0.4228515625 0.3040364583333333 0.533203125 0.024739583333333332
6 0.31494140625 0.3287760416666667 0.3173828125 0.024739583333333332
6 0.9443359375 0.3040364583333333 0.025390625 0.024739583333333332
0 0.041015625 0.5696614583333334 0.03515625 0.048177083333333336
0 0.07421875 0.5696614583333334 0.1484375 0.4075520833333333
0 0.5 0.5696614583333334 0.68359375 0.4075520833333333
7 0.92578125 0.7428385416666666 0.1484375 0.061197916666666664
0 0.92578125 0.5696614583333334 0.1484375 0.4075520833333333
0 0.958984375 0.5696614583333334 0.03515625 0.048177083333333336
2 0.150390625 0.8450520833333334 0.25390625 0.0390625
7 0.5400390625 0.8483072916666666 0.478515625 0.02734375
7 0.20703125 0.947265625 0.0625 0.08463541666666667
0 0.1396484375 0.9420572916666666 0.232421875 0.11588541666666667
2 0.1005859375 0.9173177083333334 0.123046875 0.024739583333333332
6 0.1005859375 0.962890625 0.123046875 0.048177083333333336
7 0.447265625 0.947265625 0.0625 0.08463541666666667
0 0.3798828125 0.9420572916666666 0.232421875 0.11588541666666667
2 0.3408203125 0.9173177083333334 0.123046875 0.024739583333333332
6 0.3408203125 0.962890625 0.123046875 0.048177083333333336
7 0.6875 0.947265625 0.0625 0.08463541666666667
0 0.6201171875 0.9420572916666666 0.232421875 0.11588541666666667
2 0.5810546875 0.9173177083333334 0.123046875 0.024739583333333332
6 0.5810546875 0.962890625 0.123046875 0.048177083333333336
7 0.927734375 0.947265625 0.0625 0.08463541666666667
0 0.8603515625 0.9420572916666666 0.232421875 0.11588541666666667
2 0.8212890625 0.9407552083333334 0.123046875 0.07161458333333333
6 0.8212890625 0.9928385416666666 0.123046875 0.014322916666666666