2 0.18408203125 0.057291666666666664 0.2861328125 0.11458333333333333
2 0.40087890625 0.08072916666666667 0.0947265625 0.06770833333333333
0 0.060546875 0.125 0.05078125 0.059895833333333336
0 0.12158203125 0.125 0.0556640625 0.059895833333333336
0 0.18701171875 0.125 0.0595703125 0.059895833333333336
0 0.2587890625 0.125 0.068359375 0.059895833333333336
0 0.32763671875 0.125 0.0537109375 0.059895833333333336
0 0.39404296875 0.125 0.0634765625 0.059895833333333336
0 0.46728515625 0.125 0.0673828125 0.059895833333333336
0 0.5283203125 0.125 0.0390625 0.059895833333333336
0 0.876953125 0.12630208333333334 0.154296875 0.059895833333333336
0 0.876953125 0.11848958333333333 0.15625 0.046875
7 0.5 0.318359375 0.91796875 0.08984375
7 0.5 0.4342447916666667 0.625 0.11588541666666667
7 0.5 0.7369791666666666 0.625 0.13020833333333334
4 0.46728515625 0.935546875 0.7822265625 0.12890625
4 0.83349609375 0.9967447916666666 0.1962890625 0.006510416666666667