7 0.50048828125 0.8203125 0.9228515625 0.041666666666666664
0 0.5 0.8971354166666666 0.181640625 0.0546875
6 0.49951171875 0.94921875 0.1181640625 0.018229166666666668
7 0.1962890625 0.036458333333333336 0.1953125 0.026041666666666668
4 0.9404296875 0.034505208333333336 0.08203125 0.040364583333333336
0 0.9404296875 0.036458333333333336 0.08203125 0.044270833333333336
7 0.1201171875 0.232421875 0.052734375 0.016927083333333332
7 0.134765625 0.2962239583333333 0.08203125 0.03515625
2 0.337890625 0.4694010416666667 0.48828125 0.23567708333333334
7 0.130859375 0.6354166666666666 0.07421875 0.020833333333333332
7 0.1962890625 0.6354166666666666 0.029296875 0.0234375
7 0.2294921875 0.6373697916666666 0.0390625 0.01953125
7 0.2724609375 0.6354166666666666 0.021484375 0.0234375
7 0.29931640625 0.6373697916666666 0.0341796875 0.01953125
5 0.146484375 0.7428385416666666 0.046875 0.016927083333333332
0 0.19140625 0.7428385416666666 0.1953125 0.06640625
4 0.2490234375 0.7428385416666666 0.021484375 0.016927083333333332
4 0.5 0.5 1 1
4 0.5 0.5 1 1
0 0.0283203125 0.9518229166666666 0.009765625 0.013020833333333334
0 0.0478515625 0.9518229166666666 0.009765625 0.013020833333333334
0 0.0673828125 0.9518229166666666 0.009765625 0.013020833333333334
0 0.0869140625 0.9518229166666666 0.009765625 0.013020833333333334