0 0.0654296875 0.04296875 0.111328125 0.0390625
7 0.98046875 0.042317708333333336 0.0390625 0.08463541666666667
2 0.16064453125 0.04296875 0.0458984375 0.020833333333333332
7 0.2548828125 0.015625 0.091796875 0.018229166666666668
0 0.3056640625 0.042317708333333336 0.224609375 0.08463541666666667
7 0.3056640625 0.044270833333333336 0.193359375 0.03125
2 0.44775390625 0.04296875 0.0224609375 0.020833333333333332
7 0.5126953125 0.016276041666666668 0.048828125 0.01953125
0 0.576171875 0.042317708333333336 0.19921875 0.08463541666666667
7 0.56103515625 0.016276041666666668 0.0498046875 0.01953125
7 0.60986328125 0.016276041666666668 0.0302734375 0.01953125
7 0.64404296875 0.016276041666666668 0.0400390625 0.01953125
4 0.49658203125 0.041666666666666664 0.0166015625 0.020833333333333332
7 0.53955078125 0.041666666666666664 0.0615234375 0.018229166666666668
7 0.6435546875 0.041666666666666664 0.041015625 0.018229166666666668
4 0.49658203125 0.06770833333333333 0.0166015625 0.020833333333333332
7 0.53271484375 0.06770833333333333 0.0478515625 0.018229166666666668
7 0.646484375 0.06770833333333333 0.03515625 0.018229166666666668
7 0.71142578125 0.016276041666666668 0.0478515625 0.01953125
0 0.77490234375 0.042317708333333336 0.1982421875 0.08463541666666667
7 0.759765625 0.016276041666666668 0.05078125 0.01953125
7 0.80908203125 0.016276041666666668 0.0302734375 0.01953125
7 0.8427734375 0.016276041666666668 0.0390625 0.01953125
4 0.69580078125 0.041666666666666664 0.0166015625 0.020833333333333332
7 0.736328125 0.041666666666666664 0.056640625 0.018229166666666668
7 0.8447265625 0.041666666666666664 0.03515625 0.018229166666666668
4 0.69580078125 0.06770833333333333 0.0166015625 0.020833333333333332
7 0.7236328125 0.06770833333333333 0.03125 0.018229166666666668
7 0.8447265625 0.06770833333333333 0.03515625 0.018229166666666668
7 0.90966796875 0.016276041666666668 0.0478515625 0.01953125
0 0.93701171875 0.042317708333333336 0.1259765625 0.08463541666666667
7 0.9580078125 0.016276041666666668 0.05078125 0.01953125
7 0.99609375 0.016276041666666668 0.0078125 0.01953125
4 0.89404296875 0.041666666666666664 0.0166015625 0.020833333333333332
7 0.92138671875 0.041666666666666664 0.0302734375 0.018229166666666668
4 0.89404296875 0.06770833333333333 0.0166015625 0.020833333333333332
7 0.9345703125 0.06770833333333333 0.056640625 0.018229166666666668
2 0.052734375 0.11328125 0.0859375 0.057291666666666664
7 0.978515625 0.11328125 0.04296875 0.057291666666666664
0 0.978515625 0.11328125 0.04296875 0.057291666666666664
7 0.1474609375 0.11328125 0.025390625 0.020833333333333332
0 0.14794921875 0.11328125 0.0458984375 0.057291666666666664
7 0.1943359375 0.11328125 0.029296875 0.020833333333333332
0 0.1943359375 0.11328125 0.048828125 0.057291666666666664
7 0.2421875 0.11328125 0.029296875 0.020833333333333332
0 0.2421875 0.11328125 0.048828125 0.057291666666666664
7 0.29736328125 0.11328125 0.0439453125 0.020833333333333332
0 0.296875 0.11328125 0.0625 0.057291666666666664
0 0.35400390625 0.11328125 0.0537109375 0.057291666666666664
0 0.892578125 0.11328125 0.04296875 0.057291666666666664
7 0.83740234375 0.11328125 0.0498046875 0.020833333333333332
0 0.8369140625 0.11328125 0.068359375 0.057291666666666664
7 0.7744140625 0.11328125 0.037109375 0.020833333333333332
0 0.77490234375 0.11328125 0.0576171875 0.057291666666666664
7 0.7177734375 0.11328125 0.0390625 0.020833333333333332
0 0.7177734375 0.11328125 0.05859375 0.057291666666666664
7 0.64501953125 0.11328125 0.0693359375 0.057291666666666664
0 0.64501953125 0.11328125 0.0888671875 0.057291666666666664
3 0.5 0.3177083333333333 0.947265625 0.3255208333333333
4 0.34375 0.8509114583333334 0.64453125 0.00390625
0 0.34375 0.7526041666666666 0.64453125 0.4947916666666667
2 0.341796875 0.9010416666666666 0.609375 0.07291666666666667
6 0.34375 0.9674479166666666 0.61328125 0.049479166666666664
7 0.095703125 0.9993489583333334 0.01171875 0.0013020833333333333
7 0.1474609375 0.9993489583333334 0.091796875 0.0013020833333333333
4 0.34375 0.6770833333333334 0.64453125 0.34375
7 0.650390625 0.5260416666666666 0.015625 0.020833333333333332
2 0.83203125 0.533203125 0.26953125 0.055989583333333336
0 0.8349609375 0.5924479166666666 0.263671875 0.0390625
0 0.8349609375 0.6315104166666666 0.263671875 0.0390625
0 0.8349609375 0.6705729166666666 0.263671875 0.0390625
0 0.8349609375 0.7096354166666666 0.263671875 0.0390625
0 0.8349609375 0.7486979166666666 0.263671875 0.0390625
0 0.8349609375 0.7877604166666666 0.263671875 0.0390625
0 0.8349609375 0.8268229166666666 0.263671875 0.0390625
2 0.83203125 0.916015625 0.26953125 0.055989583333333336
0 0.83203125 0.9791666666666666 0.26953125 0.041666666666666664
3 0.5 0.9348958333333334 1 0.13020833333333334