4 0.06884765625 0.036458333333333336 0.0830078125 0.041666666666666664
0 0.06884765625 0.036458333333333336 0.0830078125 0.041666666666666664
7 0.19580078125 0.036458333333333336 0.0634765625 0.026041666666666668
0 0.19580078125 0.036458333333333336 0.1103515625 0.07291666666666667
7 0.306640625 0.036458333333333336 0.06640625 0.026041666666666668
0 0.306640625 0.036458333333333336 0.11328125 0.07291666666666667
7 0.45361328125 0.036458333333333336 0.1357421875 0.026041666666666668
0 0.45361328125 0.036458333333333336 0.1826171875 0.07291666666666667
7 0.58740234375 0.036458333333333336 0.0400390625 0.026041666666666668
0 0.58740234375 0.036458333333333336 0.0869140625 0.07291666666666667
7 0.67578125 0.036458333333333336 0.044921875 0.026041666666666668
0 0.67578125 0.036458333333333336 0.091796875 0.07291666666666667
4 0.85693359375 0.036458333333333336 0.0244140625 0.03125
0 0.85693359375 0.036458333333333336 0.0556640625 0.07291666666666667
0 0.9326171875 0.036458333333333336 0.095703125 0.07291666666666667
2 0.2626953125 0.42578125 0.466796875 0.484375
4 0.05419921875 0.689453125 0.0498046875 0.00390625
0 0.09423828125 0.80859375 0.1298828125 0.046875
7 0.80126953125 0.736328125 0.3642578125 0.12630208333333334
0 0.80126953125 0.828125 0.2861328125 0.059895833333333336
0 0.80126953125 0.8984375 0.2861328125 0.057291666666666664