4 0.11669921875 0.030598958333333332 0.1572265625 0.048177083333333336
0 0.11669921875 0.034505208333333336 0.1572265625 0.055989583333333336
0 0.439453125 0.034505208333333336 0.05078125 0.05859375
0 0.51708984375 0.034505208333333336 0.1064453125 0.05859375
0 0.61181640625 0.034505208333333336 0.0849609375 0.05859375
0 0.7060546875 0.034505208333333336 0.10546875 0.05859375
0 0.794921875 0.034505208333333336 0.07421875 0.05859375
7 0.88427734375 0.033854166666666664 0.0400390625 0.020833333333333332
4 0.94873046875 0.034505208333333336 0.0185546875 0.024739583333333332
0 0.94873046875 0.034505208333333336 0.0263671875 0.03515625
7 0.044921875 0.10807291666666667 0.013671875 0.020833333333333332
7 0.28857421875 0.10807291666666667 0.4755859375 0.020833333333333332
7 0.5390625 0.10807291666666667 0.025390625 0.020833333333333332
6 0.5947265625 0.10807291666666667 0.08984375 0.020833333333333332
2 0.166015625 0.17122395833333334 0.21484375 0.032552083333333336
7 0.70703125 0.17447916666666666 0.052734375 0.020833333333333332
0 0.78466796875 0.17513020833333334 0.0888671875 0.016927083333333332
0 0.88623046875 0.17513020833333334 0.0947265625 0.016927083333333332
1 0.11572265625 0.22721354166666666 0.1142578125 0.061197916666666664
1 0.51953125 0.22721354166666666 0.697265625 0.061197916666666664
7 0.904296875 0.2265625 0.041015625 0.026041666666666668
0 0.904296875 0.22721354166666666 0.07421875 0.061197916666666664
4 0.06396484375 0.3541666666666667 0.0185546875 0.0390625
2 0.20166015625 0.3385416666666667 0.2353515625 0.0234375
7 0.109375 0.3626302083333333 0.05078125 0.022135416666666668
7 0.18505859375 0.3626302083333333 0.1025390625 0.022135416666666668
7 0.259765625 0.3639322916666667 0.048828125 0.016927083333333332
4 0.06396484375 0.4700520833333333 0.0263671875 0.036458333333333336
2 0.20166015625 0.4557291666666667 0.2353515625 0.0234375
6 0.1357421875 0.4798177083333333 0.103515625 0.022135416666666668
4 0.37841796875 0.3522135416666667 0.0263671875 0.03515625
2 0.47021484375 0.3385416666666667 0.1435546875 0.0234375
6 0.42724609375 0.3626302083333333 0.0576171875 0.022135416666666668
7 0.47998046875 0.3645833333333333 0.0478515625 0.015625
2 0.587890625 0.3385416666666667 0.09375 0.0234375
7 0.572265625 0.3626302083333333 0.0546875 0.022135416666666668
7 0.6162109375 0.3639322916666667 0.03515625 0.016927083333333332
4 0.37841796875 0.4694010416666667 0.0263671875 0.03515625
2 0.46484375 0.4557291666666667 0.1328125 0.0234375
6 0.4365234375 0.4798177083333333 0.076171875 0.022135416666666668
2 0.58251953125 0.4557291666666667 0.1044921875 0.0234375
7 0.5654296875 0.4798177083333333 0.0703125 0.022135416666666668
7 0.6162109375 0.4798177083333333 0.03515625 0.022135416666666668
2 0.80517578125 0.349609375 0.2490234375 0.045572916666666664
0 0.93896484375 0.349609375 0.0205078125 0.02734375
4 0.81494140625 0.4407552083333333 0.2685546875 0.13932291666666666
7 0.73583984375 0.5032552083333334 0.0322265625 0.016927083333333332
7 0.83349609375 0.5032552083333334 0.0302734375 0.016927083333333332
7 0.931640625 0.5032552083333334 0.037109375 0.016927083333333332
7 0.70263671875 0.4850260416666667 0.0244140625 0.016927083333333332
7 0.70263671875 0.4524739583333333 0.0244140625 0.016927083333333332
7 0.70263671875 0.4186197916666667 0.0244140625 0.016927083333333332
7 0.6982421875 0.3860677083333333 0.033203125 0.016927083333333332
3 0.5 0.611328125 0.736328125 0.11848958333333333
2 0.0927734375 0.7252604166666666 0.083984375 0.026041666666666668
7 0.0712890625 0.7962239583333334 0.041015625 0.053385416666666664
6 0.12744140625 0.7864583333333334 0.0576171875 0.020833333333333332
7 0.1318359375 0.80859375 0.06640625 0.020833333333333332
7 0.21630859375 0.7825520833333334 0.0361328125 0.020833333333333332
0 0.25439453125 0.7825520833333334 0.0419921875 0.026041666666666668
6 0.220703125 0.8072916666666666 0.044921875 0.020833333333333332
7 0.2666015625 0.80859375 0.046875 0.015625
7 0.416015625 0.7838541666666666 0.0078125 0.015625
7 0.419921875 0.7838541666666666 0.00390625 0.015625
7 0.44677734375 0.7838541666666666 0.0517578125 0.015625
7 0.0712890625 0.8815104166666666 0.041015625 0.0546875
6 0.12744140625 0.8717447916666666 0.0576171875 0.01953125
7 0.13720703125 0.8938802083333334 0.0771484375 0.01953125
7 0.21630859375 0.8671875 0.0361328125 0.020833333333333332
0 0.26318359375 0.8671875 0.0595703125 0.026041666666666668
6 0.22412109375 0.8919270833333334 0.0517578125 0.020833333333333332
7 0.26806640625 0.8932291666666666 0.0361328125 0.015625
7 0.416015625 0.8684895833333334 0.0078125 0.015625
7 0.419921875 0.8684895833333334 0.00390625 0.015625
7 0.44677734375 0.8684895833333334 0.0517578125 0.015625
7 0.0712890625 0.966796875 0.041015625 0.053385416666666664
6 0.12744140625 0.95703125 0.0576171875 0.020833333333333332
7 0.13720703125 0.9791666666666666 0.0771484375 0.020833333333333332
7 0.21630859375 0.953125 0.0361328125 0.020833333333333332
0 0.26318359375 0.953125 0.0595703125 0.026041666666666668
6 0.220703125 0.9778645833333334 0.044921875 0.020833333333333332
7 0.263671875 0.9791666666666666 0.041015625 0.015625
7 0.416015625 0.9544270833333334 0.0078125 0.015625
7 0.419921875 0.9544270833333334 0.00390625 0.015625
7 0.44677734375 0.9544270833333334 0.0517578125 0.015625
2 0.57958984375 0.7252604166666666 0.1201171875 0.026041666666666668
7 0.5400390625 0.7962239583333334 0.041015625 0.053385416666666664
0 0.61669921875 0.7864583333333334 0.0986328125 0.026041666666666668
7 0.61669921875 0.80859375 0.0986328125 0.020833333333333332
7 0.68359375 0.7825520833333334 0.033203125 0.020833333333333332
0 0.76513671875 0.7825520833333334 0.1298828125 0.026041666666666668
7 0.67578125 0.8072916666666666 0.017578125 0.020833333333333332
0 0.74951171875 0.8072916666666666 0.1298828125 0.026041666666666668
7 0.884765625 0.7838541666666666 0.0078125 0.015625
7 0.888671875 0.7838541666666666 0.00390625 0.015625
7 0.91552734375 0.7838541666666666 0.0517578125 0.015625
7 0.5400390625 0.8815104166666666 0.041015625 0.0546875
0 0.61669921875 0.8717447916666666 0.0986328125 0.024739583333333332
7 0.61669921875 0.8938802083333334 0.0986328125 0.01953125
7 0.68359375 0.8671875 0.033203125 0.020833333333333332
0 0.76513671875 0.8671875 0.1298828125 0.026041666666666668
7 0.67578125 0.8919270833333334 0.017578125 0.020833333333333332
0 0.74951171875 0.8919270833333334 0.1298828125 0.026041666666666668
7 0.884765625 0.8684895833333334 0.0078125 0.015625
7 0.888671875 0.8684895833333334 0.00390625 0.015625
7 0.91552734375 0.8684895833333334 0.0517578125 0.015625
7 0.5400390625 0.966796875 0.041015625 0.053385416666666664
0 0.61669921875 0.95703125 0.0986328125 0.026041666666666668
7 0.61669921875 0.9791666666666666 0.0986328125 0.020833333333333332
7 0.68359375 0.953125 0.033203125 0.020833333333333332
0 0.76513671875 0.953125 0.1298828125 0.026041666666666668
7 0.67578125 0.9778645833333334 0.017578125 0.020833333333333332
0 0.74951171875 0.9778645833333334 0.1298828125 0.026041666666666668
7 0.884765625 0.9544270833333334 0.0078125 0.015625
7 0.888671875 0.9544270833333334 0.00390625 0.015625
7 0.91552734375 0.9544270833333334 0.0517578125 0.015625
7 0.25537109375 0.9440104166666666 0.0751953125 0.020833333333333332
6 0.40625 0.9440104166666666 0.23046875 0.020833333333333332
7 0.58203125 0.9440104166666666 0.12109375 0.020833333333333332
6 0.68017578125 0.9440104166666666 0.0791015625 0.020833333333333332
7 0.720703125 0.9440104166666666 0.00390625 0.020833333333333332
0 0.7666015625 0.9446614583333334 0.064453125 0.03515625