7 0.3984375 0.5 0.64453125 1
6 0.81396484375 0.5 0.1806640625 1
4 0.5 0.11002604166666667 0.390625 0.17057291666666666
1 0.46435546875 0.240234375 0.3193359375 0.05078125
1 0.662109375 0.240234375 0.06640625 0.05078125
7 0.35107421875 0.2916666666666667 0.0927734375 0.028645833333333332
6 0.419921875 0.2916666666666667 0.03125 0.020833333333333332
6 0.45556640625 0.2916666666666667 0.0283203125 0.020833333333333332
6 0.49169921875 0.2916666666666667 0.0302734375 0.020833333333333332
6 0.5322265625 0.2916666666666667 0.037109375 0.020833333333333332
6 0.57080078125 0.2916666666666667 0.0244140625 0.020833333333333332
6 0.60205078125 0.2916666666666667 0.0244140625 0.020833333333333332
6 0.63427734375 0.2916666666666667 0.0283203125 0.020833333333333332
6 0.67138671875 0.2916666666666667 0.0302734375 0.020833333333333332
6 0.32666015625 0.3515625 0.0283203125 0.020833333333333332
6 0.37744140625 0.3515625 0.0595703125 0.020833333333333332
0 0.0703125 0.380859375 0.021484375 0.029947916666666668
0 0.10498046875 0.380859375 0.0224609375 0.029947916666666668
0 0.13916015625 0.380859375 0.0224609375 0.029947916666666668
0 0.17333984375 0.380859375 0.0224609375 0.029947916666666668
0 0.20751953125 0.380859375 0.0224609375 0.029947916666666668
0 0.24169921875 0.380859375 0.0224609375 0.029947916666666668
0 0.27685546875 0.380859375 0.0224609375 0.029947916666666668
0 0.31103515625 0.380859375 0.0224609375 0.029947916666666668
0 0.34521484375 0.380859375 0.0224609375 0.029947916666666668
0 0.37939453125 0.380859375 0.0224609375 0.029947916666666668
0 0.41357421875 0.380859375 0.0224609375 0.029947916666666668
0 0.44873046875 0.380859375 0.0224609375 0.029947916666666668
0 0.48291015625 0.380859375 0.0224609375 0.029947916666666668
0 0.51708984375 0.380859375 0.0224609375 0.029947916666666668
0 0.55126953125 0.380859375 0.0224609375 0.029947916666666668
0 0.58544921875 0.380859375 0.0224609375 0.029947916666666668
0 0.6201171875 0.380859375 0.021484375 0.029947916666666668
0 0.65478515625 0.380859375 0.0224609375 0.029947916666666668
0 0.68896484375 0.380859375 0.0224609375 0.029947916666666668
0 0.72314453125 0.380859375 0.0224609375 0.029947916666666668
0 0.75732421875 0.380859375 0.0224609375 0.029947916666666668
0 0.79150390625 0.380859375 0.0224609375 0.029947916666666668
0 0.82666015625 0.380859375 0.0224609375 0.029947916666666668
0 0.86083984375 0.380859375 0.0224609375 0.029947916666666668
0 0.89501953125 0.380859375 0.0224609375 0.029947916666666668
0 0.92919921875 0.380859375 0.0224609375 0.029947916666666668
2 0.11474609375 0.4817708333333333 0.1123046875 0.041666666666666664
7 0.89013671875 0.4765625 0.0380859375 0.0234375
0 0.89599609375 0.4759114583333333 0.0908203125 0.053385416666666664
4 0.1982421875 0.6725260416666666 0.27734375 0.26171875
0 0.1982421875 0.7701822916666666 0.279296875 0.4596354166666667
2 0.1982421875 0.8548177083333334 0.23828125 0.053385416666666664
6 0.1982421875 0.9466145833333334 0.23828125 0.10677083333333333
4 0.5 0.6725260416666666 0.27734375 0.26171875
0 0.5 0.7701822916666666 0.279296875 0.4596354166666667
2 0.5 0.8548177083333334 0.23828125 0.053385416666666664
6 0.5 0.9466145833333334 0.23828125 0.10677083333333333
4 0.8017578125 0.6725260416666666 0.27734375 0.26171875
0 0.8017578125 0.7701822916666666 0.279296875 0.4596354166666667
2 0.8017578125 0.841796875 0.23828125 0.02734375
6 0.8017578125 0.9251302083333334 0.23828125 0.11588541666666667