4 0.07470703125 0.064453125 0.1025390625 0.02734375
0 0.07470703125 0.064453125 0.1025390625 0.05859375
6 0.5126953125 0.0625 0.05078125 0.028645833333333332
6 0.64599609375 0.0625 0.1572265625 0.028645833333333332
6 0.79345703125 0.0625 0.0751953125 0.028645833333333332
6 0.90380859375 0.0625 0.0849609375 0.028645833333333332
7 0.5 0.32421875 1 0.6484375
4 0.5 0.32421875 1 0.6484375
2 0.3994140625 0.333984375 0.751953125 0.23828125
5 0.302734375 0.5787760416666666 0.55859375 0.01953125
1 0.302734375 0.640625 0.556640625 0.07552083333333333
5 0.73291015625 0.5787760416666666 0.2802734375 0.01953125
1 0.73291015625 0.640625 0.2783203125 0.07552083333333333
0 0.93017578125 0.640625 0.0927734375 0.06770833333333333
0 0.13818359375 0.7434895833333334 0.1826171875 0.0625
0 0.37646484375 0.7434895833333334 0.2939453125 0.0625
0 0.5810546875 0.7434895833333334 0.115234375 0.0625
0 0.70849609375 0.7434895833333334 0.1396484375 0.0625
0 0.8232421875 0.7434895833333334 0.08984375 0.0625
0 0.93408203125 0.7434895833333334 0.1318359375 0.0625
4 0.03515625 0.7434895833333334 0.0234375 0.0625
4 0.96484375 0.7434895833333334 0.0234375 0.0625
2 0.2587890625 0.8411458333333334 0.470703125 0.06770833333333333
6 0.57275390625 0.8528645833333334 0.1220703125 0.06770833333333333
7 0.28369140625 0.9837239583333334 0.0302734375 0.032552083333333336
0 0.1748046875 0.966796875 0.302734375 0.06640625
4 0.1748046875 0.966796875 0.302734375 0.06640625
7 0.60986328125 0.9837239583333334 0.0419921875 0.032552083333333336
0 0.5 0.966796875 0.302734375 0.06640625
4 0.5 0.966796875 0.302734375 0.06640625
7 0.93505859375 0.9837239583333334 0.0419921875 0.032552083333333336
0 0.8251953125 0.966796875 0.302734375 0.06640625
4 0.8251953125 0.966796875 0.302734375 0.06640625
3 0.9267578125 0.9544270833333334 0.107421875 0.06510416666666667