0 0.0849609375 0.033203125 0.087890625 0.02734375
0 0.18701171875 0.033203125 0.1162109375 0.02734375
0 0.2724609375 0.033203125 0.0546875 0.02734375
0 0.58447265625 0.033203125 0.1181640625 0.02734375
0 0.71337890625 0.033203125 0.1396484375 0.02734375
0 0.83544921875 0.033203125 0.1044921875 0.02734375
0 0.92333984375 0.033203125 0.0712890625 0.02734375
4 0.08984375 0.12174479166666667 0.09765625 0.11067708333333333
7 0.212890625 0.12174479166666667 0.103515625 0.02734375
0 0.212890625 0.12174479166666667 0.12890625 0.11067708333333333
7 0.314453125 0.12109375 0.048828125 0.020833333333333332
7 0.37060546875 0.12109375 0.0634765625 0.020833333333333332
7 0.49169921875 0.12174479166666667 0.1279296875 0.02734375
0 0.49169921875 0.12174479166666667 0.1533203125 0.11067708333333333
7 0.65576171875 0.12174479166666667 0.1494140625 0.02734375
0 0.65576171875 0.12174479166666667 0.1748046875 0.11067708333333333
7 0.78662109375 0.12174479166666667 0.0615234375 0.02734375
0 0.78662109375 0.12174479166666667 0.0869140625 0.11067708333333333
7 0.8935546875 0.12174479166666667 0.041015625 0.02734375
0 0.8935546875 0.12174479166666667 0.06640625 0.11067708333333333
2 0.45263671875 0.21809895833333334 0.5380859375 0.02734375
2 0.7685546875 0.21809895833333334 0.095703125 0.02734375
2 0.32958984375 0.509765625 0.5712890625 0.07421875
2 0.6220703125 0.4947916666666667 0.015625 0.03125
2 0.79248046875 0.509765625 0.3271484375 0.07421875
2 0.5 0.5833333333333334 0.91796875 0.044270833333333336
0 0.5 0.69140625 0.216796875 0.06770833333333333
7 0.1787109375 0.9420572916666666 0.26171875 0.024739583333333332
7 0.3125 0.9381510416666666 0.0078125 0.014322916666666666
7 0.53125 0.9420572916666666 0.431640625 0.024739583333333332
7 0.75 0.9381510416666666 0.0078125 0.014322916666666666
7 0.81103515625 0.9420572916666666 0.1162109375 0.024739583333333332
7 0.8720703125 0.9381510416666666 0.0078125 0.014322916666666666
7 0.63818359375 0.9576822916666666 0.6259765625 0.055989583333333336
6 0.6318359375 0.9733072916666666 0.078125 0.024739583333333332
7 0.6728515625 0.9733072916666666 0.00390625 0.024739583333333332