7 0.5 0.005859375 1 0.01171875
2 0.25341796875 0.09375 0.4248046875 0.09895833333333333
0 0.2548828125 0.09375 0.427734375 0.09895833333333333
7 0.8994140625 0.07877604166666667 0.0078125 0.024739583333333332
0 0.91845703125 0.07356770833333333 0.0810546875 0.06640625
7 0.91064453125 0.07877604166666667 0.0146484375 0.024739583333333332
0 0.78955078125 0.07747395833333333 0.0224609375 0.029947916666666668
0 0.82568359375 0.07747395833333333 0.0224609375 0.029947916666666668
0 0.86181640625 0.07747395833333333 0.0224609375 0.029947916666666668
4 0.75390625 0.07682291666666667 0.025390625 0.033854166666666664
0 0.75390625 0.07682291666666667 0.025390625 0.033854166666666664
0 0.58349609375 0.07682291666666667 0.0615234375 0.03125
0 0.6552734375 0.07682291666666667 0.08203125 0.03125
0 0.60205078125 0.12825520833333334 0.0517578125 0.029947916666666668
0 0.66064453125 0.12825520833333334 0.0673828125 0.029947916666666668
0 0.73974609375 0.12825520833333334 0.0927734375 0.029947916666666668
0 0.826171875 0.12825520833333334 0.08203125 0.029947916666666668
0 0.892578125 0.12825520833333334 0.052734375 0.029947916666666668
0 0.599609375 0.158203125 0.046875 0.029947916666666668
0 0.07763671875 0.18424479166666666 0.0732421875 0.04296875
0 0.14990234375 0.18424479166666666 0.0712890625 0.04296875
0 0.25390625 0.18424479166666666 0.13671875 0.04296875
0 0.359375 0.18424479166666666 0.07421875 0.04296875
0 0.45068359375 0.18424479166666666 0.1083984375 0.04296875
0 0.5517578125 0.18424479166666666 0.09375 0.04296875
0 0.6396484375 0.18424479166666666 0.08203125 0.04296875
0 0.759765625 0.18424479166666666 0.158203125 0.04296875
0 0.89892578125 0.18424479166666666 0.1201171875 0.04296875
7 0.07861328125 0.22265625 0.0732421875 0.033854166666666664
6 0.17626953125 0.22395833333333334 0.0888671875 0.018229166666666668
7 0.23095703125 0.224609375 0.0205078125 0.022135416666666668
6 0.283203125 0.22395833333333334 0.076171875 0.018229166666666668
7 0.33056640625 0.224609375 0.0205078125 0.022135416666666668
6 0.38818359375 0.22395833333333334 0.0869140625 0.018229166666666668
7 0.44091796875 0.224609375 0.0205078125 0.022135416666666668
6 0.49462890625 0.22395833333333334 0.0791015625 0.018229166666666668
7 0.54248046875 0.224609375 0.0205078125 0.022135416666666668
6 0.59912109375 0.22395833333333334 0.0849609375 0.018229166666666668
7 0.65087890625 0.224609375 0.0205078125 0.022135416666666668
6 0.68896484375 0.22395833333333334 0.0478515625 0.018229166666666668
7 0.72314453125 0.224609375 0.0205078125 0.022135416666666668
6 0.7744140625 0.22395833333333334 0.07421875 0.018229166666666668
7 0.81982421875 0.224609375 0.0205078125 0.022135416666666668
6 0.875 0.22395833333333334 0.08203125 0.018229166666666668
7 0.92626953125 0.224609375 0.0205078125 0.022135416666666668
6 0.064453125 0.2578125 0.03515625 0.018229166666666668
7 0.09228515625 0.2584635416666667 0.0205078125 0.022135416666666668
6 0.119140625 0.2578125 0.025390625 0.018229166666666668
4 0.3291015625 0.4921875 0.576171875 0.4557291666666667
0 0.958984375 0.2643229166666667 0 0
2 0.7978515625 0.4915364583333333 0.322265625 0.45703125
6 0.7978515625 0.4264322916666667 0.322265625 0.05859375
4 0.72607421875 0.625 0.1787109375 0.15885416666666666
0 0.7978515625 0.625 0.322265625 0.15885416666666666
2 0.89208984375 0.6087239583333334 0.1337890625 0.11067708333333333
4 0.1298828125 0.8190104166666666 0.177734375 0.15885416666666666
0 0.1298828125 0.8697916666666666 0.177734375 0.2604166666666667
2 0.1298828125 0.953125 0.177734375 0.09375
4 0.3271484375 0.8190104166666666 0.177734375 0.15885416666666666
0 0.3271484375 0.8697916666666666 0.177734375 0.2604166666666667
2 0.3271484375 0.953125 0.177734375 0.09375
4 0.5244140625 0.8190104166666666 0.177734375 0.15885416666666666
0 0.5244140625 0.8697916666666666 0.177734375 0.2604166666666667
2 0.5244140625 0.953125 0.177734375 0.09375
7 0.7978515625 0.7532552083333334 0.322265625 0.02734375
3 0.5 0.9674479166666666 0.3125 0.06510416666666667