4 0.04833984375 0.024088541666666668 0.0244140625 0.032552083333333336
4 0.076171875 0.024088541666666668 0.025390625 0.032552083333333336
4 0.103515625 0.024088541666666668 0.025390625 0.032552083333333336
4 0.13525390625 0.024088541666666668 0.0322265625 0.032552083333333336
4 0.166015625 0.024088541666666668 0.025390625 0.032552083333333336
4 0.193359375 0.024088541666666668 0.025390625 0.032552083333333336
6 0.8681640625 0.021484375 0.029296875 0.022135416666666668
6 0.92578125 0.021484375 0.048828125 0.022135416666666668
4 0.84716796875 0.13606770833333334 0.1650390625 0.10286458333333333
1 0.8447265625 0.21744791666666666 0.17578125 0.03125
0 0.9208984375 0.220703125 0.0625 0.03515625
2 0.8544921875 0.2890625 0.208984375 0.0390625
4 0.77685546875 0.353515625 0.0595703125 0.07942708333333333
0 0.77685546875 0.353515625 0.0595703125 0.07942708333333333
2 0.85302734375 0.3248697916666667 0.0849609375 0.022135416666666668
4 0.82080078125 0.3502604166666667 0.0205078125 0.026041666666666668
6 0.87744140625 0.349609375 0.0849609375 0.01953125
7 0.86279296875 0.373046875 0.0556640625 0.01953125
7 0.84765625 0.443359375 0.201171875 0.11328125
0 0.80029296875 0.490234375 0.0302734375 0.016927083333333332
4 0.77099609375 0.564453125 0.0478515625 0.06380208333333333
0 0.77099609375 0.564453125 0.0478515625 0.06380208333333333
2 0.8330078125 0.5436197916666666 0.068359375 0.022135416666666668
4 0.80908203125 0.5690104166666666 0.0205078125 0.026041666666666668
6 0.86572265625 0.568359375 0.0849609375 0.01953125
7 0.85107421875 0.591796875 0.0556640625 0.01953125
7 0.84716796875 0.650390625 0.2001953125 0.08984375
0 0.7626953125 0.708984375 0.03125 0.016927083333333332
4 0.77685546875 0.779296875 0.0595703125 0.055989583333333336
0 0.77685546875 0.779296875 0.0595703125 0.055989583333333336
2 0.85791015625 0.7623697916666666 0.0947265625 0.022135416666666668
4 0.82080078125 0.7877604166666666 0.0205078125 0.026041666666666668
6 0.87744140625 0.787109375 0.0849609375 0.01953125
7 0.86572265625 0.810546875 0.0615234375 0.01953125
7 0.85107421875 0.869140625 0.2080078125 0.08984375
0 0.92724609375 0.904296875 0.0302734375 0.016927083333333332
4 0.77685546875 0.9739583333333334 0.0595703125 0.052083333333333336
0 0.77685546875 0.9739583333333334 0.0595703125 0.052083333333333336
2 0.8623046875 0.958984375 0.103515625 0.022135416666666668
4 0.82080078125 0.984375 0.0205078125 0.026041666666666668
6 0.87744140625 0.9837239583333334 0.0849609375 0.01953125
7 0.86279296875 0.9986979166666666 0.0556640625 0.0026041666666666665
7 0.3828125 0.08919270833333333 0.685546875 0.061197916666666664
4 0.3828125 0.2578125 0.685546875 0.2760416666666667
1 0.19970703125 0.4654947916666667 0.2919921875 0.045572916666666664
0 0.39990234375 0.46875 0.0634765625 0.046875
7 0.57958984375 0.451171875 0.1005859375 0.03515625
0 0.57958984375 0.4680989583333333 0.2841796875 0.07682291666666667
7 0.57958984375 0.4837239583333333 0.2197265625 0.03515625
2 0.38525390625 0.5852864583333334 0.6806640625 0.040364583333333336
0 0.1533203125 0.6197916666666666 0.197265625 0.03125
0 0.3642578125 0.6197916666666666 0.197265625 0.03125
0 0.5751953125 0.6197916666666666 0.197265625 0.03125
0 0.1533203125 0.6497395833333334 0.197265625 0.03125
0 0.3642578125 0.6497395833333334 0.197265625 0.03125
0 0.5751953125 0.6497395833333334 0.197265625 0.03125
0 0.1533203125 0.6796875 0.197265625 0.03125
0 0.3642578125 0.6796875 0.197265625 0.03125
0 0.5751953125 0.6796875 0.197265625 0.03125
0 0.1533203125 0.7096354166666666 0.197265625 0.03125
0 0.3642578125 0.7096354166666666 0.197265625 0.03125
0 0.5751953125 0.7096354166666666 0.197265625 0.03125
0 0.1533203125 0.7395833333333334 0.197265625 0.03125
0 0.3642578125 0.7395833333333334 0.197265625 0.03125
0 0.5751953125 0.7395833333333334 0.197265625 0.03125
0 0.1533203125 0.76953125 0.197265625 0.03125
0 0.3642578125 0.76953125 0.197265625 0.03125
0 0.5751953125 0.76953125 0.197265625 0.03125
0 0.1533203125 0.7994791666666666 0.197265625 0.03125
0 0.3642578125 0.7994791666666666 0.197265625 0.03125
0 0.5751953125 0.7994791666666666 0.197265625 0.03125
0 0.1533203125 0.8294270833333334 0.197265625 0.03125
0 0.3642578125 0.8294270833333334 0.197265625 0.03125
0 0.5751953125 0.8294270833333334 0.197265625 0.03125
0 0.1533203125 0.859375 0.197265625 0.03125
0 0.3642578125 0.859375 0.197265625 0.03125
0 0.5751953125 0.859375 0.197265625 0.03125
0 0.1533203125 0.8893229166666666 0.197265625 0.03125
0 0.3642578125 0.8893229166666666 0.197265625 0.03125
0 0.5751953125 0.8893229166666666 0.197265625 0.03125
2 0.27197265625 0.951171875 0.4521484375 0.040364583333333336
1 0.26220703125 0.9876302083333334 0.4345703125 0.024739583333333332