4 0.17578125 0.051432291666666664 0.3125 0.03515625
6 0.72607421875 0.051432291666666664 0.2119140625 0.01953125
6 0.90771484375 0.051432291666666664 0.1455078125 0.01953125
2 0.3056640625 0.14388020833333334 0.5625 0.08463541666666667
0 0.3056640625 0.14388020833333334 0.5625 0.08463541666666667
0 0.08984375 0.23567708333333334 0.1796875 0.052083333333333336
0 0.2861328125 0.23567708333333334 0.21484375 0.052083333333333336
0 0.4951171875 0.23567708333333334 0.205078125 0.052083333333333336
0 0.6806640625 0.23567708333333334 0.16796875 0.052083333333333336
0 0.9482421875 0.23567708333333334 0.103515625 0.052083333333333336
2 0.31884765625 0.373046875 0.5380859375 0.029947916666666668
7 0.3544921875 0.5091145833333334 0.609375 0.1640625
6 0.1044921875 0.705078125 0.109375 0.024739583333333332
0 0.53466796875 0.7057291666666666 0.0244140625 0.03125
0 0.56298828125 0.7057291666666666 0.0244140625 0.03125
0 0.59033203125 0.7057291666666666 0.0244140625 0.03125
0 0.61865234375 0.7057291666666666 0.0244140625 0.03125
0 0.646484375 0.7057291666666666 0.0234375 0.03125
2 0.3544921875 0.5846354166666666 0.650390625 0.4973958333333333
0 0.0771484375 0.9049479166666666 0.080078125 0.0859375
0 0.15673828125 0.9049479166666666 0.0791015625 0.0859375
0 0.23583984375 0.9049479166666666 0.0791015625 0.0859375
0 0.31494140625 0.9049479166666666 0.0791015625 0.0859375
0 0.39404296875 0.9049479166666666 0.0791015625 0.0859375
0 0.4736328125 0.9049479166666666 0.080078125 0.0859375
0 0.55322265625 0.9049479166666666 0.0791015625 0.0859375
0 0.6318359375 0.9049479166666666 0.078125 0.0859375
2 0.1796875 0.9967447916666666 0.30078125 0.006510416666666667
3 0.83056640625 0.4147135416666667 0.1962890625 0.18619791666666666
7 0.85400390625 0.7252604166666666 0.2431640625 0.3828125