0 0.5 0.00390625 1 0.0078125
7 0.31201171875 0.018880208333333332 0.3583984375 0.024739583333333332
6 0.53076171875 0.018880208333333332 0.0810546875 0.024739583333333332
7 0.58740234375 0.018880208333333332 0.0341796875 0.024739583333333332
6 0.6962890625 0.018880208333333332 0.185546875 0.024739583333333332
7 0.82763671875 0.018880208333333332 0.0791015625 0.024739583333333332
4 0.10205078125 0.09049479166666667 0.1708984375 0.05078125
0 0.10205078125 0.06380208333333333 0.1708984375 0.049479166666666664
1 0.8271484375 0.08984375 0.19140625 0.044270833333333336
1 0.9521484375 0.08984375 0.05859375 0.044270833333333336
7 0.36865234375 0.06901041666666667 0.1669921875 0.0234375
0 0.36865234375 0.08919270833333333 0.1669921875 0.10026041666666667
6 0.36865234375 0.09505208333333333 0.1005859375 0.036458333333333336
4 0.36865234375 0.15169270833333334 0.0966796875 0.05859375
7 0.5634765625 0.06901041666666667 0.21484375 0.0234375
0 0.5634765625 0.08919270833333333 0.21484375 0.10026041666666667
6 0.56396484375 0.09505208333333333 0.1884765625 0.036458333333333336
7 0.06201171875 0.18294270833333334 0.1044921875 0.029947916666666668
0 0.06201171875 0.18294270833333334 0.1240234375 0.07682291666666667
7 0.232421875 0.18294270833333334 0.166015625 0.029947916666666668
0 0.232421875 0.18294270833333334 0.185546875 0.07682291666666667
7 0.43359375 0.18294270833333334 0.166015625 0.029947916666666668
0 0.43359375 0.18294270833333334 0.185546875 0.07682291666666667
7 0.625 0.18294270833333334 0.146484375 0.029947916666666668
0 0.625 0.18294270833333334 0.166015625 0.07682291666666667
7 0.78759765625 0.18294270833333334 0.1083984375 0.029947916666666668
0 0.78759765625 0.18294270833333334 0.1279296875 0.07682291666666667
7 0.93359375 0.18294270833333334 0.11328125 0.029947916666666668
0 0.93359375 0.18294270833333334 0.1328125 0.07682291666666667
7 0.3046875 0.283203125 0.509765625 0.032552083333333336
2 0.26171875 0.3209635416666667 0.423828125 0.055989583333333336
7 0.3046875 0.3912760416666667 0.509765625 0.048177083333333336
4 0.83935546875 0.3756510416666667 0.3212890625 0.25390625
2 0.25830078125 0.583984375 0.4833984375 0.04296875
0 0.91845703125 0.587890625 0.1279296875 0.05078125
7 0.0849609375 0.6575520833333334 0.13671875 0.026041666666666668
2 0.2548828125 0.6881510416666666 0.4765625 0.032552083333333336
7 0.080078125 0.7239583333333334 0.126953125 0.026041666666666668
7 0.11083984375 0.8020833333333334 0.1884765625 0.026041666666666668
2 0.27197265625 0.8326822916666666 0.5107421875 0.032552083333333336
7 0.080078125 0.8684895833333334 0.126953125 0.026041666666666668
7 0.11083984375 0.9466145833333334 0.1884765625 0.026041666666666668
2 0.32763671875 0.9772135416666666 0.6220703125 0.032552083333333336