4 0.0771484375 0.027994791666666668 0.0625 0.022135416666666668
0 0.0771484375 0.027994791666666668 0.0625 0.055989583333333336
0 0.80224609375 0.027994791666666668 0.0869140625 0.048177083333333336
0 0.876953125 0.027994791666666668 0.064453125 0.048177083333333336
0 0.93115234375 0.027994791666666668 0.0458984375 0.048177083333333336
6 0.90966796875 0.10026041666666667 0.1494140625 0.028645833333333332
4 0.2265625 0.3307291666666667 0.271484375 0.2526041666666667
2 0.6953125 0.24153645833333334 0.517578125 0.06380208333333333
2 0.6953125 0.376953125 0.517578125 0.12630208333333334
4 0.1943359375 0.7122395833333334 0.263671875 0.049479166666666664
7 0.4375 0.708984375 0.0625 0.05078125
7 0.2294921875 0.8196614583333334 0.36328125 0.12630208333333334
6 0.107421875 0.931640625 0.08984375 0.029947916666666668
0 0.39990234375 0.927734375 0.1376953125 0.05078125
4 0.61962890625 0.7122395833333334 0.1767578125 0.049479166666666664
7 0.90625 0.708984375 0.0625 0.05078125
7 0.6982421875 0.8196614583333334 0.36328125 0.12630208333333334
6 0.576171875 0.931640625 0.08984375 0.029947916666666668
0 0.86865234375 0.927734375 0.1376953125 0.05078125