4 0.34375 0.037760416666666664 0.224609375 0.0546875
2 0.5 0.10286458333333333 0.537109375 0.036458333333333336
2 0.5 0.16731770833333334 0.537109375 0.055989583333333336
7 0.2822265625 0.24739583333333334 0.087890625 0.020833333333333332
7 0.40869140625 0.24739583333333334 0.1591796875 0.020833333333333332
7 0.33740234375 0.2838541666666667 0.1982421875 0.020833333333333332
7 0.49072265625 0.2936197916666667 0.5048828125 0.040364583333333336
2 0.5 0.37109375 0.537109375 0.0234375
7 0.3994140625 0.4088541666666667 0.2578125 0.020833333333333332
7 0.51220703125 0.4381510416666667 0.4833984375 0.07942708333333333
7 0.3779296875 0.50390625 0.21484375 0.020833333333333332
7 0.51708984375 0.5234375 0.4931640625 0.059895833333333336