7 0.1552734375 0.5 0.310546875 1
4 0.1240234375 0.09895833333333333 0.107421875 0.041666666666666664
4 0.60009765625 0.09895833333333333 0.0244140625 0.03125
0 0.63671875 0.09895833333333333 0.09765625 0.03125
7 0.65234375 0.09895833333333333 0.06640625 0.0234375
6 0.73193359375 0.09895833333333333 0.0322265625 0.0234375
6 0.80224609375 0.09895833333333333 0.0478515625 0.0234375
0 0.8935546875 0.09895833333333333 0.072265625 0.052083333333333336
2 0.20458984375 0.3040364583333333 0.2763671875 0.23828125
2 0.240234375 0.4895833333333333 0.34765625 0.07291666666666667
0 0.15625 0.59375 0.1796875 0.052083333333333336
4 0.27490234375 0.5930989583333334 0.0205078125 0.02734375
0 0.34716796875 0.59375 0.1884765625 0.052083333333333336
7 0.35791015625 0.5944010416666666 0.1318359375 0.01953125
4 0.685546875 0.4375 0.49609375 0.625
0 0.685546875 0.439453125 0.49609375 0.62890625
2 0.25830078125 0.9537760416666666 0.1357421875 0.05078125
2 0.408203125 0.9537760416666666 0.1484375 0.05078125
2 0.64892578125 0.9537760416666666 0.3193359375 0.05078125