4 0.08837890625 0.037760416666666664 0.0888671875 0.03125
4 0.5 0.3430989583333333 0.123046875 0.16276041666666666
2 0.5 0.4752604166666667 0.96484375 0.049479166666666664
2 0.5 0.529296875 0.390625 0.032552083333333336
7 0.5 0.6171875 0.96484375 0.078125
3 0.5 0.70703125 0.296875 0.1015625
7 0.5 0.8098958333333334 0.650390625 0.10416666666666667
7 0.494140625 0.9075520833333334 0.583984375 0.046875
7 0.29443359375 0.921875 0.0830078125 0.020833333333333332
7 0.33740234375 0.9205729166666666 0.0048828125 0.020833333333333332
7 0.5068359375 0.9765625 0.609375 0.046875