4 0.22119140625 0.04296875 0.0341796875 0.044270833333333336
7 0.4169921875 0.09765625 0.42578125 0.020833333333333332
7 0.5 0.18098958333333334 0.591796875 0.09895833333333333
7 0.4443359375 0.2630208333333333 0.48046875 0.020833333333333332
7 0.49755859375 0.3333333333333333 0.5869140625 0.0703125
6 0.658203125 0.3580729166666667 0.13671875 0.020833333333333332
7 0.490234375 0.4283854166666667 0.572265625 0.0703125
6 0.70556640625 0.453125 0.0302734375 0.020833333333333332
7 0.72265625 0.453125 0.005859375 0.020833333333333332
7 0.41162109375 0.4986979166666667 0.4150390625 0.020833333333333332
7 0.5 0.5696614583333334 0.591796875 0.07421875
7 0.4658203125 0.6516927083333334 0.5234375 0.045572916666666664
6 0.29931640625 0.6640625 0.0302734375 0.020833333333333332
7 0.31640625 0.6640625 0.005859375 0.020833333333333332