4 0.029296875 0.042317708333333336 0.0234375 0.032552083333333336
0 0.029296875 0.040364583333333336 0.0390625 0.052083333333333336
4 0.0947265625 0.044270833333333336 0.072265625 0.03125
7 0.15478515625 0.042317708333333336 0.0576171875 0.03515625
4 0.919921875 0.039713541666666664 0.0234375 0.032552083333333336
0 0.919921875 0.039713541666666664 0.04296875 0.05859375
4 0.0830078125 0.140625 0.0234375 0.03125
1 0.185546875 0.14192708333333334 0.17578125 0.020833333333333332
7 0.1201171875 0.14127604166666666 0.044921875 0.024739583333333332
7 0.34814453125 0.140625 0.0595703125 0.020833333333333332
0 0.357421875 0.140625 0.09375 0.046875
1 0.5263671875 0.13932291666666666 0.208984375 0.020833333333333332
7 0.474609375 0.13997395833333334 0.10546875 0.024739583333333332
7 0.6787109375 0.140625 0.03125 0.020833333333333332
4 0.91748046875 0.140625 0.0244140625 0.03125
0 0.91748046875 0.140625 0.0439453125 0.057291666666666664
4 0.96337890625 0.13932291666666666 0.0244140625 0.03125
7 0.1103515625 0.22005208333333334 0.0703125 0.0390625
0 0.119140625 0.22005208333333334 0.12109375 0.041666666666666664
7 0.2373046875 0.22005208333333334 0.064453125 0.0390625
0 0.24609375 0.22005208333333334 0.115234375 0.041666666666666664
7 0.37841796875 0.22005208333333334 0.0986328125 0.0390625
0 0.38720703125 0.22005208333333334 0.1494140625 0.041666666666666664
7 0.591796875 0.22005208333333334 0.15234375 0.018229166666666668
4 0.69287109375 0.22005208333333334 0.0205078125 0.026041666666666668
7 0.56396484375 0.3131510416666667 0.1689453125 0.048177083333333336
6 0.60791015625 0.3268229166666667 0.0712890625 0.020833333333333332
6 0.64404296875 0.3697916666666667 0.0185546875 0.020833333333333332
7 0.0703125 0.3216145833333333 0.0234375 0.018229166666666668
7 0.12158203125 0.3216145833333333 0.0791015625 0.018229166666666668
7 0.6484375 0.3216145833333333 0.03515625 0.046875
4 0.68505859375 0.3216145833333333 0.0244140625 0.03125
7 0.7099609375 0.3216145833333333 0.02734375 0.020833333333333332
4 0.74267578125 0.3216145833333333 0.0244140625 0.03125
7 0.76611328125 0.3216145833333333 0.0244140625 0.020833333333333332
7 0.8271484375 0.3216145833333333 0.044921875 0.020833333333333332
0 0.86865234375 0.3216145833333333 0.1455078125 0.046875
7 0.88134765625 0.3216145833333333 0.0654296875 0.020833333333333332
2 0.2734375 0.3880208333333333 0.396484375 0.026041666666666668
0 0.2734375 0.5442708333333334 0.427734375 0.3697916666666667
2 0.2734375 0.4348958333333333 0.396484375 0.057291666666666664
7 0.43310546875 0.3880208333333333 0.0166015625 0.018229166666666668
7 0.45654296875 0.3880208333333333 0.0302734375 0.018229166666666668
6 0.2734375 0.5546875 0.427734375 0.171875
2 0.7265625 0.3880208333333333 0.396484375 0.026041666666666668
0 0.7265625 0.5442708333333334 0.427734375 0.3697916666666667
2 0.7265625 0.4348958333333333 0.396484375 0.057291666666666664
7 0.8896484375 0.3880208333333333 0.009765625 0.018229166666666668
7 0.90966796875 0.3880208333333333 0.0302734375 0.018229166666666668
6 0.7265625 0.5546875 0.427734375 0.171875
2 0.2734375 0.7916666666666666 0.396484375 0.026041666666666668
0 0.2734375 0.8815104166666666 0.427734375 0.23697916666666666
2 0.2734375 0.8385416666666666 0.396484375 0.057291666666666664
7 0.4365234375 0.7916666666666666 0.009765625 0.018229166666666668
7 0.45654296875 0.7916666666666666 0.0302734375 0.018229166666666668
6 0.2734375 0.9361979166666666 0.427734375 0.12760416666666666
2 0.7265625 0.7916666666666666 0.396484375 0.026041666666666668
0 0.7265625 0.8815104166666666 0.427734375 0.23697916666666666
2 0.7265625 0.8385416666666666 0.396484375 0.057291666666666664
7 0.88623046875 0.7916666666666666 0.0166015625 0.018229166666666668
7 0.90966796875 0.7916666666666666 0.0302734375 0.018229166666666668
6 0.7265625 0.9361979166666666 0.427734375 0.12760416666666666
4 0.0244140625 0.96875 0.0234375 0.03125
0 0.0244140625 0.9700520833333334 0.04296875 0.059895833333333336