4 0.0146484375 0.02734375 0.01953125 0.026041666666666668
0 0.0166015625 0.026041666666666668 0.0234375 0.0234375
7 0.15966796875 0.026041666666666668 0.2529296875 0.026041666666666668
4 0.80029296875 0.024739583333333332 0.0126953125 0.015625
0 0.81884765625 0.026041666666666668 0.1123046875 0.052083333333333336
7 0.828125 0.02734375 0.03125 0.015625
4 0.90478515625 0.026041666666666668 0.0126953125 0.015625
0 0.92919921875 0.026041666666666668 0.0693359375 0.020833333333333332
7 0.94189453125 0.026041666666666668 0.0361328125 0.020833333333333332
2 0.1123046875 0.09244791666666667 0.154296875 0.033854166666666664
0 0.1025390625 0.09505208333333333 0.173828125 0.0390625
0 0.3134765625 0.09505208333333333 0.14453125 0.0546875
7 0.421875 0.09440104166666667 0.044921875 0.022135416666666668
0 0.42919921875 0.09505208333333333 0.0888671875 0.078125
4 0.4541015625 0.095703125 0.013671875 0.016927083333333332
7 0.5322265625 0.09440104166666667 0.08984375 0.022135416666666668
0 0.53955078125 0.09505208333333333 0.1337890625 0.078125
4 0.5869140625 0.095703125 0.013671875 0.016927083333333332
7 0.65625 0.09440104166666667 0.072265625 0.022135416666666668
0 0.66357421875 0.09505208333333333 0.1162109375 0.078125
4 0.7021484375 0.095703125 0.013671875 0.016927083333333332
7 0.79296875 0.09440104166666667 0.115234375 0.022135416666666668
0 0.80029296875 0.09505208333333333 0.1591796875 0.078125
4 0.8603515625 0.095703125 0.013671875 0.016927083333333332
7 0.92431640625 0.09440104166666667 0.0615234375 0.022135416666666668
0 0.93115234375 0.09505208333333333 0.1044921875 0.078125
4 0.96435546875 0.095703125 0.0126953125 0.016927083333333332
4 0.08349609375 0.13606770833333334 0.1669921875 0.00390625
4 0.25 0.13606770833333334 0.16796875 0.00390625
4 0.4169921875 0.13606770833333334 0.16796875 0.00390625
4 0.58349609375 0.13606770833333334 0.1669921875 0.00390625
4 0.75 0.13606770833333334 0.16796875 0.00390625
4 0.91650390625 0.13606770833333334 0.1669921875 0.00390625
7 0.0615234375 0.169921875 0.0859375 0.032552083333333336
0 0.1767578125 0.23046875 0.31640625 0.0703125
0 0.1767578125 0.291015625 0.31640625 0.048177083333333336
0 0.1767578125 0.3515625 0.31640625 0.0703125
0 0.1767578125 0.4231770833333333 0.31640625 0.0703125
0 0.1767578125 0.4947916666666667 0.31640625 0.0703125
0 0.1767578125 0.5553385416666666 0.31640625 0.048177083333333336
0 0.1767578125 0.626953125 0.31640625 0.09244791666666667
0 0.1767578125 0.7096354166666666 0.31640625 0.0703125
0 0.1767578125 0.78125 0.31640625 0.0703125
4 0.5 0.4850260416666667 0.31640625 0.6627604166666666
0 0.5 0.4850260416666667 0.31640625 0.6627604166666666
2 0.5 0.7083333333333334 0.287109375 0.1640625
2 0.8232421875 0.19075520833333334 0.279296875 0.024739583333333332
7 0.76318359375 0.24674479166666666 0.1201171875 0.01953125
7 0.888671875 0.24674479166666666 0.05859375 0.01953125
7 0.73828125 0.2838541666666667 0.0703125 0.036458333333333336
4 0.78173828125 0.2825520833333333 0.0205078125 0.026041666666666668
7 0.87548828125 0.2819010416666667 0.0322265625 0.022135416666666668
4 0.89990234375 0.2727864583333333 0.0205078125 0.02734375
7 0.8232421875 0.35546875 0.265625 0.0390625
0 0.82373046875 0.4212239583333333 0.1806640625 0.061197916666666664
7 0.8232421875 0.5006510416666666 0.265625 0.045572916666666664
7 0.82373046875 0.5403645833333334 0.1923828125 0.0234375
4 0.8232421875 0.6380208333333334 0.265625 0.17447916666666666
4 0.13623046875 0.9134114583333334 0.2353515625 0.17317708333333334
0 0.13623046875 0.9134114583333334 0.2353515625 0.17317708333333334
4 0.37841796875 0.9134114583333334 0.2353515625 0.17317708333333334
0 0.37841796875 0.9134114583333334 0.2353515625 0.17317708333333334
4 0.62109375 0.9134114583333334 0.236328125 0.17317708333333334
0 0.62109375 0.9134114583333334 0.236328125 0.17317708333333334
4 0.86376953125 0.9134114583333334 0.2353515625 0.17317708333333334
0 0.86376953125 0.9134114583333334 0.2353515625 0.17317708333333334