7 0.1298828125 0.0390625 0.16015625 0.0234375
0 0.13671875 0.0390625 0.2421875 0.026041666666666668
1 0.4541015625 0.038411458333333336 0.03125 0.040364583333333336
1 0.5849609375 0.0390625 0.29296875 0.041666666666666664
7 0.9482421875 0.038411458333333336 0.041015625 0.024739583333333332
0 0.9482421875 0.0390625 0.072265625 0.041666666666666664
7 0 0.24739583333333334 0 0.3385416666666667
7 0.49951171875 0.24739583333333334 0.9990234375 0.3385416666666667
7 0.9990234375 0.24739583333333334 0.001953125 0.3385416666666667
7 0.5 0.177734375 1 0.061197916666666664
7 0.5 0.2513020833333333 1 0.036458333333333336
7 0.115234375 0.482421875 0.021484375 0.01953125
7 0.138671875 0.5169270833333334 0.04296875 0.0234375
0 0.21533203125 0.5169270833333334 0.2216796875 0.041666666666666664
7 0.11767578125 0.5930989583333334 0.0263671875 0.01953125
1 0.15234375 0.6328125 0.111328125 0.041666666666666664
7 0.1640625 0.6282552083333334 0.072265625 0.02734375
1 0.1611328125 0.6744791666666666 0.12890625 0.041666666666666664
7 0.1728515625 0.669921875 0.08984375 0.02734375
1 0.1591796875 0.7161458333333334 0.125 0.041666666666666664
7 0.1708984375 0.7115885416666666 0.0859375 0.02734375
1 0.14453125 0.7578125 0.095703125 0.041666666666666664
7 0.15625 0.7532552083333334 0.056640625 0.02734375
1 0.1435546875 0.7994791666666666 0.09375 0.041666666666666664
7 0.1552734375 0.794921875 0.0546875 0.02734375
1 0.1669921875 0.8411458333333334 0.140625 0.041666666666666664
7 0.1787109375 0.8365885416666666 0.1015625 0.02734375
1 0.16552734375 0.8828125 0.1376953125 0.041666666666666664
7 0.17724609375 0.8782552083333334 0.0986328125 0.02734375
1 0.14892578125 0.9244791666666666 0.1044921875 0.041666666666666664
7 0.16064453125 0.919921875 0.0654296875 0.02734375
1 0.20751953125 0.97265625 0.2216796875 0.0546875
7 0.21923828125 0.9739583333333334 0.1826171875 0.052083333333333336
4 0.38671875 0.51953125 0.041015625 0.0546875
6 0.47802734375 0.5078125 0.0810546875 0.03125
7 0.5673828125 0.537109375 0.259765625 0.024739583333333332
7 0.83544921875 0.5188802083333334 0.0322265625 0.024739583333333332
0 0.83544921875 0.51953125 0.0712890625 0.041666666666666664
4 0.38671875 0.6204427083333334 0.041015625 0.053385416666666664
6 0.47119140625 0.6087239583333334 0.0673828125 0.029947916666666668
7 0.5673828125 0.6380208333333334 0.259765625 0.0234375
7 0.83544921875 0.6197916666666666 0.0322265625 0.026041666666666668
0 0.83544921875 0.6204427083333334 0.0712890625 0.04296875
4 0.38671875 0.7220052083333334 0.041015625 0.053385416666666664
6 0.4658203125 0.7102864583333334 0.056640625 0.029947916666666668
7 0.5673828125 0.7395833333333334 0.259765625 0.0234375
7 0.83544921875 0.7213541666666666 0.0322265625 0.026041666666666668
0 0.83544921875 0.7220052083333334 0.0712890625 0.04296875
4 0.38720703125 0.8235677083333334 0.0419921875 0.053385416666666664
6 0.4814453125 0.8118489583333334 0.087890625 0.029947916666666668
7 0.5673828125 0.8411458333333334 0.259765625 0.0234375
7 0.83544921875 0.8229166666666666 0.0322265625 0.026041666666666668
0 0.83544921875 0.8235677083333334 0.0712890625 0.04296875
4 0.38671875 0.9251302083333334 0.041015625 0.053385416666666664
6 0.47607421875 0.9134114583333334 0.0771484375 0.029947916666666668
7 0.5673828125 0.9427083333333334 0.259765625 0.0234375
7 0.83544921875 0.9244791666666666 0.0322265625 0.026041666666666668
0 0.83544921875 0.9251302083333334 0.0712890625 0.04296875
4 0.38671875 1 0.041015625 0
6 0.4853515625 1 0.095703125 0