6 0.5 0.015625 0.314453125 0.026041666666666668
4 0.11572265625 0.0703125 0.2021484375 0.0390625
0 0.11572265625 0.07161458333333333 0.2021484375 0.041666666666666664
7 0.2822265625 0.07161458333333333 0.04296875 0.028645833333333332
4 0.31298828125 0.07161458333333333 0.0107421875 0.013020833333333334
7 0.37841796875 0.07161458333333333 0.0634765625 0.028645833333333332
4 0.41943359375 0.07161458333333333 0.0107421875 0.013020833333333334
7 0.48388671875 0.07161458333333333 0.0615234375 0.028645833333333332
4 0.52392578125 0.07161458333333333 0.0107421875 0.013020833333333334
7 0.5849609375 0.07161458333333333 0.0546875 0.028645833333333332
4 0.62158203125 0.07161458333333333 0.0107421875 0.013020833333333334
7 0.703125 0.07161458333333333 0.095703125 0.028645833333333332
4 0.76025390625 0.07161458333333333 0.0107421875 0.013020833333333334
4 0.8720703125 0.07486979166666667 0.048828125 0.029947916666666668
4 0.9208984375 0.07161458333333333 0.029296875 0.033854166666666664
4 0.97021484375 0.07356770833333333 0.0205078125 0.00390625
0 0.05322265625 0.13020833333333334 0.0673828125 0.026041666666666668
0 0.14013671875 0.13020833333333334 0.0888671875 0.026041666666666668
0 0.22509765625 0.13020833333333334 0.0634765625 0.026041666666666668
0 0.296875 0.13020833333333334 0.0625 0.026041666666666668
0 0.38037109375 0.13020833333333334 0.0869140625 0.026041666666666668
0 0.49072265625 0.13020833333333334 0.1162109375 0.026041666666666668
0 0.59765625 0.13020833333333334 0.080078125 0.026041666666666668
0 0.67724609375 0.13020833333333334 0.0615234375 0.026041666666666668
0 0.7666015625 0.13020833333333334 0.099609375 0.026041666666666668
0 0.865234375 0.13020833333333334 0.080078125 0.026041666666666668
0 0.95703125 0.13020833333333334 0.0859375 0.026041666666666668
3 0.5 0.3255208333333333 0.947265625 0.3255208333333333
1 0.49951171875 0.595703125 0.7041015625 0.05859375
4 0.7978515625 0.6575520833333334 0.107421875 0.020833333333333332
2 0.33349609375 0.7194010416666666 0.5478515625 0.03515625
6 0.125 0.7649739583333334 0.130859375 0.029947916666666668
6 0.23486328125 0.7649739583333334 0.0771484375 0.029947916666666668
6 0.38916015625 0.7649739583333334 0.1123046875 0.029947916666666668
6 0.53857421875 0.7649739583333334 0.1376953125 0.029947916666666668
6 0.12451171875 0.8098958333333334 0.1298828125 0.059895833333333336
6 0.251953125 0.794921875 0.111328125 0.029947916666666668
6 0.36572265625 0.794921875 0.0654296875 0.029947916666666668
6 0.521484375 0.794921875 0.103515625 0.029947916666666668
4 0.11083984375 0.9505208333333334 0.0556640625 0.09895833333333333
0 0.11083984375 0.9459635416666666 0.1416015625 0.10807291666666667
4 0.25927734375 0.9505208333333334 0.0556640625 0.09895833333333333
0 0.25927734375 0.9459635416666666 0.1416015625 0.10807291666666667
4 0.40771484375 0.9505208333333334 0.0595703125 0.09895833333333333
0 0.40771484375 0.9459635416666666 0.1416015625 0.10807291666666667
4 0.55615234375 0.9505208333333334 0.0576171875 0.09895833333333333
0 0.55615234375 0.9459635416666666 0.1416015625 0.10807291666666667
4 0.80712890625 0.75390625 0.2939453125 0.13020833333333334
0 0.80712890625 0.8619791666666666 0.3232421875 0.033854166666666664
3 0.80712890625 0.955078125 0.2939453125 0.08984375
7 0.5 0.94140625 0.7109375 0.1171875