4 0.09033203125 0.042317708333333336 0.1416015625 0.048177083333333336
0 0.09033203125 0.041666666666666664 0.1416015625 0.08333333333333333
0 0.22021484375 0.041666666666666664 0.0869140625 0.08333333333333333
0 0.3408203125 0.041666666666666664 0.0859375 0.08333333333333333
6 0.55078125 0.041015625 0.04296875 0.024739583333333332
6 0.63427734375 0.041015625 0.0537109375 0.024739583333333332
0 0.7587890625 0.041666666666666664 0.125 0.049479166666666664
7 0.90673828125 0.029947916666666668 0.1474609375 0.020833333333333332
7 0.90673828125 0.052734375 0.1474609375 0.02734375
7 0.71630859375 0.826171875 0.0341796875 0.024739583333333332
7 0.79931640625 0.826171875 0.1318359375 0.024739583333333332
7 0.8818359375 0.826171875 0.033203125 0.024739583333333332
7 0.94921875 0.8268229166666666 0.0703125 0.09375
2 0.25390625 0.384765625 0.4921875 0.12369791666666667
7 0.25390625 0.5032552083333334 0.4921875 0.07421875
0 0.0888671875 0.6178385416666666 0.162109375 0.07421875
0 0.27099609375 0.6178385416666666 0.1708984375 0.07421875
7 0.0546875 0.9576822916666666 0.09375 0.037760416666666664
4 0.19287109375 0.9576822916666666 0.1357421875 0.04296875
4 0.3125 0.9576822916666666 0.05859375 0.04296875
4 0.4189453125 0.9576822916666666 0.109375 0.04296875
4 0.51904296875 0.9576822916666666 0.0458984375 0.04296875
4 0.6396484375 0.9576822916666666 0.12890625 0.04296875
4 0.791015625 0.9576822916666666 0.09765625 0.04296875
4 0.89990234375 0.9576822916666666 0.0439453125 0.04296875
4 0.9755859375 0.9576822916666666 0.033203125 0.04296875