0 0.0712890625 0.046875 0.080078125 0.036458333333333336
0 0.28125 0.05078125 0.095703125 0.013020833333333334
0 0.37255859375 0.05078125 0.0517578125 0.013020833333333334
0 0.44189453125 0.05078125 0.0517578125 0.013020833333333334
0 0.51611328125 0.05078125 0.0615234375 0.013020833333333334
0 0.5986328125 0.05078125 0.068359375 0.013020833333333334
7 0.68896484375 0.052083333333333336 0.0322265625 0.013020833333333334
0 0.68212890625 0.052083333333333336 0.0673828125 0.049479166666666664
7 0.7763671875 0.051432291666666664 0.095703125 0.048177083333333336
0 0.7763671875 0.051432291666666664 0.09765625 0.048177083333333336
7 0.90283203125 0.051432291666666664 0.1318359375 0.048177083333333336
0 0.90283203125 0.051432291666666664 0.1318359375 0.048177083333333336
2 0.5 0.3059895833333333 0.9609375 0.1953125
2 0.5 0.44921875 0.9609375 0.0390625
7 0.1533203125 0.5651041666666666 0.216796875 0.0859375
1 0.1533203125 0.6451822916666666 0.20703125 0.06901041666666667
1 0.38037109375 0.6451822916666666 0.2060546875 0.06901041666666667
7 0.5546875 0.64453125 0.060546875 0.0234375
0 0.607421875 0.64453125 0.205078125 0.06770833333333333
4 0.68505859375 0.64453125 0.0107421875 0.0078125
7 0.84033203125 0.64453125 0.2197265625 0.0703125
0 0.84033203125 0.64453125 0.2197265625 0.0703125
4 0.9248046875 0.64453125 0.0078125 0.015625
7 0.46142578125 0.6979166666666666 0.1396484375 0.018229166666666668
6 0.56884765625 0.697265625 0.0751953125 0.016927083333333332
7 0.04736328125 0.7682291666666666 0.0517578125 0.052083333333333336
7 0.16552734375 0.7682291666666666 0.1826171875 0.052083333333333336
7 0.28662109375 0.7682291666666666 0.0576171875 0.052083333333333336
7 0.39013671875 0.7682291666666666 0.1474609375 0.052083333333333336
7 0.49609375 0.7682291666666666 0.0625 0.052083333333333336
7 0.587890625 0.7682291666666666 0.119140625 0.052083333333333336
7 0.70751953125 0.7682291666666666 0.1181640625 0.052083333333333336
7 0.80322265625 0.7682291666666666 0.0712890625 0.052083333333333336
7 0.9091796875 0.7682291666666666 0.138671875 0.052083333333333336
7 0.5 0.94921875 0.890625 0.1015625