0 0.5 0.0032552083333333335 1 0.006510416666666667
4 0.28076171875 0.09309895833333333 0.4541015625 0.11328125
6 0.6318359375 0.050130208333333336 0.041015625 0.01953125
6 0.7099609375 0.050130208333333336 0.083984375 0.01953125
6 0.80322265625 0.050130208333333336 0.0732421875 0.01953125
6 0.8974609375 0.050130208333333336 0.083984375 0.01953125
1 0.810546875 0.10807291666666667 0.201171875 0.026041666666666668
1 0.923828125 0.10872395833333333 0.01953125 0.024739583333333332
0 0.1064453125 0.203125 0.11328125 0.03125
0 0.26025390625 0.203125 0.1162109375 0.03125
0 0.4111328125 0.203125 0.107421875 0.03125
0 0.52978515625 0.203125 0.0517578125 0.03125
0 0.6455078125 0.203125 0.1015625 0.03125
0 0.80078125 0.203125 0.130859375 0.03125
2 0.7529296875 0.2975260416666667 0.380859375 0.02734375
0 0.7080078125 0.3580729166666667 0.265625 0.0546875
0 0.68359375 0.4192708333333333 0.216796875 0.0546875
0 0.7099609375 0.48046875 0.26953125 0.0546875
0 0.6953125 0.5416666666666666 0.240234375 0.0546875
0 0.68505859375 0.6028645833333334 0.2197265625 0.0546875
0 0.68896484375 0.6640625 0.2275390625 0.0546875
4 0.30224609375 0.4856770833333333 0.4833984375 0.4036458333333333
0 0.30224609375 0.4856770833333333 0.4833984375 0.4036458333333333
2 0.30224609375 0.595703125 0.4248046875 0.03515625
0 0.30224609375 0.5911458333333334 0.4248046875 0.049479166666666664
2 0.30224609375 0.6295572916666666 0.4248046875 0.029947916666666668
0 0.09619140625 0.6588541666666666 0.0126953125 0.018229166666666668
0 0.11376953125 0.6588541666666666 0.0126953125 0.018229166666666668
0 0.13134765625 0.6588541666666666 0.0126953125 0.018229166666666668
0 0.14892578125 0.6588541666666666 0.0126953125 0.018229166666666668
4 0.09130859375 0.798828125 0.0439453125 0.05078125
0 0.20849609375 0.81640625 0.1728515625 0.026041666666666668
4 0.5029296875 0.798828125 0.044921875 0.05078125
0 0.650390625 0.81640625 0.234375 0.026041666666666668
2 0.29931640625 0.8932291666666666 0.4990234375 0.028645833333333332
2 0.298828125 0.95703125 0.498046875 0.041666666666666664
7 0.0830078125 0.9928385416666666 0.06640625 0.014322916666666666
6 0.51220703125 0.89453125 0.0732421875 0.020833333333333332
2 0.76318359375 0.8932291666666666 0.3525390625 0.028645833333333332
6 0.92138671875 0.89453125 0.0380859375 0.020833333333333332
0 0.69970703125 0.9557291666666666 0.2255859375 0.0390625
0 0.7119140625 0.9986979166666666 0.25 0.0026041666666666665