2 0.08056640625 0.045572916666666664 0.1318359375 0.06510416666666667
7 0.986328125 0.051432291666666664 0.02734375 0.10286458333333333
0 0.9814453125 0.05859375 0.017578125 0.09114583333333333
4 0 0.3971354166666667 0 0.6119791666666666
0 0 0.3971354166666667 0 0.6119791666666666
4 0.5 0.3971354166666667 1 0.6119791666666666
0 0.5 0.3971354166666667 1 0.6119791666666666
4 1 0.3971354166666667 0 0.6119791666666666
0 1 0.3971354166666667 0 0.6119791666666666
0 0.0390625 0.6380208333333334 0.0390625 0.052083333333333336
0 0.09765625 0.6380208333333334 0.0390625 0.052083333333333336
4 0.5 0.8515625 1 0.296875
7 0.5 0.8697916666666666 0.078125 0.028645833333333332
2 0.5 0.9127604166666666 0.126953125 0.0234375
2 0.5 0.9388020833333334 0.04296875 0.0234375
0 0.50048828125 0.9765625 0.1123046875 0.0234375
2 0.5 0.451171875 0.9609375 0.6940104166666666
4 0.11572265625 0.921875 0.1826171875 0.15625
0 0.11572265625 0.921875 0.1826171875 0.15625
6 0.041015625 0.8815104166666666 0.04296875 0.07552083333333333
4 0.30810546875 0.921875 0.1826171875 0.15625
0 0.30810546875 0.921875 0.1826171875 0.15625
6 0.2333984375 0.8815104166666666 0.04296875 0.07552083333333333
4 0.50048828125 0.921875 0.1826171875 0.15625
0 0.50048828125 0.921875 0.1826171875 0.15625
6 0.42578125 0.8815104166666666 0.04296875 0.07552083333333333
4 0.69287109375 0.921875 0.1826171875 0.15625
0 0.69287109375 0.921875 0.1826171875 0.15625
6 0.6181640625 0.8815104166666666 0.04296875 0.07552083333333333
4 0.88525390625 0.921875 0.1826171875 0.15625
0 0.88525390625 0.921875 0.1826171875 0.15625
6 0.810546875 0.8815104166666666 0.04296875 0.07552083333333333
4 0.9931640625 0.921875 0.013671875 0.15625
0 0.9931640625 0.921875 0.013671875 0.15625
6 0.99072265625 0.8815104166666666 0.0185546875 0.07552083333333333
7 0.28955078125 0.953125 0.5498046875 0.036458333333333336
0 0.619140625 0.9544270833333334 0.08203125 0.020833333333333332
0 0.5 0.9967447916666666 0.08203125 0.006510416666666667