4 0.099609375 0.034505208333333336 0.107421875 0.029947916666666668
0 0.099609375 0.032552083333333336 0.107421875 0.06510416666666667
0 0.23388671875 0.032552083333333336 0.1318359375 0.06510416666666667
0 0.35888671875 0.032552083333333336 0.1181640625 0.06510416666666667
0 0.46875 0.032552083333333336 0.1015625 0.06510416666666667
0 0.5625 0.032552083333333336 0.0859375 0.06510416666666667
0 0.64013671875 0.032552083333333336 0.0693359375 0.06510416666666667
0 0.8525390625 0.032552083333333336 0.103515625 0.0390625
4 0.931640625 0.033203125 0.015625 0.022135416666666668
0 0.931640625 0.032552083333333336 0.044921875 0.06510416666666667
7 0.48681640625 0.177734375 0.7646484375 0.061197916666666664
0 0.65087890625 0.19596354166666666 0.0830078125 0.032552083333333336
7 0.6943359375 0.1953125 0.00390625 0.026041666666666668
2 0.5 0.5559895833333334 0.791015625 0.21614583333333334
7 0.69775390625 0.7233072916666666 0.3955078125 0.040364583333333336
7 0.69775390625 0.857421875 0.3955078125 0.17578125
7 0.55126953125 0.9908854166666666 0.0771484375 0.018229166666666668
0 0.55126953125 0.9856770833333334 0.1025390625 0.028645833333333332
7 0.45361328125 0.9427083333333334 0.8759765625 0.08854166666666667
6 0.1875 0.9739583333333334 0.1328125 0.026041666666666668
0 0.95556640625 0.92578125 0.0576171875 0.0390625