4 0.21875 0.89453125 0.044921875 0.059895833333333336
2 0.53515625 0.875 0.5390625 0.020833333333333332
7 0.28857421875 0.90234375 0.0458984375 0.018229166666666668
7 0.33642578125 0.90234375 0.0498046875 0.018229166666666668
7 0.39208984375 0.90234375 0.0634765625 0.018229166666666668
6 0.47314453125 0.90234375 0.1005859375 0.018229166666666668
7 0.66064453125 0.90234375 0.2763671875 0.018229166666666668
0 0.318359375 0.9680989583333334 0.103515625 0.02734375
0 0.77197265625 0.9680989583333334 0.0673828125 0.02734375
4 0.142578125 0.057942708333333336 0.23828125 0.048177083333333336
0 0.142578125 0.057942708333333336 0.23828125 0.048177083333333336
7 0.689453125 0.057291666666666664 0.052734375 0.026041666666666668
4 0.7265625 0.056640625 0.01171875 0.016927083333333332
0 0.78369140625 0.057942708333333336 0.0498046875 0.037760416666666664
0 0.9033203125 0.057942708333333336 0.146484375 0.053385416666666664
4 0.5 0.3763020833333333 1 0.7526041666666666
2 0.5 0.24739583333333334 0.59765625 0.0546875
4 0.5 0.337890625 0.048828125 0.06640625
0 0.5 0.337890625 0.048828125 0.06640625
7 0.5 0.4134114583333333 0.59765625 0.024739583333333332
7 0.5 0.4453125 0.59765625 0.028645833333333332
4 0.8583984375 0.7200520833333334 0.220703125 0.4973958333333333
4 0.8583984375 0.71875 0.16015625 0.375
2 0.32421875 0.6868489583333334 0.5859375 0.04296875
7 0.3896484375 0.75390625 0.716796875 0.046875
4 0.12060546875 0.8346354166666666 0.1318359375 0.052083333333333336
4 0.26025390625 0.8346354166666666 0.1318359375 0.052083333333333336
2 0.5 0.9817708333333334 0.9375 0.036458333333333336