4 0.5 0.2838541666666667 0.283203125 0.4635416666666667
2 0.5 0.5729166666666666 0.95703125 0.052083333333333336
7 0.47802734375 0.6458333333333334 0.0517578125 0.0234375
7 0.525390625 0.6458333333333334 0.04296875 0.0234375
0 0.37939453125 0.7259114583333334 0.2177734375 0.061197916666666664
0 0.62060546875 0.7259114583333334 0.2177734375 0.061197916666666664
0 0.37939453125 0.8118489583333334 0.2177734375 0.061197916666666664
0 0.62060546875 0.8118489583333334 0.2177734375 0.061197916666666664
0 0.37939453125 0.8977864583333334 0.2177734375 0.061197916666666664
0 0.62060546875 0.8977864583333334 0.2177734375 0.061197916666666664
7 0.3134765625 0.9895833333333334 0.052734375 0.020833333333333332
6 0.37939453125 0.9895833333333334 0.0830078125 0.020833333333333332
7 0.4248046875 0.9895833333333334 0.0078125 0.020833333333333332
6 0.470703125 0.9895833333333334 0.0859375 0.020833333333333332
7 0.54443359375 0.9895833333333334 0.0634765625 0.020833333333333332
6 0.64453125 0.9895833333333334 0.138671875 0.020833333333333332