4 0.0712890625 0.026692708333333332 0.025390625 0.02734375
7 0.1083984375 0.025390625 0.05078125 0.024739583333333332
7 0.2138671875 0.025390625 0.099609375 0.024739583333333332
7 0.318359375 0.025390625 0.046875 0.024739583333333332
7 0.40380859375 0.025390625 0.0595703125 0.024739583333333332
7 0.48681640625 0.025390625 0.0458984375 0.024739583333333332
7 0.5966796875 0.025390625 0.109375 0.024739583333333332
7 0.728515625 0.025390625 0.09375 0.024739583333333332
7 0.84130859375 0.025390625 0.0693359375 0.024739583333333332
4 0.88916015625 0.026692708333333332 0.0166015625 0.022135416666666668
4 0.91064453125 0.026692708333333332 0.0166015625 0.022135416666666668
4 0.33447265625 0.24544270833333334 0.1962890625 0.19661458333333334
2 0.59033203125 0.2526041666666667 0.2861328125 0.3307291666666667
7 0.5 0.44140625 0.373046875 0.052083333333333336
7 0.5 0.50390625 0.373046875 0.07552083333333333
7 0.39990234375 0.5690104166666666 0.0947265625 0.046875
7 0.47314453125 0.5690104166666666 0.0537109375 0.046875
7 0.609375 0.5690104166666666 0.154296875 0.057291666666666664
0 0.51318359375 0.541015625 0.0009765625 0.0013020833333333333
2 0.27490234375 0.724609375 0.4130859375 0.11328125
7 0.27490234375 0.8430989583333334 0.4130859375 0.07421875
7 0.27490234375 0.9401041666666666 0.4130859375 0.109375
6 0.3330078125 0.9765625 0.1171875 0.036458333333333336
7 0.26904296875 0.9791666666666666 0.4013671875 0.041666666666666664
6 0.21533203125 0.9973958333333334 0.1064453125 0.005208333333333333
7 0.2900390625 0.9973958333333334 0.044921875 0.005208333333333333
6 0.35498046875 0.9973958333333334 0.0869140625 0.005208333333333333
7 0.255859375 0.9973958333333334 0.375 0.005208333333333333
2 0.6025390625 0.6959635416666666 0.16796875 0.040364583333333336
7 0.5419921875 0.7682291666666666 0.046875 0.036458333333333336
7 0.6416015625 0.7682291666666666 0.154296875 0.036458333333333336
7 0.72509765625 0.8020833333333334 0.4130859375 0.03125
7 0.5419921875 0.859375 0.046875 0.036458333333333336
7 0.5869140625 0.859375 0.044921875 0.036458333333333336
7 0.6328125 0.859375 0.048828125 0.036458333333333336
7 0.69140625 0.859375 0.0703125 0.036458333333333336
7 0.72509765625 0.8932291666666666 0.4130859375 0.03125
7 0.5419921875 0.9505208333333334 0.046875 0.036458333333333336
7 0.6416015625 0.9505208333333334 0.154296875 0.036458333333333336
7 0.72509765625 0.984375 0.4130859375 0.03125