0 0.0078125 0.03125 0.015625 0.0625
1 0.28271484375 0.04296875 0.2939453125 0.036458333333333336
0 0.4716796875 0.04296875 0.0546875 0.028645833333333332
0 0.5634765625 0.04296875 0.099609375 0.028645833333333332
0 0.8740234375 0.04296875 0.048828125 0.03125
0 0.94873046875 0.04296875 0.0712890625 0.044270833333333336
7 0.5 0.13411458333333334 0.95703125 0.044270833333333336
2 0.10205078125 0.19596354166666666 0.1142578125 0.02734375
7 0.8466796875 0.1953125 0.025390625 0.018229166666666668
0 0.90087890625 0.1953125 0.1552734375 0.036458333333333336
7 0.90966796875 0.1953125 0.0947265625 0.018229166666666668
7 0.07373046875 0.2604166666666667 0.0498046875 0.020833333333333332
0 0.068359375 0.2604166666666667 0.09375 0.052083333333333336
7 0.16357421875 0.2604166666666667 0.0478515625 0.020833333333333332
0 0.158203125 0.2604166666666667 0.087890625 0.052083333333333336
7 0.25537109375 0.2604166666666667 0.0498046875 0.020833333333333332
0 0.24853515625 0.2604166666666667 0.0947265625 0.052083333333333336
7 0.7138671875 0.3294270833333333 0.03125 0.018229166666666668
7 0.7783203125 0.3294270833333333 0.04296875 0.018229166666666668
7 0.86962890625 0.3294270833333333 0.0732421875 0.018229166666666668
7 0.95751953125 0.3294270833333333 0.0419921875 0.018229166666666668
4 0.0361328125 0.3424479166666667 0.029296875 0.0390625
0 0.0361328125 0.3463541666666667 0.029296875 0.046875
6 0.080078125 0.3307291666666667 0.052734375 0.020833333333333332
7 0.11181640625 0.3307291666666667 0.0126953125 0.020833333333333332
6 0.14453125 0.3307291666666667 0.0546875 0.020833333333333332
7 0.07470703125 0.35546875 0.0419921875 0.015625
7 0.13427734375 0.35546875 0.0771484375 0.015625
7 0.10205078125 0.4388020833333333 0.0419921875 0.018229166666666668
7 0.24658203125 0.4388020833333333 0.2333984375 0.018229166666666668
7 0.3662109375 0.4388020833333333 0.0078125 0.018229166666666668
7 0.10205078125 0.46484375 0.0419921875 0.018229166666666668
7 0.1728515625 0.46484375 0.0859375 0.018229166666666668
7 0.2177734375 0.46484375 0.0078125 0.018229166666666668
7 0.09521484375 0.4908854166666667 0.0283203125 0.018229166666666668
7 0.130859375 0.4908854166666667 0.029296875 0.018229166666666668
7 0.158203125 0.4908854166666667 0.029296875 0.018229166666666668
7 0.11669921875 0.5169270833333334 0.0439453125 0.018229166666666668
7 0.1474609375 0.5169270833333334 0.021484375 0.018229166666666668
7 0.162109375 0.5169270833333334 0.0078125 0.018229166666666668
7 0.193359375 0.5169270833333334 0.04296875 0.018229166666666668
7 0.224609375 0.5169270833333334 0.021484375 0.018229166666666668
7 0.09521484375 0.54296875 0.0283203125 0.018229166666666668
7 0.123046875 0.54296875 0.029296875 0.018229166666666668
7 0.1474609375 0.54296875 0.021484375 0.018229166666666668
7 0.5244140625 0.5950520833333334 0.90625 0.026041666666666668
7 0.0986328125 0.6471354166666666 0.03515625 0.018229166666666668
7 0.14453125 0.6471354166666666 0.04296875 0.018229166666666668
7 0.1728515625 0.6471354166666666 0.015625 0.018229166666666668
7 0.7138671875 0.73046875 0.03125 0.018229166666666668
7 0.7783203125 0.73046875 0.04296875 0.018229166666666668
7 0.86962890625 0.73046875 0.0732421875 0.018229166666666668
7 0.95751953125 0.73046875 0.0419921875 0.018229166666666668
4 0.0361328125 0.7434895833333334 0.029296875 0.0390625
0 0.0361328125 0.7473958333333334 0.029296875 0.046875
6 0.0751953125 0.7317708333333334 0.04296875 0.020833333333333332
7 0.1015625 0.7317708333333334 0.01171875 0.020833333333333332
6 0.17138671875 0.7317708333333334 0.1279296875 0.020833333333333332
7 0.07470703125 0.7565104166666666 0.0419921875 0.015625
7 0.13427734375 0.7565104166666666 0.0771484375 0.015625
7 0.22705078125 0.78125 0.3466796875 0.018229166666666668
7 0.087890625 0.8372395833333334 0.013671875 0.018229166666666668
7 0.1201171875 0.8372395833333334 0.05078125 0.018229166666666668
7 0.09521484375 0.8893229166666666 0.0283203125 0.018229166666666668
7 0.18603515625 0.8893229166666666 0.1552734375 0.018229166666666668
7 0.271484375 0.8893229166666666 0.015625 0.018229166666666668
7 0.33056640625 0.8893229166666666 0.1064453125 0.018229166666666668
7 0.39013671875 0.8893229166666666 0.0146484375 0.018229166666666668
7 0.4365234375 0.8893229166666666 0.078125 0.018229166666666668
7 0.47900390625 0.8893229166666666 0.0087890625 0.018229166666666668
7 0.5029296875 0.8893229166666666 0.04296875 0.018229166666666668
7 0.52734375 0.8893229166666666 0.0078125 0.018229166666666668
7 0.5625 0.8893229166666666 0.064453125 0.018229166666666668
7 0.59765625 0.8893229166666666 0.0078125 0.018229166666666668
7 0.6123046875 0.8893229166666666 0.0078125 0.018229166666666668
7 0.64404296875 0.8893229166666666 0.0576171875 0.018229166666666668
7 0.6748046875 0.8893229166666666 0.0078125 0.018229166666666668
7 0.798828125 0.8893229166666666 0.240234375 0.018229166666666668
7 0.921875 0.8893229166666666 0.0078125 0.018229166666666668
7 0.9287109375 0.8893229166666666 0.0078125 0.018229166666666668
7 0.7138671875 0.97265625 0.03125 0.018229166666666668
7 0.7783203125 0.97265625 0.04296875 0.018229166666666668
7 0.86962890625 0.97265625 0.0732421875 0.018229166666666668
7 0.95751953125 0.97265625 0.0419921875 0.018229166666666668
4 0.0361328125 0.9830729166666666 0.029296875 0.033854166666666664
0 0.0361328125 0.9830729166666666 0.029296875 0.033854166666666664
6 0.0869140625 0.9739583333333334 0.06640625 0.020833333333333332
7 0.125 0.9739583333333334 0.01171875 0.020833333333333332
6 0.20849609375 0.9739583333333334 0.1552734375 0.020833333333333332
7 0.07470703125 0.9954427083333334 0.0419921875 0.009114583333333334
7 0.12744140625 0.9954427083333334 0.0634765625 0.009114583333333334