4 0.0947265625 0.048177083333333336 0.107421875 0.059895833333333336
7 0.34912109375 0.049479166666666664 0.3818359375 0.03125
1 0.830078125 0.053385416666666664 0.255859375 0.028645833333333332
7 0.06884765625 0.13802083333333334 0.0556640625 0.026041666666666668
6 0.1689453125 0.13802083333333334 0.146484375 0.026041666666666668
7 0.3056640625 0.171875 0.529296875 0.09375
7 0.0625 0.267578125 0.04296875 0.02734375
6 0.12890625 0.267578125 0.08984375 0.02734375
7 0.20947265625 0.267578125 0.0751953125 0.02734375
6 0.40625 0.267578125 0.3203125 0.02734375
7 0.310546875 0.3014322916666667 0.5390625 0.09505208333333333
6 0.20849609375 0.3352864583333333 0.1552734375 0.02734375
7 0.33056640625 0.3352864583333333 0.0908203125 0.02734375
6 0.42236328125 0.3352864583333333 0.0927734375 0.02734375
7 0.486328125 0.3352864583333333 0.0390625 0.02734375
6 0.30322265625 0.3522135416666667 0.5244140625 0.061197916666666664
7 0.11865234375 0.369140625 0.0048828125 0.02734375
4 0.79833984375 0.2897135416666667 0.3798828125 0.3268229166666667
4 0.0771484375 0.5950520833333334 0.072265625 0.09635416666666667
0 0.177734375 0.6028645833333334 0.2734375 0.11197916666666667
2 0.2216796875 0.568359375 0.185546875 0.04296875
6 0.2216796875 0.6119791666666666 0.185546875 0.044270833333333336
4 0.3798828125 0.5950520833333334 0.072265625 0.09635416666666667
0 0.48046875 0.6028645833333334 0.2734375 0.11197916666666667
2 0.5244140625 0.568359375 0.185546875 0.04296875
6 0.5244140625 0.623046875 0.185546875 0.06640625
4 0.0771484375 0.7591145833333334 0.072265625 0.09635416666666667
0 0.177734375 0.7669270833333334 0.2734375 0.11197916666666667
2 0.2216796875 0.732421875 0.185546875 0.04296875
6 0.2216796875 0.7760416666666666 0.185546875 0.044270833333333336
4 0.3798828125 0.7591145833333334 0.072265625 0.09635416666666667
0 0.48046875 0.7669270833333334 0.2734375 0.11197916666666667
2 0.5244140625 0.732421875 0.185546875 0.04296875
6 0.5244140625 0.787109375 0.185546875 0.06640625
4 0.068359375 0.9244791666666666 0.0546875 0.09635416666666667
6 0.13671875 0.9108072916666666 0.04296875 0.01953125
7 0.291015625 0.9108072916666666 0.265625 0.01953125
6 0.47607421875 0.9108072916666666 0.1064453125 0.01953125
7 0.3515625 0.9251302083333334 0.47265625 0.048177083333333336
6 0.2900390625 0.939453125 0.07421875 0.01953125
7 0.328125 0.939453125 0.00390625 0.01953125
2 0.83740234375 0.5885416666666666 0.2666015625 0.028645833333333332
7 0.83740234375 0.6171875 0.2666015625 0.028645833333333332
6 0.7373046875 0.6536458333333334 0.06640625 0.018229166666666668
7 0.80517578125 0.6536458333333334 0.0634765625 0.018229166666666668
0 0.814453125 0.703125 0.220703125 0.044270833333333336
0 0.7265625 0.8984375 0.099609375 0.0390625
0 0.876953125 0.8984375 0.078125 0.0390625
0 0.72216796875 0.9557291666666666 0.0908203125 0.0390625
0 0.8896484375 0.9557291666666666 0.103515625 0.0390625