4 0.07470703125 0.033854166666666664 0.1181640625 0.03125
2 0.228515625 0.037109375 0.076171875 0.037760416666666664
2 0.2861328125 0.033854166666666664 0.0234375 0.03125
2 0.421875 0.037109375 0.111328125 0.037760416666666664
2 0.4970703125 0.033854166666666664 0.0234375 0.03125
0 0.8056640625 0.033854166666666664 0.080078125 0.0390625
6 0.9482421875 0.033203125 0.087890625 0.022135416666666668
2 0.5 0.18489583333333334 0.412109375 0.1484375
7 0.3388671875 0.2916666666666667 0.201171875 0.0234375
0 0.48095703125 0.2923177083333333 0.0830078125 0.024739583333333332
7 0.537109375 0.2916666666666667 0.029296875 0.0234375
0 0.5966796875 0.2923177083333333 0.08984375 0.024739583333333332
7 0.64306640625 0.2916666666666667 0.0029296875 0.0234375
4 0.2578125 0.33984375 0.0234375 0.03125
0 0.365234375 0.33984375 0.25390625 0.052083333333333336
7 0.3701171875 0.33984375 0.19140625 0.020833333333333332
3 0.365234375 0.33984375 0.25390625 0.052083333333333336
4 0.533203125 0.33984375 0.01953125 0.026041666666666668
7 0.6328125 0.33984375 0.1875 0.020833333333333332
0 0.634765625 0.33984375 0.25390625 0.052083333333333336
7 0.5 0.40625 0.029296875 0.026041666666666668
7 0.337890625 0.4615885416666667 0.17578125 0.024739583333333332
1 0.5 0.4635416666666667 0.5234375 0.0625
4 0.73828125 0.4635416666666667 0.0234375 0.03125
7 0.283203125 0.5358072916666666 0.06640625 0.024739583333333332
1 0.5 0.5377604166666666 0.5234375 0.0625
4 0.73828125 0.5377604166666666 0.0234375 0.03125
0 0.5 0.6158854166666666 0.171875 0.052083333333333336
7 0.439453125 0.6783854166666666 0.1015625 0.0234375
0 0.55078125 0.6790364583333334 0.12109375 0.024739583333333332
6 0.23046875 0.8033854166666666 0.111328125 0.028645833333333332
0 0.5 0.8040364583333334 1 0.061197916666666664
7 0.4775390625 0.802734375 0.369140625 0.022135416666666668
6 0.7431640625 0.802734375 0.1640625 0.022135416666666668
2 0.5 0.90625 0.953125 0.0390625
4 0.142578125 0.9733072916666666 0.0625 0.053385416666666664
4 0.380859375 0.9733072916666666 0.0625 0.053385416666666664
4 0.619140625 0.9733072916666666 0.0625 0.053385416666666664
4 0.857421875 0.9733072916666666 0.0625 0.053385416666666664