7 0.11181640625 0.026041666666666668 0.1103515625 0.026041666666666668
7 0.271484375 0.026041666666666668 0.130859375 0.015625
7 0.431640625 0.026041666666666668 0.095703125 0.015625
4 0.1435546875 0.11783854166666667 0.162109375 0.045572916666666664
0 0.1435546875 0.11783854166666667 0.162109375 0.045572916666666664
0 0.3330078125 0.1171875 0.060546875 0.03125
0 0.462890625 0.1171875 0.15234375 0.03125
7 0.58056640625 0.1171875 0.0361328125 0.03125
0 0.59228515625 0.1171875 0.0595703125 0.03125
7 0.75830078125 0.11783854166666667 0.0830078125 0.032552083333333336
0 0.75830078125 0.11783854166666667 0.0830078125 0.032552083333333336
7 0.84716796875 0.11783854166666667 0.0478515625 0.03515625
0 0.85693359375 0.11783854166666667 0.0673828125 0.037760416666666664
1 0.2451171875 0.24479166666666666 0.388671875 0.078125
0 0.46923828125 0.24479166666666666 0.0634765625 0.078125
4 0.55029296875 0.24674479166666666 0.0224609375 0.02734375
7 0.59130859375 0.24609375 0.0439453125 0.026041666666666668
0 0.5908203125 0.24479166666666666 0.103515625 0.020833333333333332
4 0.65771484375 0.24674479166666666 0.0341796875 0.02734375
7 0.701171875 0.24609375 0.037109375 0.026041666666666668
0 0.69384765625 0.24479166666666666 0.1064453125 0.020833333333333332
4 0.77099609375 0.24674479166666666 0.0478515625 0.02734375
7 0.82177734375 0.24609375 0.0380859375 0.026041666666666668
0 0.80859375 0.24479166666666666 0.123046875 0.020833333333333332
4 0.8837890625 0.24674479166666666 0.03125 0.02734375
7 0.92578125 0.24609375 0.037109375 0.026041666666666668
0 0.90869140625 0.24479166666666666 0.0810546875 0.020833333333333332
7 0.2314453125 0.4427083333333333 0.458984375 0.03125
7 0.2119140625 0.5247395833333334 0.341796875 0.1328125
0 0.2314453125 0.6751302083333334 0.2578125 0.08463541666666667
7 0.76806640625 0.4192708333333333 0.0908203125 0.0234375
7 0.7685546875 0.4609375 0.458984375 0.03125
7 0.7685546875 0.5091145833333334 0.306640625 0.059895833333333336
7 0.7685546875 0.5755208333333334 0.158203125 0.059895833333333336
0 0.7685546875 0.693359375 0.23046875 0.08463541666666667
7 0.7685546875 0.76171875 0.458984375 0.026041666666666668
7 0.07373046875 0.84375 0.0654296875 0.015625
7 0.095703125 0.8763020833333334 0.109375 0.015625
4 0.04736328125 0.9993489583333334 0.0419921875 0.0013020833333333333
7 0.32666015625 0.9837239583333334 0.4716796875 0.032552083333333336