4 0.5 0.16145833333333334 0.8828125 0.078125
0 0.27099609375 0.16341145833333334 0.4326171875 0.08203125
7 0.5 0.234375 0.8828125 0.026041666666666668
2 0.35400390625 0.4557291666666667 0.5908203125 0.0859375
7 0.14208984375 0.5208333333333334 0.1669921875 0.026041666666666668
7 0.26513671875 0.5924479166666666 0.4130859375 0.026041666666666668
7 0.072265625 0.65625 0.02734375 0.026041666666666668
6 0.119140625 0.65625 0.06640625 0.026041666666666668
7 0.3642578125 0.7395833333333334 0.611328125 0.19270833333333334
7 0.34375 0.9075520833333334 0.5703125 0.06770833333333333
6 0.349609375 0.9283854166666666 0.173828125 0.026041666666666668
7 0.3642578125 0.9576822916666666 0.611328125 0.08463541666666667
1 0.8203125 0.4518229166666667 0.208984375 0.044270833333333336
4 0.7275390625 0.5319010416666666 0.0234375 0.032552083333333336
2 0.77392578125 0.5299479166666666 0.0400390625 0.03125
7 0.9130859375 0.5299479166666666 0.0234375 0.03125
7 0.7265625 0.6022135416666666 0.0234375 0.032552083333333336
2 0.7763671875 0.6009114583333334 0.044921875 0.032552083333333336
7 0.9130859375 0.6009114583333334 0.0234375 0.032552083333333336
4 0.7236328125 0.666015625 0.015625 0.022135416666666668
6 0.76416015625 0.669921875 0.0595703125 0.022135416666666668
3 0.8203125 0.7532552083333334 0.166015625 0.06380208333333333
7 0.82080078125 0.8209635416666666 0.1259765625 0.016927083333333332
0 0.8203125 0.8209635416666666 0.138671875 0.029947916666666668
7 0.736328125 0.8873697916666666 0.029296875 0.022135416666666668
6 0.80712890625 0.8873697916666666 0.1123046875 0.022135416666666668
7 0.837890625 0.8997395833333334 0.162109375 0.046875