4 0.12255859375 0.041015625 0.1923828125 0.055989583333333336
1 0.705078125 0.040364583333333336 0.12890625 0.036458333333333336
1 0.64794921875 0.07421875 0.0126953125 0.018229166666666668
5 0.6943359375 0.07356770833333333 0.07421875 0.016927083333333332
1 0.837890625 0.040364583333333336 0.12890625 0.036458333333333336
6 0.79833984375 0.07291666666666667 0.0478515625 0.015625
1 0.93896484375 0.04296875 0.0654296875 0.041666666666666664
2 0.8173828125 0.12630208333333334 0.2734375 0.0234375
1 0.818359375 0.173828125 0.275390625 0.045572916666666664
1 0.818359375 0.22591145833333334 0.275390625 0.045572916666666664
1 0.818359375 0.2779947916666667 0.275390625 0.045572916666666664
7 0.853515625 0.3229166666666667 0.150390625 0.028645833333333332
6 0.86474609375 0.3307291666666667 0.0712890625 0.013020833333333334
7 0.86328125 0.3385416666666667 0.169921875 0.028645833333333332
1 0.72216796875 0.33203125 0.0830078125 0.049479166666666664
7 0.7529296875 0.4518229166666667 0.09375 0.018229166666666668
4 0.8173828125 0.4505208333333333 0.025390625 0.033854166666666664
4 0.8505859375 0.4505208333333333 0.025390625 0.033854166666666664
4 0.8837890625 0.4505208333333333 0.025390625 0.033854166666666664
4 0.9169921875 0.4505208333333333 0.025390625 0.033854166666666664
7 0.34423828125 0.59375 0.5791015625 0.0390625
0 0.34423828125 0.6822916666666666 0.2197265625 0.0546875
6 0.1591796875 0.7526041666666666 0.162109375 0.018229166666666668
6 0.17724609375 0.8033854166666666 0.1982421875 0.041666666666666664
6 0.44677734375 0.7643229166666666 0.1923828125 0.041666666666666664
6 0.45166015625 0.8268229166666666 0.2021484375 0.041666666666666664
2 0.17578125 0.9348958333333334 0.2734375 0.0234375
7 0.17578125 0.9850260416666666 0.2734375 0.029947916666666668
2 0.48828125 0.9348958333333334 0.2734375 0.0234375
7 0.48828125 0.9850260416666666 0.2734375 0.029947916666666668
2 0.822265625 0.5338541666666666 0.29296875 0.0234375
0 0.822265625 0.58984375 0.29296875 0.046875
4 0.822265625 0.7369791666666666 0.29296875 0.20572916666666666
7 0.6953125 0.8678385416666666 0.0390625 0.016927083333333332
7 0.71923828125 0.8678385416666666 0.0087890625 0.016927083333333332
7 0.75537109375 0.8678385416666666 0.0634765625 0.016927083333333332
2 0.822265625 0.9537760416666666 0.29296875 0.024739583333333332
4 0.87158203125 0.990234375 0.0263671875 0.01953125
4 0.90087890625 0.990234375 0.0263671875 0.01953125
4 0.92822265625 0.990234375 0.0224609375 0.01953125
4 0.95556640625 0.990234375 0.0263671875 0.01953125
6 0.76220703125 0.9915364583333334 0.1728515625 0.016927083333333332