0 0 0.042317708333333336 0 0.053385416666666664
0 0 0.095703125 0 0.053385416666666664
0 0 0.14908854166666666 0 0.053385416666666664
0 0 0.20247395833333334 0 0.053385416666666664
0 0 0.255859375 0 0.053385416666666664
0 0 0.3092447916666667 0 0.053385416666666664
0 0 0.3626302083333333 0 0.053385416666666664
0 0 0.416015625 0 0.053385416666666664
0 0 0.4694010416666667 0 0.053385416666666664
0 0 0.5227864583333334 0 0.053385416666666664
0 0 0.576171875 0 0.053385416666666664
0 0 0.6295572916666666 0 0.053385416666666664
0 0 0.6829427083333334 0 0.053385416666666664
0 0 0.736328125 0 0.053385416666666664
0 0 0.7897135416666666 0 0.053385416666666664
0 0 0.8430989583333334 0 0.053385416666666664
0 0 0.896484375 0 0.053385416666666664
0 0 0.9498697916666666 0 0.053385416666666664
0 0 0.98828125 0 0.0234375
4 0.08935546875 0.06705729166666667 0.1396484375 0.10546875
0 0.5 0.06510416666666667 0.9609375 0.10416666666666667
7 0.35302734375 0.06901041666666667 0.0908203125 0.10416666666666667
0 0.4423828125 0.06640625 0.033203125 0.044270833333333336
0 0.4873046875 0.06640625 0.033203125 0.044270833333333336
0 0.53125 0.06640625 0.033203125 0.044270833333333336
0 0.576171875 0.06640625 0.033203125 0.044270833333333336
7 0.93212890625 0.06510416666666667 0.1259765625 0.041666666666666664
7 0.5 0.171875 1 0.03125
0 0.333984375 0.2903645833333333 0.5703125 0.0234375
2 0.32666015625 0.39453125 0.5556640625 0.15364583333333334
6 0.12109375 0.5052083333333334 0.14453125 0.020833333333333332
6 0.25634765625 0.5052083333333334 0.1181640625 0.020833333333333332
6 0.37451171875 0.5052083333333334 0.1103515625 0.020833333333333332
7 0.591796875 0.5026041666666666 0.0546875 0.020833333333333332
7 0.82421875 0.2682291666666667 0.29296875 0.03125
6 0.7744140625 0.3561197916666667 0.1640625 0.032552083333333336
6 0.77294921875 0.4166666666666667 0.1611328125 0.018229166666666668
6 0.81689453125 0.43359375 0.2490234375 0.052083333333333336
6 0.82470703125 0.4505208333333333 0.1787109375 0.018229166666666668
6 0.82275390625 0.4674479166666667 0.2607421875 0.052083333333333336
6 0.8115234375 0.484375 0.1484375 0.018229166666666668
6 0.81884765625 0.5013020833333334 0.2529296875 0.052083333333333336
6 0.763671875 0.5182291666666666 0.091796875 0.018229166666666668
6 0.787109375 0.53515625 0.189453125 0.052083333333333336
6 0.79443359375 0.5520833333333334 0.1259765625 0.018229166666666668
6 0.802734375 0.5690104166666666 0.220703125 0.052083333333333336
6 0.7783203125 0.5859375 0.087890625 0.018229166666666668
6 0.80224609375 0.6028645833333334 0.2197265625 0.052083333333333336
6 0.787109375 0.6197916666666666 0.13671875 0.018229166666666668
6 0.81787109375 0.63671875 0.2509765625 0.052083333333333336
6 0.8671875 0.6536458333333334 0.095703125 0.018229166666666668
7 0.82421875 0.7845052083333334 0.234375 0.01171875
7 0.82421875 0.8951822916666666 0.234375 0.20963541666666666