4 0.06005859375 0.041666666666666664 0.0732421875 0.03125
7 0.1826171875 0.041666666666666664 0.125 0.036458333333333336
0 0.1826171875 0.041666666666666664 0.125 0.036458333333333336
0 0.34814453125 0.041666666666666664 0.1123046875 0.08333333333333333
7 0.46875 0.041666666666666664 0.107421875 0.0234375
0 0.48046875 0.041666666666666664 0.154296875 0.08333333333333333
4 0.53955078125 0.041666666666666664 0.0244140625 0.03125
7 0.6181640625 0.041666666666666664 0.099609375 0.0234375
0 0.6298828125 0.041666666666666664 0.146484375 0.08333333333333333
4 0.68505859375 0.041666666666666664 0.0244140625 0.03125
4 0.91796875 0.041666666666666664 0.0234375 0.03125
0 0.91796875 0.041666666666666664 0.0390625 0.052083333333333336
4 0.95703125 0.041666666666666664 0.0234375 0.03125
0 0.95703125 0.041666666666666664 0.0390625 0.052083333333333336
7 0.3251953125 0.4466145833333333 0.650390625 0.7265625
0 0.3408203125 0.4466145833333333 0.619140625 0.7265625
6 0.68994140625 0.14388020833333334 0.0419921875 0.022135416666666668
2 0.81884765625 0.3346354166666667 0.2998046875 0.3385416666666667
0 0.81884765625 0.4641927083333333 0.2998046875 0.59765625
6 0.81884765625 0.62109375 0.2998046875 0.15625
7 0.720703125 0.748046875 0.103515625 0.022135416666666668
4 0.78662109375 0.7486979166666666 0.0224609375 0.028645833333333332
2 0.5 0.8815104166666666 0.9375 0.06770833333333333
6 0.08740234375 0.9811197916666666 0.1123046875 0.022135416666666668
6 0.43408203125 0.9811197916666666 0.1689453125 0.022135416666666668
6 0.677734375 0.9811197916666666 0.017578125 0.022135416666666668