2 0.361328125 0.4557291666666667 0.177734375 0.07291666666666667
2 0.5888671875 0.4557291666666667 0.27734375 0.07291666666666667
2 0.5 0.5201822916666666 1 0.032552083333333336
0 0.5 0.5904947916666666 0.17578125 0.05859375
2 0.25244140625 0.892578125 0.4853515625 0.05078125
7 0.25244140625 0.9446614583333334 0.3681640625 0.053385416666666664
4 0.74755859375 0.87109375 0.2158203125 0.0859375
7 0.74755859375 0.9407552083333334 0.3681640625 0.053385416666666664
4 0.0927734375 0.042317708333333336 0.107421875 0.045572916666666664
0 0.0927734375 0.042317708333333336 0.107421875 0.045572916666666664
7 0.28173828125 0.10807291666666667 0.0673828125 0.0234375
0 0.28173828125 0.10807291666666667 0.1064453125 0.057291666666666664
7 0.4033203125 0.10807291666666667 0.09765625 0.0234375
0 0.4033203125 0.10807291666666667 0.13671875 0.057291666666666664
7 0.50927734375 0.10807291666666667 0.0361328125 0.0234375
0 0.50927734375 0.10807291666666667 0.0751953125 0.057291666666666664
7 0.61083984375 0.10807291666666667 0.0888671875 0.0234375
0 0.61083984375 0.10807291666666667 0.1279296875 0.057291666666666664
7 0.72314453125 0.10807291666666667 0.0576171875 0.0234375
0 0.72314453125 0.10807291666666667 0.0966796875 0.057291666666666664
7 0.853515625 0.0390625 0.017578125 0.0234375
7 0.41552734375 0.15950520833333334 0.0732421875 0.022135416666666668
6 0.53662109375 0.15950520833333334 0.1689453125 0.022135416666666668