0 0.15283203125 0.059895833333333336 0.3056640625 0.109375
5 0.15185546875 0.14713541666666666 0.2666015625 0.0234375
1 0.068359375 0.205078125 0.09375 0.037760416666666664
1 0.16455078125 0.20442708333333334 0.0732421875 0.033854166666666664
1 0.251953125 0.205078125 0.06640625 0.045572916666666664
6 0.4287109375 0.059895833333333336 0.109375 0.028645833333333332
6 0.55224609375 0.059895833333333336 0.0576171875 0.028645833333333332
6 0.6494140625 0.059895833333333336 0.056640625 0.028645833333333332
0 0.9248046875 0.059895833333333336 0.150390625 0.109375
6 0.44091796875 0.169921875 0.1337890625 0.024739583333333332
6 0.42578125 0.20377604166666666 0.103515625 0.024739583333333332
6 0.58154296875 0.169921875 0.0693359375 0.024739583333333332
6 0.56396484375 0.20377604166666666 0.0341796875 0.024739583333333332
6 0.68505859375 0.169921875 0.0595703125 0.024739583333333332
6 0.69140625 0.20377604166666666 0.072265625 0.024739583333333332
1 0.9130859375 0.1875 0.173828125 0.06770833333333333
4 0.275390625 0.4694010416666667 0.55078125 0.4075520833333333
4 0.77490234375 0.4694010416666667 0.4501953125 0.4075520833333333
4 0.77490234375 0.4694010416666667 0.4501953125 0.4075520833333333
2 0.77490234375 0.4127604166666667 0.3525390625 0.13020833333333334
0 0.6875 0.552734375 0.177734375 0.07421875
4 0.8974609375 0.5533854166666666 0.205078125 0.046875
2 0.20703125 0.7786458333333334 0.21875 0.057291666666666664
4 0.4375 0.7845052083333334 0.203125 0.040364583333333336
4 0.27197265625 0.9192708333333334 0.2861328125 0.16145833333333334
0 0.25634765625 0.9192708333333334 0.3173828125 0.16145833333333334
2 0.31201171875 0.9453125 0.1669921875 0.109375
4 0.15185546875 0.939453125 0.1083984375 0.12109375
4 0.62353515625 0.9192708333333334 0.2861328125 0.16145833333333334
0 0.607421875 0.9192708333333334 0.318359375 0.16145833333333334
2 0.66357421875 0.9453125 0.1669921875 0.109375
4 0.5029296875 0.939453125 0.109375 0.12109375
4 0.916015625 0.9192708333333334 0.16796875 0.16145833333333334
0 0.900390625 0.9192708333333334 0.19921875 0.16145833333333334
2 0.9658203125 0.9453125 0.068359375 0.109375
4 0.85498046875 0.939453125 0.1083984375 0.12109375