0 0.0849609375 0.0234375 0.099609375 0.046875
0 0.17626953125 0.0234375 0.0810546875 0.046875
7 0.2421875 0.024088541666666668 0.03515625 0.01953125
0 0.24951171875 0.0234375 0.0654296875 0.046875
7 0.23876953125 0.052734375 0.0283203125 0.01953125
0 0.318359375 0.0234375 0.07421875 0.046875
0 0.39599609375 0.0234375 0.0830078125 0.046875
0 0.5009765625 0.0234375 0.12890625 0.046875
0 0.79345703125 0.0234375 0.0849609375 0.046875
4 0.8564453125 0.026692708333333332 0.0234375 0.029947916666666668
0 0.8564453125 0.0234375 0.0390625 0.046875
4 0.904296875 0.026692708333333332 0.0234375 0.029947916666666668
0 0.904296875 0.0234375 0.0390625 0.046875
4 0.9443359375 0.026692708333333332 0.0234375 0.029947916666666668
0 0.9443359375 0.0234375 0.0390625 0.046875
7 0.1513671875 0.119140625 0.232421875 0.12369791666666667
4 0.5234375 0.10026041666666667 0.36328125 0.0859375
7 0.5 0.16731770833333334 0.36328125 0.02734375
3 0.88671875 0.11588541666666667 0.15625 0.1171875
0 0.05810546875 0.21744791666666666 0.0458984375 0.044270833333333336
0 0.13232421875 0.21744791666666666 0.1025390625 0.044270833333333336
0 0.22314453125 0.21744791666666666 0.0791015625 0.044270833333333336
0 0.2919921875 0.21744791666666666 0.05859375 0.044270833333333336
0 0.35791015625 0.21744791666666666 0.0732421875 0.044270833333333336
0 0.421875 0.21744791666666666 0.0546875 0.044270833333333336
0 0.51025390625 0.21744791666666666 0.1220703125 0.044270833333333336
0 0.6298828125 0.21744791666666666 0.1171875 0.044270833333333336
0 0.72119140625 0.21744791666666666 0.0654296875 0.044270833333333336
0 0.072265625 0.26171875 0.07421875 0.044270833333333336
0 0.16455078125 0.26171875 0.1103515625 0.044270833333333336
0 0.2451171875 0.26171875 0.05078125 0.044270833333333336
0 0.3134765625 0.26171875 0.0859375 0.044270833333333336
0 0.38037109375 0.26171875 0.0478515625 0.044270833333333336
0 0.4287109375 0.26171875 0.048828125 0.044270833333333336
0 0.48681640625 0.26171875 0.0673828125 0.044270833333333336
0 0.55224609375 0.26171875 0.0634765625 0.044270833333333336
0 0.60986328125 0.26171875 0.0517578125 0.044270833333333336
0 0.6650390625 0.26171875 0.05859375 0.044270833333333336
0 0.7412109375 0.26171875 0.09375 0.044270833333333336
4 0.85693359375 0.21549479166666666 0.0126953125 0.016927083333333332
0 0.90185546875 0.21809895833333334 0.1259765625 0.037760416666666664
7 0.90966796875 0.21744791666666666 0.0869140625 0.0234375
7 0.0654296875 0.2701822916666667 0.052734375 0.01953125
0 0.0732421875 0.2708333333333333 0.076171875 0.049479166666666664
4 0.099609375 0.2682291666666667 0.01171875 0.015625
0 0.17236328125 0.2708333333333333 0.1220703125 0.049479166666666664
0 0.28515625 0.2708333333333333 0.103515625 0.049479166666666664
0 0.39599609375 0.2708333333333333 0.1201171875 0.049479166666666664
0 0.51806640625 0.2708333333333333 0.1259765625 0.049479166666666664
0 0.0673828125 0.3203125 0.064453125 0.049479166666666664
7 0.66943359375 0.2669270833333333 0.0458984375 0.0234375
7 0.72314453125 0.2669270833333333 0.0634765625 0.0234375
7 0.80419921875 0.2669270833333333 0.0693359375 0.0234375
7 0.86962890625 0.2669270833333333 0.0634765625 0.0234375
6 0.93359375 0.2669270833333333 0.03515625 0.020833333333333332
3 0.5087890625 0.5208333333333334 0.947265625 0.3255208333333333
2 0.13818359375 0.74609375 0.2060546875 0.018229166666666668
4 0.06591796875 0.8131510416666666 0.0615234375 0.061197916666666664
0 0.06591796875 0.8151041666666666 0.0615234375 0.06510416666666667
2 0.1767578125 0.8177083333333334 0.138671875 0.0703125
4 0.30517578125 0.8131510416666666 0.0615234375 0.061197916666666664
0 0.30517578125 0.8151041666666666 0.0615234375 0.06510416666666667
7 0.37451171875 0.7981770833333334 0.0478515625 0.015625
2 0.40966796875 0.8515625 0.1259765625 0.0703125
4 0.54541015625 0.8131510416666666 0.0615234375 0.061197916666666664
0 0.54541015625 0.8151041666666666 0.0615234375 0.06510416666666667
7 0.61474609375 0.7981770833333334 0.0478515625 0.015625
2 0.642578125 0.86328125 0.111328125 0.09375
4 0.78466796875 0.8131510416666666 0.0615234375 0.061197916666666664
0 0.78466796875 0.8151041666666666 0.0615234375 0.06510416666666667
2 0.892578125 0.8294270833333334 0.1328125 0.09375
7 0.08056640625 0.9791666666666666 0.0634765625 0.018229166666666668
2 0.50146484375 0.982421875 0.2099609375 0.03515625
3 0.80126953125 0.9986979166666666 0.2939453125 0.0026041666666666665
7 0.41748046875 0.9420572916666666 0.7626953125 0.06901041666666667
6 0.21435546875 0.966796875 0.0869140625 0.01953125
7 0.25927734375 0.966796875 0.0029296875 0.01953125
0 0.89892578125 0.9251302083333334 0.1181640625 0.040364583333333336