4 0.5 0.5 1 1
4 0.041015625 0.045572916666666664 0.0234375 0.033854166666666664
0 0.041015625 0.045572916666666664 0.0234375 0.033854166666666664
6 0.58837890625 0.045572916666666664 0.0283203125 0.028645833333333332
6 0.658203125 0.045572916666666664 0.0546875 0.028645833333333332
6 0.73583984375 0.045572916666666664 0.0439453125 0.028645833333333332
0 0.84521484375 0.045572916666666664 0.0888671875 0.033854166666666664
0 0.9296875 0.045572916666666664 0.052734375 0.033854166666666664
1 0.306640625 0.045572916666666664 0.44921875 0.052083333333333336
0 0.1279296875 0.045572916666666664 0.08984375 0.049479166666666664
4 0.77294921875 0.3782552083333333 0.4541015625 0.41796875
2 0.275390625 0.2708333333333333 0.46875 0.203125
2 0.22607421875 0.4733072916666667 0.3701171875 0.03515625
2 0.43603515625 0.4733072916666667 0.0498046875 0.03515625
2 0.482421875 0.4733072916666667 0.046875 0.03515625
2 0.08203125 0.5188802083333334 0.08203125 0.03515625
2 0.1494140625 0.5188802083333334 0.052734375 0.03515625
2 0.2060546875 0.5188802083333334 0.0625 0.03515625
2 0.26318359375 0.5188802083333334 0.0537109375 0.03515625
2 0.31982421875 0.5188802083333334 0.0634765625 0.03515625
2 0.251953125 0.5416666666666666 0.421875 0.08072916666666667
2 0.5 0.7721354166666666 0.70703125 0.057291666666666664
4 0.5625 0.958984375 0.693359375 0.08203125