4 0.138671875 0.064453125 0.1953125 0.08203125
0 0.138671875 0.064453125 0.1953125 0.08203125
7 0.68896484375 0.06380208333333333 0.0595703125 0.0234375
0 0.68896484375 0.064453125 0.0947265625 0.06640625
7 0.7744140625 0.06380208333333333 0.041015625 0.0234375
0 0.7744140625 0.064453125 0.076171875 0.06640625
7 0.89453125 0.064453125 0.060546875 0.022135416666666668
0 0.89453125 0.064453125 0.12890625 0.061197916666666664
2 0.28466796875 0.3678385416666667 0.4873046875 0.2747395833333333
7 0.28466796875 0.6048177083333334 0.4873046875 0.11848958333333333
0 0.11328125 0.740234375 0.14453125 0.07161458333333333
4 0.74365234375 0.50390625 0.4326171875 0.5911458333333334
7 0.30322265625 0.9583333333333334 0.5244140625 0.026041666666666668
6 0.61474609375 0.9583333333333334 0.0986328125 0.026041666666666668
0 0.90966796875 0.9583333333333334 0.0986328125 0.041666666666666664