7 0.44140625 0.9127604166666666 0.8203125 0.06510416666666667
0 0.1640625 0.9368489583333334 0.16015625 0.01953125
7 0.44482421875 0.9361979166666666 0.4013671875 0.018229166666666668
7 0.9345703125 0.900390625 0.068359375 0.045572916666666664
7 0.0908203125 0.036458333333333336 0.119140625 0.046875
0 0.8955078125 0.037109375 0.03125 0.01953125
0 0.94970703125 0.036458333333333336 0.0380859375 0.026041666666666668
0 0.2802734375 0.036458333333333336 0.05859375 0.018229166666666668
0 0.37060546875 0.036458333333333336 0.0830078125 0.018229166666666668
0 0.45068359375 0.036458333333333336 0.0380859375 0.018229166666666668
0 0.50537109375 0.036458333333333336 0.0322265625 0.018229166666666668
0 0.5849609375 0.036458333333333336 0.087890625 0.018229166666666668
0 0.69873046875 0.036458333333333336 0.1005859375 0.018229166666666668
4 0.12890625 0.123046875 0.1953125 0.12369791666666667
4 0.5 0.12369791666666667 0.267578125 0.052083333333333336
0 0.08642578125 0.21223958333333334 0.1044921875 0.052083333333333336
0 0.1904296875 0.21223958333333334 0.037109375 0.052083333333333336
0 0.24658203125 0.21223958333333334 0.0478515625 0.052083333333333336
0 0.3310546875 0.21223958333333334 0.09375 0.052083333333333336
0 0.4345703125 0.21223958333333334 0.0859375 0.052083333333333336
0 0.521484375 0.21223958333333334 0.060546875 0.052083333333333336
0 0.58154296875 0.21223958333333334 0.0322265625 0.052083333333333336
0 0.64306640625 0.21223958333333334 0.0634765625 0.052083333333333336
0 0.732421875 0.21223958333333334 0.087890625 0.052083333333333336
0 0.81884765625 0.21223958333333334 0.0576171875 0.052083333333333336
0 0.88037109375 0.21223958333333334 0.0380859375 0.052083333333333336
0 0.939453125 0.21223958333333334 0.052734375 0.052083333333333336
7 0.04345703125 0.259765625 0.0244140625 0.016927083333333332
0 0.09423828125 0.2604166666666667 0.1259765625 0.046875
7 0.08740234375 0.259765625 0.0634765625 0.016927083333333332
7 0.13818359375 0.259765625 0.0380859375 0.016927083333333332
0 0.18408203125 0.2604166666666667 0.0380859375 0.046875
0 0.41357421875 0.2604166666666667 0.0693359375 0.046875
0 0.48876953125 0.259765625 0.0732421875 0.02734375
0 0.54443359375 0.259765625 0.0302734375 0.02734375
0 0.5947265625 0.259765625 0.0625 0.02734375
1 0.8701171875 0.2623697916666667 0.146484375 0.02734375
4 0.5 0.9212239583333334 0.9765625 0.15755208333333334
2 0.1806640625 0.35546875 0.298828125 0.026041666666666668
0 0.5 0.57421875 0.9375 0.4635416666666667
2 0.1767578125 0.4544270833333333 0.291015625 0.16927083333333334
7 0.17724609375 0.6106770833333334 0.2919921875 0.10677083333333333
7 0.21728515625 0.6536458333333334 0.0498046875 0.020833333333333332
7 0.1806640625 0.6809895833333334 0.298828125 0.026041666666666668
4 0.658203125 0.57421875 0.6171875 0.4635416666666667
6 0.0537109375 0.7923177083333334 0.044921875 0.01953125
6 0.11474609375 0.7923177083333334 0.0576171875 0.01953125
4 0.18115234375 0.935546875 0.2998046875 0.12890625
0 0.18115234375 0.935546875 0.2998046875 0.12890625
4 0.5 0.935546875 0.30078125 0.12890625
0 0.5 0.935546875 0.30078125 0.12890625
4 0.8193359375 0.935546875 0.30078125 0.12890625
0 0.8193359375 0.935546875 0.30078125 0.12890625
3 0.5 0.984375 0.0859375 0.03125
0 0.5 0.984375 0.0859375 0.03125