7 0.33203125 0.04296875 0.61328125 0.0234375
0 0.6787109375 0.043619791666666664 0.08203125 0.040364583333333336
0 0.94189453125 0.044270833333333336 0.0966796875 0.06770833333333333
4 0.076171875 0.16471354166666666 0.1328125 0.17578125
0 0.40283203125 0.07682291666666667 0.0009765625 0
2 0.24853515625 0.15755208333333334 0.1943359375 0.0546875
2 0.27734375 0.19791666666666666 0.251953125 0.026041666666666668
6 0.2490234375 0.2819010416666667 0.037109375 0.024739583333333332
6 0.32763671875 0.2819010416666667 0.0576171875 0.024739583333333332
6 0.42431640625 0.2819010416666667 0.0732421875 0.024739583333333332
6 0.5654296875 0.2819010416666667 0.146484375 0.024739583333333332
6 0.68603515625 0.2819010416666667 0.0322265625 0.024739583333333332
6 0.7568359375 0.2819010416666667 0.046875 0.024739583333333332
7 0.232421875 0.3795572916666667 0.404296875 0.053385416666666664
7 0.13623046875 0.4361979166666667 0.2119140625 0.026041666666666668
7 0.232421875 0.4791666666666667 0.404296875 0.0234375
7 0.232421875 0.5091145833333334 0.404296875 0.0234375
7 0.232421875 0.5390625 0.404296875 0.0234375
6 0.23193359375 0.6178385416666666 0.2255859375 0.029947916666666668
0 0.232421875 0.6276041666666666 0.2890625 0.07552083333333333
7 0.232421875 0.6373697916666666 0.08203125 0.01953125
7 0.17822265625 0.697265625 0.0048828125 0.02734375
6 0.232421875 0.6979166666666666 0.10546875 0.026041666666666668
7 0.28662109375 0.697265625 0.0048828125 0.02734375
7 0.232421875 0.7682291666666666 0.404296875 0.036458333333333336
4 0.7197265625 0.5930989583333334 0.494140625 0.4752604166666667
7 0.4794921875 0.3684895833333333 0.013671875 0.026041666666666668
7 0.490234375 0.3684895833333333 0.009765625 0.026041666666666668
7 0.01806640625 0.8776041666666666 0.0166015625 0.026041666666666668
6 0.09814453125 0.8782552083333334 0.1455078125 0.024739583333333332
7 0.17822265625 0.8776041666666666 0.0166015625 0.026041666666666668
6 0.2294921875 0.8782552083333334 0.087890625 0.024739583333333332
7 0.28076171875 0.8776041666666666 0.0166015625 0.026041666666666668
6 0.33984375 0.8782552083333334 0.103515625 0.024739583333333332
7 0.8818359375 0.8776041666666666 0.0703125 0.026041666666666668
6 0.955078125 0.8782552083333334 0.0703125 0.024739583333333332
7 0.5 0.9322916666666666 0.119140625 0.026041666666666668
3 0.5048828125 0.9798177083333334 0.7109375 0.040364583333333336