4 0.87353515625 0.0390625 0.0302734375 0.0390625
0 0.93701171875 0.0390625 0.0693359375 0.0390625
4 0.03515625 0.036458333333333336 0.0234375 0.03125
0 0.03515625 0.036458333333333336 0.046875 0.0625
4 0.5 0.3854166666666667 1 0.7708333333333334
4 0.5 0.3854166666666667 1 0.7708333333333334
4 0.76318359375 0.71875 0.0322265625 0.041666666666666664
7 0.88525390625 0.71875 0.1826171875 0.020833333333333332
7 0.3125 0.3411458333333333 0.4375 0.13541666666666666
7 0.3125 0.4557291666666667 0.4375 0.07291666666666667
4 0.13427734375 0.6276041666666666 0.0244140625 0.03125
0 0.13427734375 0.6276041666666666 0.0791015625 0.10416666666666667
7 0.13427734375 0.7265625 0.0810546875 0.020833333333333332
4 0.26416015625 0.6276041666666666 0.0244140625 0.03125
0 0.26416015625 0.6276041666666666 0.0791015625 0.10416666666666667
7 0.2646484375 0.7265625 0.087890625 0.020833333333333332
4 0.39404296875 0.6276041666666666 0.0244140625 0.03125
0 0.39404296875 0.6276041666666666 0.0791015625 0.10416666666666667
7 0.39404296875 0.7265625 0.0791015625 0.020833333333333332
4 0.92578125 0.8541666666666666 0.0234375 0.03125
7 0.1357421875 0.8125 0.083984375 0.020833333333333332
4 0.20361328125 0.814453125 0.0244140625 0.032552083333333336
7 0.24658203125 0.8125 0.0556640625 0.020833333333333332
4 0.30810546875 0.814453125 0.0244140625 0.032552083333333336
7 0.357421875 0.8125 0.068359375 0.020833333333333332
4 0.42626953125 0.814453125 0.0244140625 0.032552083333333336
7 0.46826171875 0.8125 0.0537109375 0.020833333333333332
7 0.509765625 0.8125 0.01171875 0.020833333333333332
7 0.599609375 0.8125 0.1484375 0.020833333333333332
4 0.69775390625 0.814453125 0.0244140625 0.032552083333333336
7 0.73828125 0.8125 0.05078125 0.020833333333333332
4 0.21484375 0.9895833333333334 0.4296875 0.020833333333333332