4 0.18212890625 0.036458333333333336 0.2646484375 0.052083333333333336
2 0.5 0.10091145833333333 0.900390625 0.029947916666666668
7 0.5 0.16341145833333334 0.900390625 0.048177083333333336
7 0.5 0.23111979166666666 0.900390625 0.048177083333333336
7 0.5 0.298828125 0.900390625 0.048177083333333336
7 0.17431640625 0.3541666666666667 0.2490234375 0.0234375
6 0.36376953125 0.3541666666666667 0.1318359375 0.0234375
7 0.49267578125 0.3658854166666667 0.8857421875 0.046875
6 0.65087890625 0.3776041666666667 0.2529296875 0.0234375
7 0.318359375 0.4270833333333333 0.0546875 0.0234375
1 0.5263671875 0.4283854166666667 0.365234375 0.028645833333333332
1 0.30126953125 0.4596354166666667 0.0126953125 0.018229166666666668
7 0.37353515625 0.4609375 0.1259765625 0.0234375
1 0.30126953125 0.4856770833333333 0.0126953125 0.018229166666666668
7 0.384765625 0.4869791666666667 0.1484375 0.0234375
1 0.30126953125 0.51171875 0.0126953125 0.018229166666666668
7 0.3759765625 0.5130208333333334 0.130859375 0.0234375
1 0.3193359375 0.5625 0.056640625 0.028645833333333332
6 0.14990234375 0.6106770833333334 0.2001953125 0.020833333333333332
6 0.10498046875 0.6315104166666666 0.1103515625 0.020833333333333332
7 0.298828125 0.6744791666666666 0.498046875 0.0234375
7 0.54931640625 0.6744791666666666 0.0048828125 0.0234375