2 0.2099609375 0.6907552083333334 0.322265625 0.032552083333333336
7 0.10595703125 0.7356770833333334 0.1142578125 0.0234375
7 0.20166015625 0.7845052083333334 0.3056640625 0.12109375
6 0.22607421875 0.8333333333333334 0.1064453125 0.0234375
7 0.28125 0.8333333333333334 0.00390625 0.0234375
7 0.126953125 0.9088541666666666 0.060546875 0.020833333333333332
0 0.126953125 0.9088541666666666 0.15625 0.06510416666666667
0 0.302734375 0.9088541666666666 0.13671875 0.03125
4 0.5 0.046223958333333336 0.171875 0.037760416666666664
0 0.5 0.046223958333333336 0.171875 0.037760416666666664
4 0.06103515625 0.045572916666666664 0.0341796875 0.033854166666666664
0 0.06103515625 0.045572916666666664 0.0341796875 0.033854166666666664
7 0.1494140625 0.044921875 0.064453125 0.01953125
0 0.1494140625 0.045572916666666664 0.064453125 0.020833333333333332
1 0.84130859375 0.045572916666666664 0.1591796875 0.046875
4 0.93798828125 0.045572916666666664 0.0341796875 0.0234375
7 0.93798828125 0.045572916666666664 0.0341796875 0.020833333333333332
0 0.93798828125 0.045572916666666664 0.0341796875 0.046875
4 0.13134765625 0.20442708333333334 0.1748046875 0.17447916666666666
0 0.13134765625 0.23958333333333334 0.1748046875 0.24479166666666666
7 0.13134765625 0.3326822916666667 0.1748046875 0.05859375
4 0.3154296875 0.20442708333333334 0.17578125 0.17447916666666666
0 0.3154296875 0.23958333333333334 0.17578125 0.24479166666666666
7 0.3154296875 0.3326822916666667 0.17578125 0.05859375
4 0.5 0.20442708333333334 0.17578125 0.17447916666666666
0 0.5 0.25390625 0.17578125 0.2734375
7 0.5 0.3470052083333333 0.17578125 0.08723958333333333
4 0.6845703125 0.20442708333333334 0.17578125 0.17447916666666666
0 0.6845703125 0.25390625 0.17578125 0.2734375
7 0.6845703125 0.3470052083333333 0.17578125 0.08723958333333333
4 0.86865234375 0.20442708333333334 0.1748046875 0.17447916666666666
0 0.86865234375 0.2682291666666667 0.1748046875 0.3020833333333333
7 0.86865234375 0.361328125 0.1748046875 0.11588541666666667
2 0.1201171875 0.5006510416666666 0.15234375 0.03515625
4 0.25732421875 0.7981770833333334 0.4267578125 0.4036458333333333
0 0.25732421875 0.7981770833333334 0.4267578125 0.4036458333333333
4 0.61962890625 0.6868489583333334 0.1806640625 0.18098958333333334
0 0.61962890625 0.6868489583333334 0.1806640625 0.18098958333333334
7 0.8427734375 0.6061197916666666 0.2265625 0.01953125
0 0.8427734375 0.701171875 0.2265625 0.15755208333333334
6 0.83544921875 0.8352864583333334 0.2119140625 0.07942708333333333
4 0.61962890625 0.96484375 0.1806640625 0.0703125
0 0.61962890625 0.96484375 0.1806640625 0.0703125
7 0.8427734375 0.939453125 0.2265625 0.01953125
0 0.8427734375 0.9778645833333334 0.2265625 0.044270833333333336