0 0.142578125 0.052083333333333336 0.17578125 0.03125
0 0.126953125 0.16015625 0.25390625 0.049479166666666664
0 0.126953125 0.21484375 0.25390625 0.049479166666666664
0 0.126953125 0.26953125 0.25390625 0.049479166666666664
0 0.126953125 0.32421875 0.25390625 0.049479166666666664
0 0.126953125 0.37890625 0.25390625 0.049479166666666664
0 0.126953125 0.43359375 0.25390625 0.049479166666666664
7 0.0439453125 0.4876302083333333 0.041015625 0.022135416666666668
0 0.126953125 0.48828125 0.25390625 0.049479166666666664
4 0.07568359375 0.4869791666666667 0.0166015625 0.020833333333333332
7 0.05419921875 0.5423177083333334 0.0615234375 0.022135416666666668
0 0.126953125 0.54296875 0.25390625 0.049479166666666664
4 0.09716796875 0.5416666666666666 0.0166015625 0.020833333333333332
7 0.90234375 0.046875 0.052734375 0.03125
0 0.9111328125 0.046875 0.0703125 0.052083333333333336
4 0.9384765625 0.046875 0.013671875 0.010416666666666666
4 0.7724609375 0.18880208333333334 0.376953125 0.15625
2 0.42333984375 0.16796875 0.2607421875 0.0625
1 0.42333984375 0.24739583333333334 0.2607421875 0.0546875
2 0.626953125 0.494140625 0.66796875 0.02734375
0 0.36474609375 0.59765625 0.1435546875 0.1171875
0 0.53955078125 0.59765625 0.1435546875 0.1171875
0 0.71435546875 0.59765625 0.1435546875 0.1171875
0 0.88916015625 0.59765625 0.1435546875 0.1171875
0 0.36474609375 0.74609375 0.1435546875 0.1171875
0 0.53955078125 0.74609375 0.1435546875 0.1171875
7 0.6953125 0.7298177083333334 0.041015625 0.022135416666666668
0 0.71435546875 0.74609375 0.1435546875 0.1171875
4 0.72705078125 0.7291666666666666 0.0166015625 0.020833333333333332
7 0.87841796875 0.7298177083333334 0.0576171875 0.022135416666666668
0 0.88916015625 0.74609375 0.1435546875 0.1171875
4 0.861328125 0.7565104166666666 0.015625 0.020833333333333332
2 0.3544921875 0.9635416666666666 0.123046875 0.020833333333333332
2 0.7080078125 0.9635416666666666 0.130859375 0.020833333333333332