2 0.099609375 0.09895833333333333 0.13671875 0.10416666666666667
0 0.099609375 0.0859375 0.13671875 0.13020833333333334
7 0.5 0.390625 1 0.78125
7 0.0986328125 0.5716145833333334 0.119140625 0.0234375
2 0.2744140625 0.6236979166666666 0.470703125 0.059895833333333336
7 0.2744140625 0.6666666666666666 0.470703125 0.020833333333333332
0 0.1640625 0.7135416666666666 0.25 0.03125
7 0.29638671875 0.8958333333333334 0.5927734375 0.20833333333333334
7 0.7998046875 0.8958333333333334 0.400390625 0.20833333333333334
7 0.67041015625 0.94921875 0.0634765625 0.0234375
2 0.8115234375 0.9856770833333334 0.345703125 0.028645833333333332