2 0.07275390625 0.041015625 0.1220703125 0.040364583333333336
4 0.978515625 0.038411458333333336 0.01953125 0.02734375
0 0.978515625 0.038411458333333336 0.01953125 0.02734375
0 1 0.24934895833333334 0 0.12890625
0 1 0.3795572916666667 0 0.12890625
0 1 0.509765625 0 0.12890625
0 1 0.6399739583333334 0 0.12890625
0 1 0.7701822916666666 0 0.12890625
0 1 0.9674479166666666 0 0.06510416666666667
2 0.60791015625 0.19010416666666666 0.1923828125 0.08854166666666667
2 0.71923828125 0.2682291666666667 0.4150390625 0.08854166666666667
7 0.734375 0.3776041666666667 0.4453125 0.078125
0 0.6484375 0.4921875 0.2734375 0.06770833333333333
6 0.56298828125 0.5846354166666666 0.1025390625 0.026041666666666668
4 0.23291015625 0.3860677083333333 0.3798828125 0.6002604166666666
2 0.38671875 0.8177083333333334 0.625 0.06510416666666667
2 0.8125 0.8177083333333334 0.2265625 0.06510416666666667
4 0.2177734375 0.96875 0.232421875 0.041666666666666664
4 0.43408203125 0.958984375 0.0771484375 0.08203125
4 0.61962890625 0.9674479166666666 0.1708984375 0.06510416666666667
4 0.83251953125 0.96875 0.1318359375 0.041666666666666664
2 0.1474609375 0.72265625 0.177734375 0.0703125
7 0.91943359375 0.7330729166666666 0.0439453125 0.0390625
0 0.91943359375 0.72265625 0.0439453125 0.059895833333333336
4 0.91943359375 0.703125 0.0166015625 0.020833333333333332
7 0.4990234375 0.8470052083333334 0.880859375 0.11067708333333333
6 0.24755859375 0.8860677083333334 0.1103515625 0.032552083333333336
7 0.30517578125 0.8860677083333334 0.0048828125 0.032552083333333336