4 0.390625 0.451171875 0.72265625 0.6419270833333334
2 0.390625 0.611328125 0.693359375 0.04296875
0 0.390625 0.44921875 0.72265625 0.020833333333333332
7 0.390625 0.65625 0.693359375 0.028645833333333332
4 0.14501953125 0.8092447916666666 0.2314453125 0.20442708333333334
6 0.04541015625 0.931640625 0.0322265625 0.01953125
6 0.14501953125 0.97265625 0.2314453125 0.049479166666666664
4 0.390625 0.8092447916666666 0.232421875 0.20442708333333334
6 0.29248046875 0.931640625 0.0361328125 0.01953125
6 0.390625 0.97265625 0.232421875 0.049479166666666664
4 0.63623046875 0.8092447916666666 0.2314453125 0.20442708333333334
6 0.533203125 0.931640625 0.025390625 0.01953125
6 0.63623046875 0.97265625 0.2314453125 0.049479166666666664
7 0.890625 0.5208333333333334 0.21875 0.78125
2 0.064453125 0.053385416666666664 0.0703125 0.046875
0 0.07763671875 0.053385416666666664 0.0966796875 0.09114583333333333
7 0.15283203125 0.046875 0.0361328125 0.026041666666666668
0 0.16015625 0.046875 0.068359375 0.09114583333333333
6 0.23291015625 0.046875 0.0595703125 0.09114583333333333
6 0.30224609375 0.046875 0.0439453125 0.09114583333333333
6 0.37255859375 0.046875 0.0595703125 0.09114583333333333
6 0.4443359375 0.046875 0.046875 0.09114583333333333
6 0.51123046875 0.046875 0.0498046875 0.09114583333333333
6 0.599609375 0.046875 0.08984375 0.09114583333333333
7 0.93017578125 0.046875 0.0517578125 0.026041666666666668
0 0.93798828125 0.046875 0.0869140625 0.09114583333333333
0 1 0.046875 0 0.09114583333333333
7 0.30322265625 0.9739583333333334 0.3408203125 0.0234375
6 0.513671875 0.9739583333333334 0.080078125 0.0234375
7 0.57373046875 0.9739583333333334 0.0400390625 0.0234375
6 0.64111328125 0.9739583333333334 0.0947265625 0.0234375
7 0.68994140625 0.9739583333333334 0.0029296875 0.0234375
7 0.7451171875 0.9739583333333334 0.068359375 0.03125
7 0.8330078125 0.9739583333333334 0.068359375 0.03125