1 0.3896484375 0.038411458333333336 0.482421875 0.048177083333333336
1 0.3896484375 0.038411458333333336 0.482421875 0.048177083333333336
4 0.658203125 0.0390625 0.0078125 0.010416666666666666
0 0.6796875 0.037760416666666664 0.05078125 0.0234375
7 0.68359375 0.0390625 0.04296875 0.03125
7 0.74365234375 0.030598958333333332 0.0166015625 0.022135416666666668
0 0.7373046875 0.0390625 0.044921875 0.078125
7 0.81884765625 0.041015625 0.0478515625 0.02734375
0 0.80615234375 0.0390625 0.0927734375 0.078125
7 0.93310546875 0.042317708333333336 0.0908203125 0.02734375
0 0.92041015625 0.0390625 0.1357421875 0.078125
7 0.17333984375 0.103515625 0.0771484375 0.02734375
0 0.16259765625 0.103515625 0.1787109375 0.05078125
7 0.39453125 0.103515625 0.1640625 0.02734375
0 0.3837890625 0.103515625 0.265625 0.05078125
7 0.66259765625 0.103515625 0.1708984375 0.02734375
0 0.65185546875 0.103515625 0.2724609375 0.05078125
7 0.86767578125 0.103515625 0.0380859375 0.02734375
0 0.85693359375 0.103515625 0.1396484375 0.05078125
6 0.5029296875 0.7884114583333334 0.138671875 0.022135416666666668
7 0.22509765625 0.3665364583333333 0.4208984375 0.11328125
7 0.22509765625 0.478515625 0.4208984375 0.11328125
7 0.22509765625 0.5904947916666666 0.4208984375 0.11328125
1 0.8134765625 0.3287760416666667 0.28125 0.053385416666666664
1 0.8134765625 0.3912760416666667 0.28125 0.053385416666666664
7 0.8134765625 0.455078125 0.130859375 0.02734375
0 0.8134765625 0.4537760416666667 0.28125 0.053385416666666664
7 0.8134765625 0.5045572916666666 0.28125 0.029947916666666668
4 0.69677734375 0.5553385416666666 0.0244140625 0.032552083333333336
0 0.8134765625 0.5553385416666666 0.28125 0.053385416666666664
7 0.82470703125 0.5540364583333334 0.1865234375 0.024739583333333332
3 0.8134765625 0.5553385416666666 0.28125 0.053385416666666664
4 0.69873046875 0.619140625 0.0205078125 0.02734375
0 0.8134765625 0.6178385416666666 0.28125 0.053385416666666664
7 0.8330078125 0.619140625 0.150390625 0.02734375
7 0.8134765625 0.677734375 0.259765625 0.045572916666666664
6 0.78515625 0.689453125 0.072265625 0.022135416666666668
7 0.833984375 0.689453125 0.02734375 0.022135416666666668
6 0.8837890625 0.689453125 0.07421875 0.022135416666666668
7 0.921875 0.689453125 0.00390625 0.022135416666666668
2 0.322265625 0.8958333333333334 0.62109375 0.078125
2 0.322265625 0.9674479166666666 0.62109375 0.06510416666666667
0 0.7177734375 0.9348958333333334 0.169921875 0.052083333333333336
0 0.9033203125 0.9348958333333334 0.169921875 0.052083333333333336
4 0.5 0.5 1 1
4 0.5 0.5 1 1
4 0.5 0.5 1 1