4 0.98046875 0.9264322916666666 0.01953125 0.029947916666666668
7 0.2978515625 0.9016927083333334 0.498046875 0.07942708333333333
6 0.27880859375 0.9407552083333334 0.4599609375 0.053385416666666664
7 0.3046875 0.966796875 0.51171875 0.053385416666666664
0 0.87646484375 0.9283854166666666 0.0927734375 0.0234375
0 0.73193359375 0.9309895833333334 0.0810546875 0.026041666666666668
0 0.86962890625 0.053385416666666664 0.0322265625 0.041666666666666664
0 0.91650390625 0.048177083333333336 0.0341796875 0.044270833333333336
7 0.2509765625 0.12109375 0.185546875 0.049479166666666664
0 0.25 0.11979166666666667 0.208984375 0.052083333333333336
7 0.75048828125 0.12109375 0.2373046875 0.049479166666666664
0 0.75 0.11979166666666667 0.259765625 0.052083333333333336
2 0.26953125 0.8470052083333334 0.478515625 0.040364583333333336
7 0.2646484375 0.888671875 0.46875 0.032552083333333336
7 0.0859375 0.9733072916666666 0.046875 0.053385416666666664
0 0.0859375 0.9720052083333334 0.111328125 0.053385416666666664
4 0.38525390625 0.7734375 0.7705078125 0.005208333333333333