0 0.07080078125 0.042317708333333336 0.1416015625 0.08463541666666667
0 0.7216796875 0.04296875 0.087890625 0.08333333333333333
0 0.81884765625 0.04296875 0.1064453125 0.08333333333333333
7 0.90234375 0.042317708333333336 0.060546875 0.08463541666666667
7 0.96630859375 0.042317708333333336 0.0673828125 0.08463541666666667
2 0.47802734375 0.3756510416666667 0.8740234375 0.4075520833333333
0 0.12939453125 0.6516927083333334 0.1767578125 0.07161458333333333
7 0.244140625 0.9049479166666666 0.48828125 0.19010416666666666
7 0.58740234375 0.87890625 0.0927734375 0.041666666666666664
2 0.755859375 0.9622395833333334 0.4296875 0.07552083333333333
7 0.41259765625 0.955078125 0.5576171875 0.02734375
0 0.7890625 0.955078125 0.154296875 0.05859375
0 0.92724609375 0.060546875 0.0244140625 0.032552083333333336
3 0.5 0.4934895833333333 0.87890625 0.8984375