7 0.431640625 0.024739583333333332 0.240234375 0.0234375
6 0.6064453125 0.024739583333333332 0.1015625 0.0234375
7 0.974609375 0.024739583333333332 0.01171875 0.028645833333333332
4 0.0791015625 0.10416666666666667 0.134765625 0.033854166666666664
0 0.0791015625 0.10416666666666667 0.134765625 0.0625
1 0.33984375 0.10416666666666667 0.35546875 0.046875
4 0.1796875 0.10416666666666667 0.017578125 0.0234375
6 0.6455078125 0.10416666666666667 0.05078125 0.0625
7 0.70947265625 0.10416666666666667 0.0458984375 0.0625
7 0.7705078125 0.10416666666666667 0.044921875 0.0625
0 0.89453125 0.10416666666666667 0.17578125 0.046875
0 0.89453125 0.10416666666666667 0.1875 0.0625
7 0.248046875 0.3177083333333333 0.47265625 0.13802083333333334
7 0.20703125 0.4401041666666667 0.390625 0.052083333333333336
7 0.76171875 0.32421875 0.35546875 0.0390625
7 0.67333984375 0.3626302083333333 0.1787109375 0.024739583333333332
6 0.78564453125 0.3626302083333333 0.0458984375 0.024739583333333332
1 0.75927734375 0.4153645833333333 0.3564453125 0.046875
1 0.75927734375 0.4830729166666667 0.3564453125 0.046875
1 0.75927734375 0.55078125 0.3564453125 0.046875
4 0.91650390625 0.5520833333333334 0.0185546875 0.0234375
4 0.5908203125 0.630859375 0.013671875 0.01953125
7 0.76806640625 0.630859375 0.3173828125 0.022135416666666668
3 0.73095703125 0.716796875 0.2978515625 0.10286458333333333
0 0.75927734375 0.7734375 0.3564453125 0.046875
7 0.68701171875 0.822265625 0.2060546875 0.01953125
6 0.8310546875 0.822265625 0.08203125 0.01953125
7 0.875 0.822265625 0.005859375 0.01953125
6 0.61865234375 0.841796875 0.0693359375 0.01953125
7 0.66748046875 0.841796875 0.0283203125 0.01953125
6 0.73828125 0.841796875 0.11328125 0.01953125
7 0.79638671875 0.841796875 0.0029296875 0.01953125