4 0.5 0.09049479166666667 1 0.18098958333333334
3 0.5 0.078125 0.7109375 0.1171875
4 0.81787109375 0.15169270833333334 0.0751953125 0.01953125
0 0.81787109375 0.15169270833333334 0.0751953125 0.01953125
4 0.03125 0.21354166666666666 0.0234375 0.03125
0 0.03125 0.21354166666666666 0.0234375 0.03125
4 0.068359375 0.212890625 0.021484375 0.029947916666666668
4 0.5 0.21354166666666666 0.1640625 0.028645833333333332
0 0.5 0.21354166666666666 0.1640625 0.028645833333333332
0 0.80810546875 0.21354166666666666 0.0380859375 0.018229166666666668
6 0.921875 0.21354166666666666 0.1171875 0.018229166666666668
0 0.138671875 0.2734375 0.041015625 0.020833333333333332
0 0.224609375 0.2734375 0.099609375 0.020833333333333332
0 0.32080078125 0.2734375 0.0615234375 0.020833333333333332
0 0.42138671875 0.2734375 0.1083984375 0.020833333333333332
0 0.546875 0.2734375 0.111328125 0.020833333333333332
0 0.6328125 0.2734375 0.029296875 0.020833333333333332
0 0.69970703125 0.2734375 0.0732421875 0.020833333333333332
0 0.7734375 0.2734375 0.04296875 0.020833333333333332
0 0.84619140625 0.2734375 0.0712890625 0.020833333333333332
0 0.94970703125 0.2740885416666667 0.0615234375 0.016927083333333332
2 0.10546875 0.33984375 0.01171875 0.015625
2 0.14697265625 0.3411458333333333 0.0693359375 0.020833333333333332
6 0.33154296875 0.3430989583333333 0.2373046875 0.016927083333333332
6 0.55859375 0.3430989583333333 0.1875 0.016927083333333332
6 0.77978515625 0.3430989583333333 0.2255859375 0.016927083333333332
6 0.5 0.3704427083333333 0.115234375 0.016927083333333332
4 0.337890625 0.75390625 0.61328125 0.4583333333333333
0 0.337890625 0.75390625 0.61328125 0.4583333333333333
6 0.33740234375 0.4401041666666667 0.3857421875 0.10416666666666667
2 0.82177734375 0.4036458333333333 0.1181640625 0.03125
2 0.82177734375 0.4973958333333333 0.2939453125 0.09375
0 0.82177734375 0.4973958333333333 0.2939453125 0.09375
2 0.82177734375 0.6549479166666666 0.2939453125 0.09375
0 0.82177734375 0.6549479166666666 0.2939453125 0.09375
2 0.82177734375 0.8125 0.2939453125 0.09375
0 0.82177734375 0.8125 0.2939453125 0.09375
2 0.82177734375 0.9615885416666666 0.2939453125 0.07682291666666667
0 0.82177734375 0.9615885416666666 0.2939453125 0.07682291666666667