6 0.5 0.08138020833333333 0.470703125 0.03515625
4 0.037109375 0.20572916666666666 0.029296875 0.0390625
0 0.0380859375 0.205078125 0.076171875 0.08463541666666667
1 0.5302734375 0.205078125 0.91015625 0.055989583333333336
7 0.10302734375 0.974609375 0.0556640625 0.01953125
0 0.10302734375 0.955078125 0.0712890625 0.07942708333333333
7 0.30517578125 0.974609375 0.0478515625 0.01953125
0 0.30517578125 0.955078125 0.0634765625 0.07942708333333333
7 0.50244140625 0.974609375 0.0478515625 0.01953125
0 0.50244140625 0.955078125 0.0634765625 0.07942708333333333
7 0.70068359375 0.974609375 0.0478515625 0.01953125
0 0.70068359375 0.955078125 0.0634765625 0.07942708333333333
7 0.900390625 0.9772135416666666 0.048828125 0.01953125
0 0.900390625 0.955078125 0.064453125 0.07942708333333333
4 0.5 0.595703125 1 0.6940104166666666
2 0.29296875 0.3776041666666667 0.5078125 0.1796875
7 0.5107421875 0.51171875 0.900390625 0.041666666666666664
7 0.5107421875 0.5533854166666666 0.900390625 0.041666666666666664
7 0.5107421875 0.5950520833333334 0.900390625 0.041666666666666664
7 0.81201171875 0.5703125 0.1455078125 0.036458333333333336
0 0.81201171875 0.6477864583333334 0.2529296875 0.16276041666666666
4 0.81201171875 0.6555989583333334 0.2001953125 0.12109375
0 0.1416015625 0.6803385416666666 0.205078125 0.08463541666666667
4 0.25634765625 0.9010416666666666 0.4638671875 0.19791666666666666
0 0.25634765625 0.9010416666666666 0.4638671875 0.19791666666666666
4 0.74365234375 0.9010416666666666 0.4638671875 0.19791666666666666
0 0.74365234375 0.9010416666666666 0.4638671875 0.19791666666666666
4 0.5771484375 0.8893229166666666 0.083984375 0.11197916666666667
4 0.78857421875 0.8893229166666666 0.3134765625 0.11197916666666667