0 0.8359375 0.048828125 0.048828125 0.01953125
0 0.91455078125 0.048828125 0.0380859375 0.01953125
4 0.97021484375 0.048828125 0.0146484375 0.01953125
0 0.97021484375 0.048828125 0.0146484375 0.01953125
4 0.07470703125 0.12369791666666667 0.1494140625 0.059895833333333336
0 0.07470703125 0.1171875 0.1494140625 0.046875
0 0.505859375 0.11588541666666667 0.07421875 0.11458333333333333
0 0.6435546875 0.11588541666666667 0.103515625 0.11458333333333333
0 0.77685546875 0.11588541666666667 0.0654296875 0.11458333333333333
0 0.912109375 0.119140625 0.130859375 0.05859375
2 0.5 0.2903645833333333 0.568359375 0.09375
7 0.5 0.3834635416666667 0.55859375 0.032552083333333336
7 0.5 0.4225260416666667 0.171875 0.032552083333333336
7 0.390625 0.4889322916666667 0.349609375 0.032552083333333336
6 0.59814453125 0.4889322916666667 0.0654296875 0.032552083333333336
7 0.63720703125 0.4889322916666667 0.0126953125 0.032552083333333336
6 0.66845703125 0.4889322916666667 0.0498046875 0.032552083333333336
7 0.69970703125 0.4889322916666667 0.0126953125 0.032552083333333336
6 0.7451171875 0.4889322916666667 0.078125 0.032552083333333336
4 0.11865234375 0.828125 0.1494140625 0.059895833333333336
4 0.0556640625 0.8977864583333334 0.0234375 0.029947916666666668
7 0.09912109375 0.9049479166666666 0.0634765625 0.041666666666666664
7 0.11376953125 0.94921875 0.0927734375 0.041666666666666664
2 0.21240234375 0.8098958333333334 0.0244140625 0.018229166666666668
0 0.2802734375 0.869140625 0.16015625 0.06640625
2 0.212890625 0.9609375 0.025390625 0.018229166666666668
0 0.2802734375 0.9934895833333334 0.16015625 0.013020833333333334
2 0.4287109375 0.8098958333333334 0.080078125 0.018229166666666668
0 0.43701171875 0.8470052083333334 0.0966796875 0.022135416666666668
0 0.43701171875 0.876953125 0.0966796875 0.022135416666666668
2 0.5390625 0.8098958333333334 0.05078125 0.018229166666666668
0 0.578125 0.8470052083333334 0.12890625 0.022135416666666668
0 0.578125 0.876953125 0.12890625 0.022135416666666668
0 0.578125 0.9069010416666666 0.12890625 0.022135416666666668
0 0.578125 0.9479166666666666 0.12890625 0.044270833333333336
2 0.7353515625 0.810546875 0.12890625 0.024739583333333332
0 0.7353515625 0.8470052083333334 0.12890625 0.022135416666666668
0 0.7353515625 0.8880208333333334 0.12890625 0.044270833333333336
0 0.7353515625 0.9290364583333334 0.12890625 0.022135416666666668
0 0.7353515625 0.958984375 0.12890625 0.022135416666666668
0 0.7353515625 0.9889322916666666 0.12890625 0.022135416666666668
2 0.85302734375 0.8098958333333334 0.0498046875 0.018229166666666668
0 0.89208984375 0.8470052083333334 0.1279296875 0.022135416666666668
0 0.89208984375 0.876953125 0.1279296875 0.022135416666666668
0 0.89208984375 0.9069010416666666 0.1279296875 0.022135416666666668
0 0.89208984375 0.9368489583333334 0.1279296875 0.022135416666666668
0 0.89208984375 0.966796875 0.1279296875 0.022135416666666668
0 0.89208984375 0.9928385416666666 0.1279296875 0.014322916666666666