0 0.048828125 0.03125 0.05859375 0.0625
0 0.14013671875 0.03125 0.0849609375 0.0625
0 0.24755859375 0.03125 0.0810546875 0.0625
0 0.3486328125 0.03125 0.072265625 0.0625
0 0.4599609375 0.03125 0.1015625 0.0625
0 0.56298828125 0.03125 0.0556640625 0.0625
1 0.7880859375 0.03125 0.21484375 0.0625
0 0.87353515625 0.03125 0.0419921875 0.0625
0 0.9287109375 0.03125 0.017578125 0.0625
0 0.97119140625 0.03125 0.0185546875 0.0625
7 0.5 0.012369791666666666 1 0.024739583333333332
6 0.392578125 0.10546875 0.72265625 0.026041666666666668
0 0.5 0.10546875 0.9375 0.03125
7 0.763671875 0.10546875 0.01953125 0.026041666666666668
4 0.5 0.48046875 1 0.6666666666666666
2 0.48681640625 0.8821614583333334 0.9111328125 0.06380208333333333
7 0.32421875 0.9778645833333334 0.5859375 0.044270833333333336