7 0.4140625 0.046223958333333336 0.74609375 0.07942708333333333
6 0.50927734375 0.07356770833333333 0.0751953125 0.024739583333333332
0 0.89453125 0.03125 0.12890625 0.052083333333333336
4 0.08251953125 0.07161458333333333 0.0888671875 0.1171875
0 0.08251953125 0.078125 0.1123046875 0.15625
2 0.56298828125 0.054036458333333336 0.8056640625 0.029947916666666668
7 0.93359375 0.021484375 0.056640625 0.016927083333333332
0 0.61669921875 0.022135416666666668 0.1044921875 0.026041666666666668
0 0.71875 0.022135416666666668 0.0546875 0.026041666666666668
0 0.82275390625 0.022135416666666668 0.1064453125 0.026041666666666668
0 0.9541015625 0.09765625 0.0390625 0.052083333333333336
0 0.21923828125 0.09765625 0.1220703125 0.052083333333333336
0 0.341796875 0.09765625 0.123046875 0.052083333333333336
0 0.47900390625 0.09765625 0.1513671875 0.052083333333333336
0 0.611328125 0.09765625 0.11328125 0.052083333333333336
0 0.7265625 0.09765625 0.1171875 0.052083333333333336
0 0.890625 0.09765625 0.087890625 0.052083333333333336
4 0.5 0.4401041666666667 1 0.7473958333333334
7 0.5 0.4921875 0.5859375 0.10677083333333333
6 0.12939453125 0.8307291666666666 0.1767578125 0.15364583333333334
4 0.0654296875 0.8059895833333334 0.048828125 0.0078125
7 0.17919921875 0.8658854166666666 0.2763671875 0.08072916666666667
6 0.20703125 0.8932291666666666 0.078125 0.026041666666666668
7 0.248046875 0.8932291666666666 0.00390625 0.026041666666666668
6 0.43408203125 0.8307291666666666 0.1552734375 0.15364583333333334
4 0.38134765625 0.8059895833333334 0.0498046875 0.0078125
7 0.5 0.8658854166666666 0.287109375 0.08333333333333333
6 0.7353515625 0.8307291666666666 0.126953125 0.15364583333333334
4 0.69677734375 0.8059895833333334 0.0498046875 0.0078125
7 0.8154296875 0.8658854166666666 0.287109375 0.08333333333333333