4 0.107421875 0.09244791666666667 0.095703125 0.020833333333333332
0 0.25048828125 0.029296875 0.0986328125 0.032552083333333336
0 0.3505859375 0.029296875 0.0625 0.032552083333333336
7 0.4501953125 0.029296875 0.052734375 0.032552083333333336
0 0.43896484375 0.03125 0.0751953125 0.036458333333333336
0 0.51806640625 0.029296875 0.0400390625 0.032552083333333336
6 0.228515625 0.09440104166666667 0.052734375 0.01953125
6 0.3525390625 0.09440104166666667 0.15625 0.01953125
6 0.51171875 0.09440104166666667 0.123046875 0.01953125
6 0.6796875 0.09440104166666667 0.173828125 0.01953125
2 0.390625 0.3580729166666667 0.703125 0.14322916666666666
7 0.390625 0.4947916666666667 0.703125 0.109375
0 0.30810546875 0.6061197916666666 0.5380859375 0.055989583333333336
2 0.26513671875 0.8743489583333334 0.4521484375 0.037760416666666664
4 0.1181640625 0.9641927083333334 0.158203125 0.07161458333333333
2 0.29150390625 0.9817708333333334 0.1435546875 0.028645833333333332
2 0.73486328125 0.8743489583333334 0.4521484375 0.037760416666666664
2 0.63525390625 0.96484375 0.2216796875 0.028645833333333332
7 0.73486328125 0.9967447916666666 0.4208984375 0.006510416666666667