4 0.05859375 0.057291666666666664 0.07421875 0.03125
0 0.05859375 0.057291666666666664 0.07421875 0.03125
6 0.5703125 0.057942708333333336 0.107421875 0.024739583333333332
6 0.68310546875 0.057942708333333336 0.0673828125 0.024739583333333332
0 0.79833984375 0.057291666666666664 0.1123046875 0.046875
0 0.916015625 0.057291666666666664 0.125 0.0546875
4 0.5 0.4055989583333333 0.947265625 0.5091145833333334
1 0.64697265625 0.4583333333333333 0.3330078125 0.06770833333333333
1 0.88427734375 0.4583333333333333 0.1435546875 0.06770833333333333
4 0.7177734375 0.5319010416666666 0.466796875 0.029947916666666668
7 0.56591796875 0.5833333333333334 0.0400390625 0.018229166666666668
0 0.552734375 0.5833333333333334 0.16015625 0.0625
7 0.73095703125 0.5833333333333334 0.0498046875 0.018229166666666668
0 0.7177734375 0.5833333333333334 0.16015625 0.0625
7 0.896484375 0.5833333333333334 0.064453125 0.018229166666666668
0 0.88330078125 0.5833333333333334 0.1591796875 0.0625
4 0.5 0.92578125 0.736328125 0.1484375