4 0.09375 0.039713541666666664 0.15625 0.032552083333333336
0 0.09375 0.038411458333333336 0.15625 0.024739583333333332
7 0.22314453125 0.038411458333333336 0.0556640625 0.024739583333333332
4 0.2578125 0.039713541666666664 0.009765625 0.014322916666666666
0 0.22900390625 0.038411458333333336 0.0673828125 0.024739583333333332
6 0.32666015625 0.038411458333333336 0.0810546875 0.024739583333333332
4 0.3984375 0.039713541666666664 0.015625 0.022135416666666668
0 0.3984375 0.038411458333333336 0.015625 0.024739583333333332
6 0.61328125 0.039713541666666664 0.123046875 0.024739583333333332
6 0.7578125 0.039713541666666664 0.119140625 0.024739583333333332
6 0.8857421875 0.039713541666666664 0.04296875 0.024739583333333332
6 0.95751953125 0.039713541666666664 0.0537109375 0.024739583333333332
7 0.75732421875 0.2864583333333333 0.4072265625 0.0703125
7 0.75732421875 0.3893229166666667 0.4072265625 0.09375
0 0.61572265625 0.50390625 0.1240234375 0.052083333333333336
0 0.75634765625 0.50390625 0.1181640625 0.052083333333333336
4 0.5 0.3841145833333333 1 0.609375
0 0.5 0.3841145833333333 1 0.609375
7 0.05615234375 0.361328125 0.0673828125 0.024739583333333332
7 0.5 0.41015625 0.955078125 0.03125
7 0.2177734375 0.4622395833333333 0.390625 0.0625
7 0.5 0.5208333333333334 0.955078125 0.0234375
4 0.0419921875 0.5794270833333334 0.015625 0.020833333333333332
4 0.09814453125 0.5794270833333334 0.0166015625 0.020833333333333332
7 0.15185546875 0.5794270833333334 0.0341796875 0.028645833333333332
7 0.10986328125 0.76171875 0.1748046875 0.03125
4 0.8994140625 0.7604166666666666 0.015625 0.020833333333333332
4 0.9580078125 0.7604166666666666 0.015625 0.020833333333333332
4 0.15673828125 0.912109375 0.2666015625 0.17578125
0 0.15673828125 0.912109375 0.2666015625 0.17578125
4 0.46435546875 0.912109375 0.2666015625 0.17578125
0 0.46435546875 0.912109375 0.2666015625 0.17578125
4 0.77197265625 0.912109375 0.2666015625 0.17578125
0 0.77197265625 0.912109375 0.2666015625 0.17578125
4 0.97314453125 0.912109375 0.0537109375 0.17578125
0 0.97314453125 0.912109375 0.0537109375 0.17578125