4 0.08984375 0 0.08203125 0
0 0.08984375 0 0.08203125 0
4 0.88671875 0.048177083333333336 0.01171875 0.018229166666666668
4 0.93896484375 0.048177083333333336 0.0244140625 0.018229166666666668
0 0.93896484375 0.050130208333333336 0.0244140625 0.022135416666666668
4 0.22265625 0.08072916666666667 0.34765625 0.16145833333333334
6 0.064453125 0.703125 0.03125 0.020833333333333332
6 0.1328125 0.703125 0.0859375 0.020833333333333332
2 0.3681640625 0.8294270833333334 0.638671875 0.21875
2 0.37109375 0.9407552083333334 0.64453125 0.11848958333333333
7 0.86572265625 0.201171875 0.1708984375 0.037760416666666664
4 0.80078125 0.2786458333333333 0.041015625 0.020833333333333332
2 0.86572265625 0.318359375 0.1708984375 0.045572916666666664
7 0.86572265625 0.36328125 0.1708984375 0.03125
0 0.86572265625 0.4251302083333333 0.1708984375 0.05859375
6 0.8310546875 0.5462239583333334 0.1015625 0.01953125
6 0.861328125 0.6328125 0.162109375 0.11458333333333333
6 0.7958984375 0.771484375 0.03125 0.01953125
6 0.849609375 0.8268229166666666 0.138671875 0.052083333333333336
6 0.8388671875 0.9342447916666666 0.1171875 0.01953125
6 0.86376953125 0.9817708333333334 0.1669921875 0.036458333333333336
7 0.306640625 0.9537760416666666 0.33984375 0.02734375
7 0.658203125 0.9537760416666666 0.349609375 0.02734375
6 0.84619140625 0.9537760416666666 0.0263671875 0.02734375
7 0.861328125 0.9537760416666666 0.00390625 0.02734375
4 0.96484375 0.9544270833333334 0.015625 0.020833333333333332