4 0.0625 0.078125 0.0625 0.08333333333333333
0 0.09375 0.036458333333333336 0 0
2 0.17919921875 0.06315104166666667 0.1708984375 0.053385416666666664
2 0.17919921875 0.10611979166666667 0.1708984375 0.04296875
0 0.64501953125 0.016927083333333332 0.2412109375 0.033854166666666664
7 0.806640625 0.018880208333333332 0.060546875 0.037760416666666664
0 0.869140625 0.018880208333333332 0.0546875 0.037760416666666664
0 0.93505859375 0.018880208333333332 0.0673828125 0.037760416666666664
1 0.86376953125 0.09765625 0.1455078125 0.0390625
4 0.95263671875 0.09700520833333333 0.0146484375 0.01953125
0 0.95263671875 0.09765625 0.0322265625 0.0390625
0 0.20849609375 0.17708333333333334 0.0634765625 0.06770833333333333
0 0.28759765625 0.17708333333333334 0.0966796875 0.06770833333333333
0 0.36279296875 0.17708333333333334 0.0556640625 0.06770833333333333
0 0.43994140625 0.17708333333333334 0.1005859375 0.06770833333333333
0 0.51953125 0.17708333333333334 0.060546875 0.06770833333333333
0 0.60009765625 0.17708333333333334 0.1025390625 0.06770833333333333
0 0.689453125 0.17708333333333334 0.078125 0.06770833333333333
0 0.77685546875 0.17708333333333334 0.0986328125 0.06770833333333333
6 0.76611328125 0.5735677083333334 0.0986328125 0.022135416666666668
6 0.16748046875 0.625 0.2041015625 0.020833333333333332
0 0.16748046875 0.6555989583333334 0.2333984375 0.13151041666666666
4 0.0810546875 0.6744791666666666 0.03125 0.041666666666666664
7 0.18310546875 0.6744791666666666 0.1474609375 0.041666666666666664
6 0.3935546875 0.625 0.185546875 0.020833333333333332
0 0.3935546875 0.6555989583333334 0.21484375 0.13151041666666666
4 0.31640625 0.6744791666666666 0.03125 0.041666666666666664
7 0.4111328125 0.6744791666666666 0.1328125 0.041666666666666664
6 0.6171875 0.625 0.19921875 0.020833333333333332
0 0.6171875 0.6555989583333334 0.228515625 0.13151041666666666
4 0.533203125 0.6744791666666666 0.03125 0.041666666666666664
7 0.6357421875 0.6744791666666666 0.1484375 0.041666666666666664
6 0.84130859375 0.625 0.1865234375 0.020833333333333332
0 0.84130859375 0.6555989583333334 0.2158203125 0.13151041666666666
4 0.763671875 0.6744791666666666 0.03125 0.041666666666666664
7 0.85986328125 0.6744791666666666 0.1357421875 0.041666666666666664
2 0.177734375 0.7864583333333334 0.25390625 0.052083333333333336
2 0.177734375 0.8391927083333334 0.25390625 0.02734375
7 0.177734375 0.919921875 0.25390625 0.10546875
7 0.181640625 0.9934895833333334 0.24609375 0.013020833333333334
2 0.4560546875 0.7864583333333334 0.25390625 0.052083333333333336
2 0.4560546875 0.8391927083333334 0.25390625 0.02734375
6 0.40185546875 0.88671875 0.1455078125 0.026041666666666668
7 0.50830078125 0.88671875 0.0673828125 0.026041666666666668
7 0.5478515625 0.880859375 0.01171875 0.022135416666666668
7 0.45556640625 0.9388020833333334 0.2529296875 0.078125
0 0.4560546875 0.9967447916666666 0.25390625 0.006510416666666667
2 0.7783203125 0.7864583333333334 0.341796875 0.052083333333333336
4 0.9365234375 0.8352864583333334 0.015625 0.022135416666666668
0 0.9365234375 0.837890625 0.025390625 0.040364583333333336
4 0.9111328125 0.8352864583333334 0.015625 0.022135416666666668
0 0.9111328125 0.837890625 0.025390625 0.040364583333333336
2 0.68212890625 0.8385416666666666 0.1494140625 0.0234375
7 0.7783203125 0.8704427083333334 0.341796875 0.02734375
4 0.65869140625 0.9244791666666666 0.1025390625 0.052083333333333336
7 0.83447265625 0.9375 0.2216796875 0.078125
6 0.64794921875 0.98828125 0.0810546875 0.0234375
7 0.7392578125 0.98828125 0.1015625 0.0234375