2 0.5 0.5 1 1
7 0.02734375 0.016276041666666668 0.0234375 0.022135416666666668
7 0.17431640625 0.016276041666666668 0.2548828125 0.022135416666666668
4 0.0625 0.08854166666666667 0.09765625 0.046875
0 0.0859375 0.08854166666666667 0.14453125 0.046875
0 0.45361328125 0.09505208333333333 0.0283203125 0.052083333333333336
0 0.5224609375 0.09505208333333333 0.033203125 0.052083333333333336
7 0.60107421875 0.09635416666666667 0.0478515625 0.026041666666666668
0 0.60986328125 0.09700520833333333 0.0654296875 0.05078125
0 0.76171875 0.09505208333333333 0.162109375 0.052083333333333336
0 0.91943359375 0.09505208333333333 0.0771484375 0.052083333333333336
6 0.046875 0.185546875 0.0234375 0.06380208333333333
6 0.10888671875 0.185546875 0.0224609375 0.06380208333333333
6 0.1865234375 0.185546875 0.0546875 0.06380208333333333
6 0.32177734375 0.185546875 0.1376953125 0.06380208333333333
6 0.498046875 0.185546875 0.13671875 0.06380208333333333
1 0.861328125 0.16861979166666666 0.244140625 0.032552083333333336
0 0.9794921875 0.171875 0.029296875 0.033854166666666664
4 0.5 0.310546875 1 0.21744791666666666
4 0.5 0.4635416666666667 1 0.13020833333333334
7 0.23974609375 0.37109375 0.2978515625 0.033854166666666664
0 0.25732421875 0.365234375 0.4560546875 0.09244791666666667
7 0.642578125 0.37109375 0.1328125 0.033854166666666664
0 0.74267578125 0.365234375 0.4560546875 0.09244791666666667
7 0.19775390625 0.4765625 0.2177734375 0.033854166666666664
0 0.25732421875 0.470703125 0.4560546875 0.09244791666666667
7 0.66748046875 0.4765625 0.1904296875 0.033854166666666664
0 0.74267578125 0.470703125 0.4560546875 0.09244791666666667
7 0.18310546875 0.58203125 0.1845703125 0.033854166666666664
0 0.25732421875 0.576171875 0.4560546875 0.09244791666666667
7 0.65234375 0.58203125 0.166015625 0.033854166666666664
0 0.74267578125 0.576171875 0.4560546875 0.09244791666666667
7 0.16259765625 0.6875 0.1513671875 0.033854166666666664
0 0.25732421875 0.681640625 0.4560546875 0.09244791666666667
7 0.642578125 0.6875 0.1328125 0.033854166666666664
0 0.74267578125 0.681640625 0.4560546875 0.09244791666666667
2 0.5 0.796875 0.970703125 0.033854166666666664
7 0.25 0.8645833333333334 0.4296875 0.046875
0 0.25 0.90234375 0.470703125 0.125
7 0.25 0.9010416666666666 0.138671875 0.026041666666666668
7 0.75 0.8645833333333334 0.4296875 0.046875
0 0.75 0.90234375 0.470703125 0.125
7 0.75 0.9010416666666666 0.400390625 0.026041666666666668