7 0.95068359375 0.036458333333333336 0.0498046875 0.0234375
0 0.943359375 0.03515625 0.083984375 0.052083333333333336
0 1 0.10481770833333333 0 0.07161458333333333
0 1 0.10481770833333333 0 0.07161458333333333
0 1 0.10481770833333333 0 0.07161458333333333
0 1 0.10481770833333333 0 0.07161458333333333
0 1 0.10481770833333333 0 0.07161458333333333
4 0.0849609375 0.07486979166666667 0.087890625 0.14973958333333334
7 0.72998046875 0.033854166666666664 0.0361328125 0.046875
7 0.83056640625 0.03515625 0.0244140625 0.0234375
0 0.84033203125 0.034505208333333336 0.0732421875 0.06901041666666667
0 0.30029296875 0.034505208333333336 0.1083984375 0.06901041666666667
0 0.40283203125 0.034505208333333336 0.0986328125 0.06901041666666667
0 0.48681640625 0.034505208333333336 0.0712890625 0.06901041666666667
0 0.57861328125 0.034505208333333336 0.1142578125 0.06901041666666667
0 0.67041015625 0.034505208333333336 0.0712890625 0.06901041666666667
7 0.1083984375 0.4889322916666667 0.134765625 0.053385416666666664
2 0.36279296875 0.5735677083333334 0.6435546875 0.08984375
2 0.4775390625 0.8190104166666666 0.873046875 0.0390625
7 0.23779296875 0.8678385416666666 0.3935546875 0.024739583333333332
7 0.5146484375 0.8678385416666666 0.16015625 0.024739583333333332
7 0.494140625 0.8841145833333334 0.90625 0.057291666666666664
4 0.5 0.9876302083333334 0.28515625 0.024739583333333332
0 0.5 0.9876302083333334 0.28515625 0.024739583333333332
4 0.8154296875 0.9876302083333334 0.28515625 0.024739583333333332
0 0.8154296875 0.9876302083333334 0.28515625 0.024739583333333332