4 0.21484375 0.8763020833333334 0.044921875 0.059895833333333336
2 0.53515625 0.8567708333333334 0.546875 0.020833333333333332
7 0.53515625 0.904296875 0.546875 0.05859375
0 0.3251953125 0.9680989583333334 0.125 0.02734375
0 0.763671875 0.9680989583333334 0.091796875 0.02734375
4 0.0869140625 0.033854166666666664 0.126953125 0.041666666666666664
0 0.0869140625 0.033854166666666664 0.126953125 0.046875
1 0.2880859375 0.033854166666666664 0.181640625 0.046875
6 0.455078125 0.033854166666666664 0.0703125 0.015625
4 0.5029296875 0.033854166666666664 0.015625 0.020833333333333332
7 0.58056640625 0.033854166666666664 0.0927734375 0.046875
4 0.6337890625 0.033854166666666664 0.015625 0.020833333333333332
6 0.70361328125 0.033854166666666664 0.0654296875 0.015625
6 0.7958984375 0.033854166666666664 0.048828125 0.015625
0 0.9130859375 0.033854166666666664 0.126953125 0.046875
2 0.265625 0.24674479166666666 0.46875 0.19661458333333334
7 0.265625 0.419921875 0.46875 0.11067708333333333
0 0.0947265625 0.560546875 0.126953125 0.048177083333333336
4 0.75 0.4036458333333333 0.5 0.546875
4 0.75 0.4036458333333333 0.5 0.546875
6 0.0771484375 0.7005208333333334 0.091796875 0.026041666666666668
0 0.24609375 0.7083333333333334 0.09765625 0.041666666666666664
6 0.40966796875 0.7005208333333334 0.0810546875 0.026041666666666668
6 0.57177734375 0.7005208333333334 0.0947265625 0.026041666666666668
6 0.7392578125 0.7005208333333334 0.091796875 0.026041666666666668
6 0.9140625 0.7005208333333334 0.109375 0.026041666666666668
4 0.265625 0.91015625 0.46875 0.1796875
2 0.77294921875 0.9029947916666666 0.3916015625 0.10807291666666667
7 0.77294921875 0.9986979166666666 0.3916015625 0.0026041666666666665