4 0.03662109375 0.042317708333333336 0.0224609375 0.029947916666666668
4 0.5 0.042317708333333336 0.099609375 0.08463541666666667
6 0.755859375 0.042317708333333336 0.052734375 0.024739583333333332
4 0.8369140625 0.044270833333333336 0.013671875 0.018229166666666668
0 0.876953125 0.042317708333333336 0.09375 0.024739583333333332
7 0.8759765625 0.042317708333333336 0.064453125 0.024739583333333332
4 0.96484375 0.041666666666666664 0.013671875 0.018229166666666668
0 0 0.12630208333333334 0 0.028645833333333332
0 0 0.2109375 0 0.028645833333333332
0 0 0.2955729166666667 0 0.028645833333333332
4 0.10546875 0.447265625 0.03515625 0.048177083333333336
0 0.10546875 0.447265625 0.087890625 0.09244791666666667
1 0.38330078125 0.4459635416666667 0.4677734375 0.09244791666666667
7 0.70947265625 0.4453125 0.0537109375 0.026041666666666668
4 0.7490234375 0.451171875 0.01171875 0.016927083333333332
2 0.8662109375 0.771484375 0.189453125 0.024739583333333332
2 0.40234375 0.8684895833333334 0.380859375 0.028645833333333332
2 0.6904296875 0.8684895833333334 0.1953125 0.028645833333333332
2 0.5 0.9973958333333334 0.384765625 0.005208333333333333