4 0.5 0.036458333333333336 1 0.07291666666666667
4 0.078125 0.036458333333333336 0.05859375 0.07291666666666667
6 0.19189453125 0.035807291666666664 0.0791015625 0.024739583333333332
6 0.2734375 0.035807291666666664 0.044921875 0.024739583333333332
6 0.35302734375 0.035807291666666664 0.0751953125 0.024739583333333332
6 0.42919921875 0.035807291666666664 0.0380859375 0.024739583333333332
4 0.60302734375 0.033854166666666664 0.0654296875 0.0234375
7 0.67822265625 0.035807291666666664 0.0478515625 0.024739583333333332
6 0.72705078125 0.035807291666666664 0.0498046875 0.024739583333333332
7 0.76806640625 0.035807291666666664 0.0322265625 0.024739583333333332
7 0.8359375 0.037760416666666664 0.05859375 0.026041666666666668
0 0.85888671875 0.037109375 0.1044921875 0.07421875
4 0.884765625 0.037109375 0.021484375 0.02734375
4 0.93310546875 0.036458333333333336 0.0224609375 0.03125
0 0.93359375 0.036458333333333336 0.04296875 0.07291666666666667
4 0.5 0.5 1 1
4 0.35888671875 0.3111979166666667 0.0517578125 0.08072916666666667
2 0.513671875 0.2955729166666667 0.220703125 0.046875
2 0.50439453125 0.3372395833333333 0.2021484375 0.046875
7 0.5 0.41796875 0.333984375 0.078125
7 0.47509765625 0.4908854166666667 0.2841796875 0.026041666666666668
6 0.38330078125 0.5169270833333334 0.1005859375 0.026041666666666668
7 0.427734375 0.5638020833333334 0.189453125 0.026041666666666668
6 0.46826171875 0.58984375 0.2705078125 0.026041666666666668
7 0.5 0.63671875 0.333984375 0.026041666666666668
0 0.39892578125 0.7018229166666666 0.1318359375 0.0625
2 0.0908203125 0.09049479166666667 0.083984375 0.024739583333333332
4 0.19140625 0.08723958333333333 0.09765625 0.028645833333333332
4 0.5 0.49609375 1 0.75
4 0.5 0.4921875 1 0.7421875
2 0.2705078125 0.4095052083333333 0.451171875 0.11848958333333333
2 0.5 0.5071614583333334 0.90234375 0.06901041666666667
0 0.11083984375 0.5826822916666666 0.1318359375 0.053385416666666664
0 0.11083984375 0.5826822916666666 0.1318359375 0.02734375
4 0.19921875 0.9368489583333334 0.29296875 0.12630208333333334
0 0.19921875 0.9368489583333334 0.29296875 0.12630208333333334
4 0.49951171875 0.9368489583333334 0.2939453125 0.12630208333333334
0 0.49951171875 0.9368489583333334 0.2939453125 0.12630208333333334
4 0.80029296875 0.9368489583333334 0.2939453125 0.12630208333333334
0 0.80029296875 0.9368489583333334 0.2939453125 0.12630208333333334