4 0.0703125 0.046875 0.099609375 0.09375
0 0.0703125 0.046875 0.099609375 0.09375
7 0.41259765625 0.046875 0.0615234375 0.09375
7 0.49609375 0.046875 0.107421875 0.09375
7 0.59521484375 0.046875 0.0927734375 0.09375
7 0.681640625 0.046875 0.08203125 0.09375
7 0.76953125 0.046875 0.095703125 0.09375
0 0.84765625 0.046875 0.0625 0.0625
4 0.900390625 0.045572916666666664 0.0234375 0.03125
0 0.900390625 0.046875 0.04296875 0.09375
4 0.943359375 0.045572916666666664 0.0234375 0.03125
0 0.943359375 0.046875 0.04296875 0.09375
4 0.06689453125 0.16731770833333334 0.0576171875 0.07682291666666667
0 0.259765625 0.171875 0.46484375 0.09375
2 0.1669921875 0.17122395833333334 0.10546875 0.048177083333333336
2 0.2431640625 0.162109375 0.0234375 0.024739583333333332
7 0.259765625 0.328125 0.44921875 0.15625
0 0.11474609375 0.46875 0.1591796875 0.0625
7 0.267578125 0.4680989583333333 0.0859375 0.024739583333333332
4 0.31982421875 0.4674479166666667 0.0126953125 0.015625
4 0.5703125 0.16731770833333334 0.064453125 0.08463541666666667
0 0.75146484375 0.171875 0.4423828125 0.09375
2 0.76416015625 0.171875 0.2939453125 0.052083333333333336
7 0.75146484375 0.328125 0.4267578125 0.15625
0 0.61572265625 0.46875 0.1552734375 0.0625
7 0.84130859375 0.46875 0.2353515625 0.020833333333333332
4 0.06689453125 0.6673177083333334 0.0634765625 0.08463541666666667
0 0.259765625 0.671875 0.46484375 0.09375
2 0.26953125 0.671875 0.310546875 0.052083333333333336
7 0.259765625 0.8020833333333334 0.44921875 0.10416666666666667
0 0.1044921875 0.9166666666666666 0.138671875 0.0625
7 0.28564453125 0.9166666666666666 0.1630859375 0.020833333333333332
4 0.57080078125 0.6673177083333334 0.0458984375 0.061197916666666664
0 0.75146484375 0.671875 0.4423828125 0.09375
2 0.66455078125 0.671875 0.0947265625 0.052083333333333336
7 0.75146484375 0.8020833333333334 0.4267578125 0.10416666666666667
0 0.65966796875 0.9166666666666666 0.2431640625 0.0625
7 0.76953125 0.6302083333333334 0.396484375 0.08333333333333333
7 0.74658203125 0.7434895833333334 0.3232421875 0.018229166666666668
7 0.767578125 0.7643229166666666 0.365234375 0.018229166666666668
7 0.736328125 0.78515625 0.302734375 0.018229166666666668
7 0.91162109375 0.78515625 0.0498046875 0.018229166666666668
7 0.60595703125 0.8059895833333334 0.0419921875 0.018229166666666668
7 0.6591796875 0.8059895833333334 0.064453125 0.018229166666666668
6 0.73291015625 0.8059895833333334 0.0849609375 0.018229166666666668
7 0.841796875 0.8059895833333334 0.134765625 0.018229166666666668
6 0.6552734375 0.8268229166666666 0.140625 0.018229166666666668
7 0.8349609375 0.8268229166666666 0.21875 0.018229166666666668
7 0.72216796875 0.84765625 0.2744140625 0.018229166666666668
6 0.90087890625 0.84765625 0.0849609375 0.018229166666666668
7 0.947265625 0.84765625 0.0078125 0.018229166666666668
7 0.58837890625 0.8893229166666666 0.0068359375 0.018229166666666668
6 0.595703125 0.8893229166666666 0.0078125 0.018229166666666668
7 0.6416015625 0.8893229166666666 0.0859375 0.018229166666666668
7 0.7158203125 0.8893229166666666 0.0078125 0.018229166666666668
6 0.7236328125 0.8893229166666666 0.0078125 0.018229166666666668
7 0.76220703125 0.8893229166666666 0.0712890625 0.018229166666666668
7 0.599609375 0.96875 0.056640625 0.018229166666666668
7 0.5615234375 0.5833333333333334 0.01953125 0.026041666666666668
4 0.5 0.9212239583333334 0.5859375 0.13151041666666666
4 0.77978515625 0.8736979166666666 0.0146484375 0.020833333333333332