7 0.07470703125 0.026041666666666668 0.0517578125 0.020833333333333332
0 0.07861328125 0.026041666666666668 0.1181640625 0.052083333333333336
6 0.10400390625 0.020182291666666668 0.0087890625 0.016927083333333332
7 0.2138671875 0.026041666666666668 0.125 0.020833333333333332
0 0.21923828125 0.026041666666666668 0.1650390625 0.052083333333333336
7 0.3701171875 0.026041666666666668 0.109375 0.020833333333333332
0 0.37548828125 0.026041666666666668 0.1494140625 0.052083333333333336
7 0.533203125 0.026041666666666668 0.138671875 0.020833333333333332
0 0.53857421875 0.026041666666666668 0.1787109375 0.052083333333333336
7 0.7099609375 0.026041666666666668 0.13671875 0.020833333333333332
0 0.71533203125 0.026041666666666668 0.1767578125 0.052083333333333336
1 0.8935546875 0.08072916666666667 0.173828125 0.0390625
2 0.0576171875 0.09895833333333333 0.0390625 0.052083333333333336
2 0.1513671875 0.09895833333333333 0.138671875 0.052083333333333336
0 0.81689453125 0.1015625 0.1142578125 0.057291666666666664
0 0.9248046875 0.1015625 0.09375 0.057291666666666664
0 0.05078125 0.17708333333333334 0.0625 0.0546875
0 0.138671875 0.17708333333333334 0.11328125 0.0546875
0 0.2685546875 0.17708333333333334 0.146484375 0.0546875
0 0.390625 0.17708333333333334 0.09765625 0.0546875
0 0.4697265625 0.17708333333333334 0.060546875 0.0546875
0 0.54443359375 0.17708333333333334 0.0888671875 0.0546875
0 0.64990234375 0.17708333333333334 0.1220703125 0.0546875
2 0.5 0.34765625 0.78125 0.15625
7 0.5 0.4934895833333333 0.78125 0.0703125
7 0.1826171875 0.701171875 0.0234375 0.032552083333333336
0 0.1875 0.7239583333333334 0.044921875 0.020833333333333332
2 0.1875 0.7981770833333334 0.29296875 0.046875
7 0.1875 0.9010416666666666 0.244140625 0.0859375
0 0.1875 0.9811197916666666 0.29296875 0.037760416666666664
7 0.4951171875 0.701171875 0.0234375 0.032552083333333336
0 0.5 0.7239583333333334 0.044921875 0.020833333333333332
2 0.5 0.7981770833333334 0.29296875 0.046875
7 0.5 0.88671875 0.244140625 0.057291666666666664
0 0.5 0.9811197916666666 0.29296875 0.037760416666666664
7 0.8076171875 0.701171875 0.0234375 0.032552083333333336
0 0.8125 0.7239583333333334 0.044921875 0.020833333333333332
2 0.8125 0.7981770833333334 0.29296875 0.046875
7 0.8125 0.88671875 0.244140625 0.057291666666666664
0 0.8125 0.9811197916666666 0.29296875 0.037760416666666664
3 0.9658203125 0.9427083333333334 0.068359375 0.078125