4 0.08935546875 0.060546875 0.1357421875 0.053385416666666664
0 0.08935546875 0.05859375 0.1357421875 0.0234375
2 0.5 0.203125 0.95703125 0.059895833333333336
7 0.5 0.2565104166666667 0.95703125 0.0234375
4 0.27197265625 0.3880208333333333 0.5009765625 0.14583333333333334
0 0.27392578125 0.38671875 0.5048828125 0.0234375
4 0.76318359375 0.3880208333333333 0.4736328125 0.14583333333333334
0 0.76318359375 0.38671875 0.4736328125 0.0234375
4 0.27197265625 0.5338541666666666 0.5009765625 0.14583333333333334
0 0.27392578125 0.5325520833333334 0.5048828125 0.0234375
4 0.76318359375 0.5338541666666666 0.4736328125 0.14583333333333334
0 0.76318359375 0.5325520833333334 0.4736328125 0.0234375
4 0.27197265625 0.6796875 0.5009765625 0.14583333333333334
0 0.27392578125 0.6783854166666666 0.5048828125 0.0234375
4 0.76318359375 0.6796875 0.4736328125 0.14583333333333334
0 0.76318359375 0.6783854166666666 0.4736328125 0.0234375
4 0.27197265625 0.8255208333333334 0.5009765625 0.14583333333333334
0 0.27392578125 0.82421875 0.5048828125 0.0234375
4 0.76318359375 0.8255208333333334 0.4736328125 0.14583333333333334
0 0.76318359375 0.82421875 0.4736328125 0.0234375
4 0.08740234375 0.9889322916666666 0.1123046875 0.022135416666666668
6 0.48486328125 0.9895833333333334 0.0712890625 0.018229166666666668
6 0.73388671875 0.9889322916666666 0.0517578125 0.01953125