4 0.0390625 0.014322916666666666 0.015625 0.015625
7 0.18505859375 0.014322916666666666 0.2607421875 0.018229166666666668
7 0.37744140625 0.014322916666666666 0.1103515625 0.018229166666666668
0 0.3837890625 0.014322916666666666 0.123046875 0.018229166666666668
4 0.22021484375 0.09700520833333333 0.3779296875 0.11848958333333333
0 0.22021484375 0.10026041666666667 0.3779296875 0.125
1 0.857421875 0.10872395833333333 0.22265625 0.032552083333333336
1 0.9560546875 0.11002604166666667 0.015625 0.022135416666666668
0 0.0693359375 0.18229166666666666 0.05859375 0.028645833333333332
0 0.1982421875 0.18229166666666666 0.099609375 0.028645833333333332
0 0.3408203125 0.18229166666666666 0.0859375 0.028645833333333332
0 0.46044921875 0.18229166666666666 0.0517578125 0.028645833333333332
0 0.58349609375 0.18229166666666666 0.0947265625 0.028645833333333332
0 0.71875 0.18229166666666666 0.076171875 0.028645833333333332
0 0.84423828125 0.18098958333333334 0.0732421875 0.028645833333333332
4 0.353515625 0.384765625 0.64453125 0.33984375
0 0.0537109375 0.580078125 0.044921875 0.053385416666666664
0 0.09814453125 0.580078125 0.0458984375 0.053385416666666664
0 0.14306640625 0.580078125 0.0458984375 0.053385416666666664
0 0.18798828125 0.580078125 0.0458984375 0.053385416666666664
0 0.232421875 0.580078125 0.044921875 0.053385416666666664
0 0.27880859375 0.583984375 0.0205078125 0.02734375
4 0.82666015625 0.4095052083333333 0.2783203125 0.3893229166666667
2 0.2607421875 0.634765625 0.458984375 0.024739583333333332
6 0.2421875 0.6888020833333334 0.421875 0.046875
7 0.09326171875 0.7278645833333334 0.1240234375 0.020833333333333332
6 0.2412109375 0.7825520833333334 0.419921875 0.046875
7 0.09326171875 0.8216145833333334 0.1240234375 0.020833333333333332
6 0.19580078125 0.8645833333333334 0.3291015625 0.0234375
7 0.0986328125 0.8919270833333334 0.134765625 0.020833333333333332
6 0.25927734375 0.9466145833333334 0.4560546875 0.046875
7 0.0986328125 0.9856770833333334 0.134765625 0.020833333333333332
4 0.18212890625 0.6321614583333334 0.0146484375 0.022135416666666668
2 0.75341796875 0.634765625 0.4306640625 0.024739583333333332
4 0.75341796875 0.8274739583333334 0.4306640625 0.32421875
6 0.732421875 0.9993489583333334 0.388671875 0.0013020833333333333