7 0.42724609375 0.052083333333333336 0.3701171875 0.036458333333333336
6 0.68505859375 0.052083333333333336 0.1455078125 0.036458333333333336
4 0.0908203125 0.14388020833333334 0.146484375 0.03515625
0 0.0908203125 0.14388020833333334 0.158203125 0.07682291666666667
7 0.20068359375 0.14388020833333334 0.0400390625 0.032552083333333336
0 0.21240234375 0.14388020833333334 0.0751953125 0.07682291666666667
4 0.23095703125 0.14388020833333334 0.0185546875 0.024739583333333332
4 0.23095703125 0.14388020833333334 0.0185546875 0.024739583333333332
7 0.32666015625 0.14388020833333334 0.1201171875 0.032552083333333336
0 0.32666015625 0.14388020833333334 0.1318359375 0.07682291666666667
7 0.78369140625 0.14388020833333334 0.0478515625 0.032552083333333336
0 0.7998046875 0.14388020833333334 0.091796875 0.07682291666666667
4 0.82958984375 0.14388020833333334 0.0205078125 0.02734375
7 0.890625 0.14388020833333334 0.04296875 0.032552083333333336
0 0.890625 0.14388020833333334 0.0546875 0.07682291666666667
7 0.9560546875 0.14388020833333334 0.052734375 0.032552083333333336
0 0.9560546875 0.14388020833333334 0.064453125 0.07682291666666667
4 0.04345703125 0.9420572916666666 0.0634765625 0.08463541666666667
7 0.39501953125 0.94140625 0.5927734375 0.026041666666666668
6 0.74267578125 0.94140625 0.1025390625 0.026041666666666668
7 0.7958984375 0.94140625 0.00390625 0.026041666666666668
0 0.912109375 0.9427083333333334 0.140625 0.0625
4 0.06982421875 0.255859375 0.0771484375 0.10286458333333333
2 0.2490234375 0.22786458333333334 0.25 0.036458333333333336
7 0.322265625 0.2727864583333333 0.396484375 0.032552083333333336
0 0.888671875 0.2421875 0.158203125 0.03125
7 0.888671875 0.2923177083333333 0.076171875 0.032552083333333336
2 0.5 0.771484375 0.984375 0.10286458333333333
2 0.5 0.857421875 1 0.048177083333333336
0 0.5 0.9453125 0.279296875 0.07552083333333333