7 0.5 0.05859375 0.5 0.0546875
7 0.89404296875 0.05859375 0.0595703125 0.0234375
0 0.88232421875 0.05859375 0.1181640625 0.046875
4 0.5 0.16015625 0.17578125 0.028645833333333332
0 0.5 0.16015625 0.17578125 0.028645833333333332
0 0.046875 0.16015625 0.046875 0.0546875
6 0.1279296875 0.16015625 0.091796875 0.0546875
7 0.8779296875 0.16015625 0.044921875 0.028645833333333332
0 0.88818359375 0.16015625 0.0654296875 0.028645833333333332
0 0.95751953125 0.16015625 0.0380859375 0.028645833333333332
0 0.1474609375 0.24348958333333334 0.029296875 0.03125
0 0.26025390625 0.24348958333333334 0.1494140625 0.03125
0 0.40966796875 0.24348958333333334 0.1025390625 0.03125
0 0.49951171875 0.24348958333333334 0.0302734375 0.03125
0 0.58349609375 0.24348958333333334 0.0908203125 0.03125
0 0.67724609375 0.24348958333333334 0.0498046875 0.03125
0 0.7470703125 0.24348958333333334 0.04296875 0.03125
0 0.82958984375 0.24348958333333334 0.0751953125 0.03125
2 0.28662109375 0.3658854166666667 0.4560546875 0.0234375
4 0.28662109375 0.5716145833333334 0.4560546875 0.3411458333333333
0 0.28662109375 0.6790364583333334 0.4560546875 0.5559895833333334
4 0.28662109375 0.7493489583333334 0.4560546875 0.016927083333333332
2 0.28662109375 0.8001302083333334 0.4560546875 0.040364583333333336
6 0.28662109375 0.8821614583333334 0.4560546875 0.09505208333333333
7 0.06689453125 0.9440104166666666 0.0166015625 0.020833333333333332
7 0.130859375 0.9440104166666666 0.111328125 0.020833333333333332
7 0.12744140625 0.9947916666666666 0.0830078125 0.010416666666666666
0 0.1201171875 0.9895833333333334 0.123046875 0.020833333333333332
4 0.44384765625 0.998046875 0.0380859375 0.00390625
0 0.44384765625 0.9895833333333334 0.0400390625 0.020833333333333332
4 0.49462890625 0.998046875 0.0380859375 0.00390625
0 0.49462890625 0.9895833333333334 0.0400390625 0.020833333333333332
2 0.75732421875 0.3658854166666667 0.3681640625 0.0234375
4 0.63525390625 0.4596354166666667 0.1240234375 0.1171875
0 0.64697265625 0.4596354166666667 0.1474609375 0.1171875
6 0.83056640625 0.41015625 0.2216796875 0.018229166666666668
7 0.83056640625 0.4388020833333333 0.2216796875 0.0234375
7 0.728515625 0.4654947916666667 0.017578125 0.01953125
7 0.78759765625 0.4654947916666667 0.1025390625 0.01953125
4 0.732421875 0.501953125 0.0234375 0.016927083333333332
0 0.732421875 0.501953125 0.025390625 0.032552083333333336
4 0.7626953125 0.501953125 0.0234375 0.016927083333333332
0 0.7626953125 0.501953125 0.025390625 0.032552083333333336
4 0.79296875 0.501953125 0.0234375 0.016927083333333332
0 0.79296875 0.501953125 0.025390625 0.032552083333333336
4 0.63525390625 0.609375 0.1240234375 0.1171875
0 0.64697265625 0.609375 0.1474609375 0.1171875
6 0.7841796875 0.5598958333333334 0.12890625 0.018229166666666668
7 0.7841796875 0.5885416666666666 0.12890625 0.0234375
7 0.728515625 0.615234375 0.017578125 0.01953125
7 0.77392578125 0.615234375 0.0751953125 0.01953125
4 0.732421875 0.6516927083333334 0.0234375 0.016927083333333332
0 0.732421875 0.6516927083333334 0.025390625 0.032552083333333336
4 0.7626953125 0.6516927083333334 0.0234375 0.016927083333333332
0 0.7626953125 0.6516927083333334 0.025390625 0.032552083333333336
4 0.79296875 0.6516927083333334 0.0234375 0.016927083333333332
0 0.79296875 0.6516927083333334 0.025390625 0.032552083333333336
4 0.63525390625 0.7591145833333334 0.1240234375 0.1171875
0 0.64697265625 0.7591145833333334 0.1474609375 0.1171875
6 0.83056640625 0.7096354166666666 0.2216796875 0.018229166666666668
7 0.83056640625 0.73828125 0.2216796875 0.0234375
7 0.728515625 0.7649739583333334 0.017578125 0.01953125
7 0.759765625 0.7649739583333334 0.046875 0.01953125
4 0.732421875 0.8014322916666666 0.0234375 0.016927083333333332
0 0.732421875 0.8014322916666666 0.025390625 0.032552083333333336
4 0.7626953125 0.8014322916666666 0.0234375 0.016927083333333332
0 0.7626953125 0.8014322916666666 0.025390625 0.032552083333333336
4 0.79296875 0.8014322916666666 0.0234375 0.016927083333333332
0 0.79296875 0.8014322916666666 0.025390625 0.032552083333333336