2 0.13232421875 0.07161458333333333 0.1962890625 0.046875
0 0.5966796875 0.07096354166666667 0.056640625 0.053385416666666664
0 0.67724609375 0.07096354166666667 0.1064453125 0.053385416666666664
7 0.787109375 0.072265625 0.087890625 0.01953125
0 0.794921875 0.07161458333333333 0.130859375 0.0546875
4 0.8408203125 0.07421875 0.01171875 0.015625
0 0.8994140625 0.07096354166666667 0.080078125 0.053385416666666664
4 0.95947265625 0.06901041666666667 0.0146484375 0.018229166666666668
2 0.5 0.4029947916666667 0.25390625 0.055989583333333336
7 0.5 0.451171875 0.41796875 0.90234375
7 0.5 0.8951822916666666 0.650390625 0.055989583333333336
2 0.5 0.9368489583333334 0.650390625 0.02734375
7 0.177734375 0.890625 0.142578125 0.21875