4 0.0283203125 0.040364583333333336 0.056640625 0.07552083333333333
0 0.0283203125 0.040364583333333336 0.056640625 0.07552083333333333
7 0.080078125 0.0390625 0.02734375 0.078125
0 0.1181640625 0.0390625 0.033203125 0.078125
0 0.1513671875 0.0390625 0.033203125 0.078125
0 0.1845703125 0.0390625 0.033203125 0.078125
0 0.5 0.0390625 0.1015625 0.052083333333333336
0 0.6064453125 0.0390625 0.03125 0.052083333333333336
0 0.6396484375 0.0390625 0.025390625 0.052083333333333336
0 0.681640625 0.0390625 0.0390625 0.052083333333333336
0 0.732421875 0.0390625 0.04296875 0.052083333333333336
0 0.78515625 0.0390625 0.04296875 0.052083333333333336
0 0.8447265625 0.0390625 0.056640625 0.052083333333333336
0 0.92333984375 0.0390625 0.0244140625 0.052083333333333336
0 0.962890625 0.0390625 0.03515625 0.052083333333333336
4 0.5 0.21614583333333334 1 0.2760416666666667
2 0.5 0.15234375 0.91796875 0.0390625
7 0.5 0.203125 0.91796875 0.03125
7 0.5 0.234375 0.91796875 0.03125
2 0.5 0.42578125 0.91796875 0.033854166666666664
7 0.5 0.458984375 0.296875 0.01953125
7 0.5 0.4772135416666667 0.267578125 0.01953125
4 0.5 0.6809895833333334 0.240234375 0.3203125
4 0.31787109375 0.7220052083333334 0.0849609375 0.11328125
7 0.28955078125 0.677734375 0.0224609375 0.029947916666666668
4 0.68359375 0.6927083333333334 0.083984375 0.11197916666666667
7 0.65576171875 0.6490885416666666 0.0224609375 0.029947916666666668
4 0.3291015625 0.5768229166666666 0.08203125 0.109375
7 0.30126953125 0.5345052083333334 0.0224609375 0.029947916666666668
4 0.66162109375 0.5598958333333334 0.0791015625 0.10677083333333333
7 0.63427734375 0.5188802083333334 0.0224609375 0.029947916666666668
4 0.2353515625 0.8046875 0.078125 0.10416666666666667
7 0.20849609375 0.7649739583333334 0.0224609375 0.029947916666666668
4 0.74462890625 0.796875 0.0771484375 0.1015625
7 0.71826171875 0.7578125 0.0224609375 0.028645833333333332
4 0.767578125 0.5748697916666666 0.07421875 0.10026041666666667
7 0.74169921875 0.537109375 0.0224609375 0.029947916666666668
4 0.22412109375 0.662109375 0.0732421875 0.09765625
7 0.19775390625 0.6256510416666666 0.0224609375 0.029947916666666668
4 0.64794921875 0.810546875 0.0712890625 0.09505208333333333
7 0.62255859375 0.775390625 0.0224609375 0.029947916666666668
4 0.8271484375 0.6744791666666666 0.0703125 0.09375
7 0.80224609375 0.6399739583333334 0.0224609375 0.029947916666666668
4 0.1689453125 0.5533854166666666 0.068359375 0.09114583333333333
7 0.14404296875 0.5201822916666666 0.0224609375 0.029947916666666668
4 0.83203125 0.796875 0.06640625 0.08854166666666667
7 0.80810546875 0.7649739583333334 0.0224609375 0.029947916666666668
4 0.15380859375 0.7350260416666666 0.0654296875 0.08723958333333333
7 0.12939453125 0.7037760416666666 0.0224609375 0.029947916666666668
4 0.08447265625 0.8053385416666666 0.0634765625 0.08463541666666667
7 0.06005859375 0.775390625 0.0224609375 0.029947916666666668
4 0.91259765625 0.708984375 0.0615234375 0.08203125
7 0.88916015625 0.6803385416666666 0.0224609375 0.029947916666666668
4 0.07666015625 0.6920572916666666 0.0595703125 0.07942708333333333
7 0.05322265625 0.6647135416666666 0.0224609375 0.029947916666666668
4 0.365234375 0.8216145833333334 0.05859375 0.078125
7 0.34228515625 0.794921875 0.0224609375 0.029947916666666668
4 0.888671875 0.5611979166666666 0.056640625 0.07552083333333333
7 0.86669921875 0.5358072916666666 0.0224609375 0.029947916666666668
4 0.0810546875 0.5377604166666666 0.0546875 0.07291666666666667
7 0.05908203125 0.513671875 0.0224609375 0.029947916666666668
4 0.24462890625 0.5475260416666666 0.0517578125 0.06901041666666667
7 0.22314453125 0.525390625 0.0224609375 0.029947916666666668
4 0.921875 0.8177083333333334 0.046875 0.0625
7 0.90185546875 0.798828125 0.0224609375 0.029947916666666668
4 0.13916015625 0.6451822916666666 0.0400390625 0.053385416666666664
7 0.12060546875 0.630859375 0.0224609375 0.029947916666666668
6 0.5 0.88671875 0.03125 0.0234375
6 0.0517578125 0.984375 0.021484375 0.018229166666666668
7 0.0673828125 0.984375 0.009765625 0.018229166666666668
6 0.0810546875 0.984375 0.017578125 0.018229166666666668
7 0.908203125 0.984375 0.1015625 0.018229166666666668