4 0.0390625 0.038411458333333336 0.015625 0.01953125
0 0.068359375 0.038411458333333336 0.09765625 0.053385416666666664
7 0.08056640625 0.037109375 0.0498046875 0.01953125
6 0.17333984375 0.041666666666666664 0.0634765625 0.018229166666666668
6 0.2705078125 0.041666666666666664 0.091796875 0.018229166666666668
6 0.35693359375 0.041666666666666664 0.0419921875 0.018229166666666668
6 0.41259765625 0.041666666666666664 0.0302734375 0.018229166666666668
6 0.47216796875 0.041666666666666664 0.0498046875 0.018229166666666668
6 0.54150390625 0.041666666666666664 0.0498046875 0.018229166666666668
6 0.58837890625 0.041666666666666664 0.0048828125 0.018229166666666668
6 0.6484375 0.041666666666666664 0.076171875 0.018229166666666668
6 0.74072265625 0.041666666666666664 0.0693359375 0.018229166666666668
6 0.83544921875 0.041666666666666664 0.0810546875 0.018229166666666668
7 0.88916015625 0.039713541666666664 0.0439453125 0.053385416666666664
0 0.88916015625 0.038411458333333336 0.0751953125 0.053385416666666664
4 0.9609375 0.038411458333333336 0.0234375 0.032552083333333336
0 0.9609375 0.038411458333333336 0.0390625 0.053385416666666664
0 0.0859375 0.13346354166666666 0.1328125 0.07942708333333333
4 0.5 0.14973958333333334 0.50390625 0.078125
0 0.5 0.14713541666666666 0.50390625 0.0390625
0 0.9140625 0.13346354166666666 0.1328125 0.07942708333333333
7 0.052734375 0.205078125 0.06640625 0.014322916666666666
7 0.97021484375 0.205078125 0.0205078125 0.014322916666666666
0 0.97021484375 0.205078125 0.0205078125 0.014322916666666666
0 0.212890625 0.24869791666666666 0.10546875 0.026041666666666668
0 0.3134765625 0.24869791666666666 0.076171875 0.026041666666666668
0 0.38916015625 0.24869791666666666 0.0556640625 0.026041666666666668
0 0.48046875 0.24869791666666666 0.107421875 0.026041666666666668
0 0.5888671875 0.24869791666666666 0.08984375 0.026041666666666668
0 0.6708984375 0.24869791666666666 0.0546875 0.026041666666666668
0 0.76904296875 0.24869791666666666 0.1220703125 0.026041666666666668
7 0.5 0.3092447916666667 0.6875 0.014322916666666666
3 0.5 0.5013020833333334 0.6875 0.3567708333333333
4 0.5 0.8522135416666666 0.6484375 0.2955729166666667
0 0.5 0.8522135416666666 0.6484375 0.2955729166666667
7 0.35107421875 0.857421875 0.2626953125 0.01953125
6 0.52880859375 0.857421875 0.0947265625 0.01953125
7 0.5908203125 0.857421875 0.029296875 0.01953125
6 0.64404296875 0.857421875 0.0791015625 0.01953125
7 0.49365234375 0.8723958333333334 0.5478515625 0.049479166666666664
6 0.53955078125 0.8873697916666666 0.0791015625 0.01953125
7 0.580078125 0.8873697916666666 0.00390625 0.01953125
0 0.60107421875 0.8880208333333334 0.0380859375 0.041666666666666664
7 0.234375 0.9166666666666666 0.390625 0.03125
7 0.0654296875 0.9524739583333334 0.0390625 0.040364583333333336
7 0.1005859375 0.9524739583333334 0.033203125 0.040364583333333336
7 0.17578125 0.9524739583333334 0.12109375 0.040364583333333336
7 0.2392578125 0.9524739583333334 0.0078125 0.040364583333333336
7 0.27392578125 0.9524739583333334 0.0615234375 0.040364583333333336
7 0.3203125 0.9524739583333334 0.033203125 0.040364583333333336
7 0.3798828125 0.9524739583333334 0.087890625 0.040364583333333336
6 0.84326171875 0.9407552083333334 0.1611328125 0.040364583333333336
0 0.84375 0.94140625 0.1953125 0.0703125