4 0.0390625 0.038411458333333336 0.015625 0.01953125
0 0.068359375 0.038411458333333336 0.09765625 0.053385416666666664
7 0.08056640625 0.037109375 0.0498046875 0.01953125
4 0.5 0.038411458333333336 0.259765625 0.045572916666666664
0 0.5 0.038411458333333336 0.259765625 0.045572916666666664
7 0.88916015625 0.039713541666666664 0.0439453125 0.053385416666666664
0 0.88916015625 0.038411458333333336 0.0751953125 0.053385416666666664
4 0.9609375 0.038411458333333336 0.0234375 0.032552083333333336
0 0.9609375 0.038411458333333336 0.0390625 0.053385416666666664
0 0.0859375 0.14453125 0.1328125 0.078125
2 0.5 0.13216145833333334 0.203125 0.053385416666666664
6 0.3349609375 0.1953125 0.134765625 0.018229166666666668
6 0.46875 0.1953125 0.08203125 0.018229166666666668
6 0.56689453125 0.1953125 0.0634765625 0.018229166666666668
6 0.640625 0.1953125 0.033203125 0.018229166666666668
7 0.69970703125 0.19466145833333334 0.0341796875 0.01953125
4 0.7236328125 0.201171875 0.01171875 0.022135416666666668
0 0.9140625 0.14453125 0.1328125 0.078125
7 0.5 0.2649739583333333 0.6875 0.014322916666666666
3 0.51171875 0.3372395833333333 0.7109375 0.1171875
7 0.5 0.4479166666666667 0.6484375 0.052083333333333336
4 0.5 0.75 0.6484375 0.5
0 0.5 0.75 0.6484375 0.5
7 0.35107421875 0.857421875 0.2626953125 0.01953125
6 0.52880859375 0.857421875 0.0947265625 0.01953125
7 0.5908203125 0.857421875 0.029296875 0.01953125
6 0.64404296875 0.857421875 0.0791015625 0.01953125
7 0.49365234375 0.8723958333333334 0.5478515625 0.049479166666666664
6 0.53955078125 0.8873697916666666 0.0791015625 0.01953125
7 0.580078125 0.8873697916666666 0.00390625 0.01953125
0 0.60107421875 0.8880208333333334 0.0380859375 0.041666666666666664
7 0.234375 0.9166666666666666 0.390625 0.03125
7 0.0654296875 0.9524739583333334 0.0390625 0.040364583333333336
7 0.1005859375 0.9524739583333334 0.033203125 0.040364583333333336
7 0.17578125 0.9524739583333334 0.12109375 0.040364583333333336
7 0.2392578125 0.9524739583333334 0.0078125 0.040364583333333336
7 0.27392578125 0.9524739583333334 0.0615234375 0.040364583333333336
7 0.3203125 0.9524739583333334 0.033203125 0.040364583333333336
7 0.3798828125 0.9524739583333334 0.087890625 0.040364583333333336
6 0.84326171875 0.9407552083333334 0.1611328125 0.040364583333333336
0 0.84375 0.94140625 0.1953125 0.0703125