7 0.34375 0.859375 0.642578125 0.19270833333333334
6 0.50537109375 0.9459635416666666 0.1240234375 0.01953125
7 0.33251953125 0.9583333333333334 0.6201171875 0.044270833333333336
7 0.75244140625 0.87109375 0.0732421875 0.018229166666666668
0 0.75244140625 0.8717447916666666 0.1376953125 0.05078125
7 0.89892578125 0.87109375 0.0498046875 0.018229166666666668
0 0.89892578125 0.8717447916666666 0.1376953125 0.05078125
7 0.474609375 0.033854166666666664 0.021484375 0.015625
6 0.095703125 0.033854166666666664 0.09765625 0.015625
6 0.21142578125 0.033854166666666664 0.1357421875 0.015625
6 0.3125 0.033854166666666664 0.06640625 0.015625
6 0.37939453125 0.033854166666666664 0.0712890625 0.015625
7 0.826171875 0.03515625 0.07421875 0.026041666666666668
7 0.931640625 0.03515625 0.076171875 0.020833333333333332
0 0.92333984375 0.03515625 0.1064453125 0.026041666666666668
7 0.6962890625 0.03515625 0.07421875 0.015625
0 0.68896484375 0.03515625 0.0986328125 0.026041666666666668
4 0.2041015625 0.10611979166666667 0.353515625 0.05078125
0 0.2041015625 0.107421875 0.353515625 0.053385416666666664
7 0.03515625 0.20703125 0.0390625 0.044270833333333336
7 0.07421875 0.20703125 0.0390625 0.044270833333333336
0 0.1357421875 0.20768229166666666 0.064453125 0.01953125
0 0.23046875 0.20768229166666666 0.0859375 0.01953125
0 0.3173828125 0.20768229166666666 0.048828125 0.01953125
0 0.38818359375 0.20768229166666666 0.0537109375 0.01953125
0 0.44970703125 0.20768229166666666 0.0302734375 0.01953125
0 0.51318359375 0.20768229166666666 0.0576171875 0.01953125
0 0.59375 0.20768229166666666 0.064453125 0.01953125
0 0.66259765625 0.20768229166666666 0.0341796875 0.01953125
0 0.7177734375 0.20768229166666666 0.037109375 0.01953125
0 0.77978515625 0.20768229166666666 0.0478515625 0.01953125
0 0.84814453125 0.20768229166666666 0.0498046875 0.01953125
0 0.9130859375 0.20768229166666666 0.041015625 0.01953125
7 0.158203125 0.3033854166666667 0.28515625 0.044270833333333336
4 0.06689453125 0.396484375 0.0732421875 0.09765625
0 0.0634765625 0.4381510416666667 0.0859375 0.024739583333333332
7 0.1767578125 0.3600260416666667 0.12109375 0.024739583333333332
7 0.177734375 0.384765625 0.123046875 0.024739583333333332
7 0.171875 0.4127604166666667 0.111328125 0.028645833333333332
7 0.15283203125 0.4361979166666667 0.0732421875 0.028645833333333332
4 0.3046875 0.396484375 0.07421875 0.09765625
0 0.30126953125 0.4381510416666667 0.0869140625 0.024739583333333332
7 0.42724609375 0.3600260416666667 0.1474609375 0.024739583333333332
7 0.41455078125 0.384765625 0.1220703125 0.024739583333333332
7 0.39208984375 0.4127604166666667 0.0771484375 0.028645833333333332
7 0.40673828125 0.4361979166666667 0.1064453125 0.028645833333333332
4 0.564453125 0.396484375 0.07421875 0.09765625
0 0.56103515625 0.4381510416666667 0.0869140625 0.024739583333333332
7 0.68798828125 0.3600260416666667 0.1494140625 0.024739583333333332
0 0.68798828125 0.3971354166666667 0.1494140625 0.09895833333333333
7 0.67333984375 0.3880208333333333 0.1201171875 0.028645833333333332
7 0.68798828125 0.4114583333333333 0.1494140625 0.028645833333333332
7 0.6787109375 0.4348958333333333 0.130859375 0.028645833333333332
4 0.8271484375 0.396484375 0.07421875 0.09765625
0 0.82373046875 0.4381510416666667 0.0869140625 0.024739583333333332
7 0.93359375 0.3600260416666667 0.115234375 0.024739583333333332
0 0.93359375 0.3971354166666667 0.115234375 0.09895833333333333
7 0.92431640625 0.3880208333333333 0.0966796875 0.028645833333333332
7 0.916015625 0.4114583333333333 0.080078125 0.028645833333333332
7 0.9296875 0.4348958333333333 0.107421875 0.028645833333333332
7 0.49755859375 0.4895833333333333 0.0849609375 0.018229166666666668
7 0.33935546875 0.509765625 0.1220703125 0.022135416666666668
7 0.42236328125 0.509765625 0.0439453125 0.022135416666666668
7 0.49169921875 0.509765625 0.0732421875 0.022135416666666668
7 0.546875 0.509765625 0.037109375 0.022135416666666668
7 0.62060546875 0.509765625 0.0888671875 0.022135416666666668
7 0.68701171875 0.509765625 0.0439453125 0.022135416666666668
7 0.34912109375 0.53515625 0.0654296875 0.018229166666666668
7 0.42578125 0.5345052083333334 0.07421875 0.022135416666666668
7 0.47265625 0.5345052083333334 0.021484375 0.022135416666666668
7 0.5390625 0.53515625 0.0703125 0.018229166666666668
7 0.6181640625 0.5345052083333334 0.07421875 0.022135416666666668
7 0.6650390625 0.5345052083333334 0.021484375 0.022135416666666668
7 0.171875 0.6354166666666666 0.3125 0.028645833333333332
2 0.1455078125 0.7727864583333334 0.259765625 0.2565104166666667
7 0.05419921875 0.9153645833333334 0.0771484375 0.020833333333333332
7 0.171875 0.9557291666666666 0.3125 0.049479166666666664
7 0.31689453125 0.994140625 0.0126953125 0.01171875
4 0.6640625 0.806640625 0.640625 0.38671875
4 0.365234375 0.896484375 0.01953125 0.02734375
7 0.44384765625 0.896484375 0.1376953125 0.02734375
7 0.6640625 0.9290364583333334 0.6171875 0.02734375
2 0.58203125 0.966796875 0.453125 0.05859375
7 0.40185546875 0.9993489583333334 0.0927734375 0.0013020833333333333