4 0.0341796875 0.029296875 0.0390625 0.05859375
0 0.0341796875 0.029947916666666668 0.0390625 0.059895833333333336
0 0.111328125 0.021484375 0.115234375 0.04296875
0 0.9462890625 0.01953125 0.078125 0.0390625
4 0.234375 0.10026041666666667 0.4375 0.0703125
7 0.615234375 0.09635416666666667 0.09375 0.026041666666666668
0 0.59716796875 0.095703125 0.1416015625 0.053385416666666664
1 0.78759765625 0.10286458333333333 0.2236328125 0.044270833333333336
7 0.91455078125 0.10286458333333333 0.0322265625 0.044270833333333336
4 0.9482421875 0.1015625 0.013671875 0.026041666666666668
0 0.0615234375 0.15364583333333334 0.091796875 0.033854166666666664
0 0.16455078125 0.15364583333333334 0.1162109375 0.033854166666666664
0 0.3017578125 0.15364583333333334 0.16015625 0.033854166666666664
0 0.46826171875 0.15364583333333334 0.1748046875 0.033854166666666664
0 0.6015625 0.15364583333333334 0.09375 0.033854166666666664
2 0.3212890625 0.24153645833333334 0.583984375 0.05078125
7 0.3212890625 0.3111979166666667 0.583984375 0.0625
0 0.0986328125 0.37109375 0.099609375 0.0234375
7 0.203125 0.3704427083333333 0.109375 0.022135416666666668
7 0.08056640625 0.4016927083333333 0.0634765625 0.022135416666666668
0 0.255859375 0.40234375 0.2890625 0.0234375
7 0.4033203125 0.4016927083333333 0.005859375 0.022135416666666668
0 0.14404296875 0.43359375 0.1904296875 0.0234375
7 0.3935546875 0.4329427083333333 0.310546875 0.022135416666666668
0 0.0693359375 0.4778645833333333 0.080078125 0.0234375
7 0.16064453125 0.4772135416666667 0.1044921875 0.022135416666666668
0 0.31494140625 0.4778645833333333 0.2060546875 0.0234375
2 0.3212890625 0.5618489583333334 0.583984375 0.04296875
2 0.142578125 0.6256510416666666 0.2265625 0.03515625
7 0.3125 0.7024739583333334 0.56640625 0.08463541666666667
0 0.4150390625 0.734375 0.103515625 0.0234375
2 0.3212890625 0.7923177083333334 0.583984375 0.04296875
2 0.3212890625 0.8828125 0.5546875 0.033854166666666664
6 0.12060546875 0.927734375 0.0830078125 0.022135416666666668
6 0.23779296875 0.927734375 0.0732421875 0.022135416666666668
6 0.3359375 0.927734375 0.044921875 0.022135416666666668
6 0.4501953125 0.927734375 0.107421875 0.022135416666666668
6 0.13232421875 0.958984375 0.0986328125 0.022135416666666668
6 0.28857421875 0.958984375 0.1376953125 0.022135416666666668
6 0.47509765625 0.958984375 0.1552734375 0.022135416666666668
6 0.10693359375 0.9895833333333334 0.0478515625 0.020833333333333332
6 0.2158203125 0.9895833333333334 0.091796875 0.020833333333333332
6 0.33447265625 0.9895833333333334 0.0693359375 0.020833333333333332
3 0.806640625 0.39453125 0.328125 0.3645833333333333
3 0.806640625 0.7890625 0.328125 0.3645833333333333