4 0.037109375 0.027994791666666668 0.01171875 0.022135416666666668
0 0.0869140625 0.026692708333333332 0.111328125 0.024739583333333332
7 0.07568359375 0.027994791666666668 0.0576171875 0.022135416666666668
0 0.2080078125 0.027994791666666668 0.046875 0.022135416666666668
0 0.279296875 0.027994791666666668 0.06640625 0.022135416666666668
0 0.3466796875 0.027994791666666668 0.0390625 0.022135416666666668
0 0.390625 0.027994791666666668 0.01953125 0.022135416666666668
0 0.44091796875 0.027994791666666668 0.0517578125 0.022135416666666668
0 0.49609375 0.027994791666666668 0.029296875 0.022135416666666668
0 0.54443359375 0.027994791666666668 0.0380859375 0.022135416666666668
0 0.5966796875 0.027994791666666668 0.037109375 0.022135416666666668
0 0.64306640625 0.027994791666666668 0.0263671875 0.022135416666666668
0 0.69287109375 0.027994791666666668 0.0439453125 0.022135416666666668
0 0.7568359375 0.027994791666666668 0.0546875 0.022135416666666668
4 0.80712890625 0.027994791666666668 0.0166015625 0.022135416666666668
0 0.80712890625 0.027994791666666668 0.0166015625 0.022135416666666668
7 0.935546875 0.026692708333333332 0.06640625 0.022135416666666668
4 0.07275390625 0.134765625 0.0830078125 0.08203125
0 0.111328125 0.13606770833333334 0.16015625 0.08463541666666667
7 0.15380859375 0.13606770833333334 0.0751953125 0.022135416666666668
4 0.5 0.13606770833333334 0.333984375 0.08463541666666667
0 0.5 0.13606770833333334 0.333984375 0.08463541666666667
7 0.916015625 0.12565104166666666 0.087890625 0.02734375
0 0.916015625 0.13606770833333334 0.10546875 0.06901041666666667
7 0.916015625 0.14908854166666666 0.08984375 0.022135416666666668
7 0.5 0.2721354166666667 0.9140625 0.03125
2 0.1875 0.41796875 0.2890625 0.19791666666666666
0 0.1875 0.41796875 0.2890625 0.19791666666666666
4 0.65625 0.544921875 0.6015625 0.4518229166666667
0 0.65625 0.544921875 0.6015625 0.4518229166666667
7 0.06982421875 0.5397135416666666 0.0537109375 0.024739583333333332
7 0.185546875 0.5787760416666666 0.28515625 0.10286458333333333
4 0.1484375 0.8815104166666666 0.2109375 0.15885416666666666
0 0.1484375 0.8815104166666666 0.2109375 0.15885416666666666
4 0.076171875 0.9934895833333334 0.01171875 0.013020833333333334
7 0.12158203125 0.9915364583333334 0.0634765625 0.016927083333333332
0 0.162109375 0.9908854166666666 0.18359375 0.018229166666666668
4 0.3828125 0.8815104166666666 0.2109375 0.15885416666666666
0 0.3828125 0.8815104166666666 0.2109375 0.15885416666666666
2 0.396484375 0.9908854166666666 0.18359375 0.018229166666666668
0 0.396484375 0.9908854166666666 0.18359375 0.018229166666666668
4 0.6171875 0.8815104166666666 0.2109375 0.15885416666666666
0 0.6171875 0.8815104166666666 0.2109375 0.15885416666666666
2 0.630859375 0.9908854166666666 0.18359375 0.018229166666666668
0 0.630859375 0.9908854166666666 0.18359375 0.018229166666666668
4 0.8515625 0.8815104166666666 0.2109375 0.15885416666666666
0 0.8515625 0.8815104166666666 0.2109375 0.15885416666666666
2 0.8525390625 0.9908854166666666 0.158203125 0.018229166666666668
7 0.49365234375 0.8177083333333334 0.7880859375 0.046875
7 0.48876953125 0.8307291666666666 0.2255859375 0.0234375
7 0.49951171875 0.8444010416666666 0.7998046875 0.045572916666666664
6 0.14892578125 0.8841145833333334 0.0986328125 0.0234375
7 0.19921875 0.884765625 0.00390625 0.01953125
0 0.43115234375 0.9459635416666666 0.2939453125 0.055989583333333336
0 0.75341796875 0.9459635416666666 0.2939453125 0.055989583333333336