7 0.0322265625 0.048828125 0.025390625 0.01171875
0 0.0322265625 0.048828125 0.025390625 0.01171875
4 0.5 0.036458333333333336 0.0390625 0.052083333333333336
0 0.5 0.036458333333333336 0.0390625 0.052083333333333336
4 0.90234375 0.032552083333333336 0.01953125 0.026041666666666668
0 0.90234375 0.032552083333333336 0.01953125 0.06510416666666667
4 0.9365234375 0.03515625 0.01953125 0.026041666666666668
0 0.9365234375 0.036458333333333336 0.01953125 0.07291666666666667
7 0.9365234375 0.060546875 0.0078125 0.024739583333333332
4 0.970703125 0.03515625 0.01953125 0.026041666666666668
0 0.970703125 0.036458333333333336 0.01953125 0.07291666666666667
7 0.970703125 0.060546875 0.0078125 0.024739583333333332
1 0.5 0.11197916666666667 0.9609375 0.052083333333333336
4 0.953125 0.11197916666666667 0.015625 0.020833333333333332
0 0.953125 0.11197916666666667 0.015625 0.020833333333333332
4 0.291015625 0.18359375 0.08203125 0.06510416666666667
7 0.51123046875 0.18294270833333334 0.3310546875 0.016927083333333332
6 0.71875 0.18294270833333334 0.0625 0.016927083333333332
4 0.5 0.42578125 1 0.4166666666666667
0 0.5 0.42578125 1 0.4166666666666667
4 0.1806640625 0.322265625 0.146484375 0.02734375
2 0.21630859375 0.37890625 0.2177734375 0.03125
7 0.26513671875 0.4407552083333333 0.3154296875 0.04296875
7 0.15966796875 0.5162760416666666 0.0732421875 0.032552083333333336
0 0.17333984375 0.5162760416666666 0.1318359375 0.061197916666666664
4 1 0.42578125 0 0.4166666666666667
0 1 0.42578125 0 0.4166666666666667
4 0.5 0.5950520833333334 0.05078125 0.013020833333333334
4 0.20703125 0.728515625 0.078125 0.08463541666666667
0 0.20703125 0.748046875 0.078125 0.12369791666666667
7 0.20703125 0.7994791666666666 0.025390625 0.015625
4 0.314453125 0.728515625 0.078125 0.08463541666666667
0 0.314453125 0.748046875 0.078125 0.12369791666666667
7 0.314453125 0.7994791666666666 0.056640625 0.015625
4 0.421875 0.728515625 0.078125 0.08463541666666667
0 0.421875 0.748046875 0.078125 0.12369791666666667
7 0.421875 0.7994791666666666 0.03515625 0.015625
4 0.529296875 0.728515625 0.078125 0.08463541666666667
0 0.529296875 0.748046875 0.078125 0.12369791666666667
7 0.529296875 0.7994791666666666 0.0625 0.015625
4 0.646484375 0.728515625 0.078125 0.08463541666666667
0 0.646484375 0.759765625 0.09765625 0.14713541666666666
7 0.646484375 0.8111979166666666 0.05859375 0.0390625
4 0.763671875 0.728515625 0.078125 0.08463541666666667
0 0.763671875 0.748046875 0.078125 0.12369791666666667
7 0.763671875 0.7994791666666666 0.017578125 0.015625
7 0.12158203125 0.9778645833333334 0.2041015625 0.041666666666666664
2 0.25 0.22916666666666666 0.2109375 0.041666666666666664
0 0.25 0.3020833333333333 0.1953125 0.0625
4 0.25 0.587890625 0.3828125 0.4075520833333333
4 0.5 0.4479166666666667 0.078125 0.10416666666666667
2 0.75 0.22786458333333334 0.21484375 0.041666666666666664
7 0.724609375 0.306640625 0.125 0.032552083333333336
0 0.75 0.3072916666666667 0.212890625 0.07552083333333333
4 0.75 0.5944010416666666 0.3828125 0.3971354166666667
7 0.5 0.9140625 0.55078125 0.06510416666666667
6 0.43896484375 0.9635416666666666 0.0751953125 0.015625
7 0.50048828125 0.9635416666666666 0.0478515625 0.015625
6 0.56005859375 0.9635416666666666 0.0712890625 0.015625
7 0.59716796875 0.9635416666666666 0.0029296875 0.015625
2 0.5 0.4908854166666667 0.94140625 0.057291666666666664
7 0.5 0.5859375 0.94140625 0.06510416666666667
7 0.4892578125 0.6549479166666666 0.919921875 0.020833333333333332
6 0.08056640625 0.6875 0.1025390625 0.020833333333333332
7 0.16259765625 0.6875 0.0615234375 0.020833333333333332
6 0.24560546875 0.6875 0.1044921875 0.020833333333333332
7 0.6025390625 0.6875 0.609375 0.020833333333333332
7 0.5 0.7903645833333334 0.94140625 0.13020833333333334
0 0.10302734375 0.927734375 0.1474609375 0.06640625
7 0.27001953125 0.9270833333333334 0.1162109375 0.020833333333333332
0 0.27001953125 0.927734375 0.1474609375 0.06640625