6 0.0625 0.016276041666666668 0.078125 0.022135416666666668
6 0.14501953125 0.016276041666666668 0.0556640625 0.022135416666666668
6 0.21484375 0.016276041666666668 0.052734375 0.022135416666666668
6 0.2841796875 0.016276041666666668 0.0546875 0.022135416666666668
6 0.3505859375 0.016276041666666668 0.046875 0.022135416666666668
6 0.41259765625 0.016276041666666668 0.0458984375 0.022135416666666668
6 0.48583984375 0.016276041666666668 0.0693359375 0.022135416666666668
6 0.56494140625 0.016276041666666668 0.0576171875 0.022135416666666668
6 0.6484375 0.016276041666666668 0.078125 0.022135416666666668
6 0.75146484375 0.016276041666666668 0.0634765625 0.022135416666666668
6 0.861328125 0.016276041666666668 0.091796875 0.022135416666666668
4 0.111328125 0.09505208333333333 0.17578125 0.059895833333333336
0 0.09375 0.09114583333333333 0.140625 0.109375
7 0.24853515625 0.09114583333333333 0.1376953125 0.0390625
4 0.6376953125 0.09114583333333333 0.0234375 0.03125
0 0.6376953125 0.09114583333333333 0.04296875 0.057291666666666664
4 0.6884765625 0.09114583333333333 0.017578125 0.0234375
0 0.7158203125 0.09114583333333333 0.09765625 0.057291666666666664
7 0.72705078125 0.09114583333333333 0.0302734375 0.03125
4 0.7861328125 0.09114583333333333 0.017578125 0.0234375
0 0.82763671875 0.09114583333333333 0.1259765625 0.057291666666666664
7 0.8388671875 0.09114583333333333 0.05859375 0.03125
4 0.912109375 0.09114583333333333 0.017578125 0.0234375
0 0.912109375 0.09114583333333333 0.029296875 0.0390625
4 0.955078125 0.09114583333333333 0.0234375 0.03125
0 0.955078125 0.09114583333333333 0.04296875 0.057291666666666664
7 0.05322265625 0.16015625 0.0478515625 0.028645833333333332
0 0.05322265625 0.16015625 0.0595703125 0.028645833333333332
7 0.1220703125 0.16015625 0.052734375 0.028645833333333332
0 0.1220703125 0.16015625 0.064453125 0.028645833333333332
7 0.205078125 0.16015625 0.076171875 0.028645833333333332
0 0.205078125 0.16015625 0.087890625 0.028645833333333332
7 0.28466796875 0.16015625 0.0458984375 0.028645833333333332
0 0.28466796875 0.16015625 0.0576171875 0.028645833333333332
7 0.36328125 0.16015625 0.07421875 0.028645833333333332
0 0.36328125 0.16015625 0.0859375 0.028645833333333332
7 0.44873046875 0.16015625 0.0595703125 0.028645833333333332
0 0.44873046875 0.16015625 0.0712890625 0.028645833333333332
7 0.54443359375 0.16015625 0.0947265625 0.028645833333333332
0 0.54443359375 0.16015625 0.1064453125 0.028645833333333332
7 0.65576171875 0.16015625 0.0908203125 0.028645833333333332
0 0.65576171875 0.16015625 0.1025390625 0.028645833333333332
7 0.740234375 0.16015625 0.041015625 0.028645833333333332
0 0.740234375 0.16015625 0.052734375 0.028645833333333332
4 0.2490234375 0.4322916666666667 0.462890625 0.4036458333333333
0 0.2490234375 0.23046875 0.462890625 0
7 0.2451171875 0.669921875 0.111328125 0.040364583333333336
0 0.2490234375 0.669921875 0.119140625 0.040364583333333336
2 0.2490234375 0.7421875 0.3828125 0.0546875
0 0.2490234375 0.7421875 0.3828125 0.0546875
7 0.2490234375 0.8053385416666666 0.064453125 0.022135416666666668
0 0.2490234375 0.8053385416666666 0.064453125 0.032552083333333336
4 0.6259765625 0.3098958333333333 0.2109375 0.15885416666666666
0 0.6259765625 0.23046875 0.2109375 0
2 0.6259765625 0.4381510416666667 0.2109375 0.061197916666666664
0 0.6259765625 0.4381510416666667 0.2109375 0.061197916666666664
7 0.560546875 0.494140625 0.080078125 0.022135416666666668
0 0.560546875 0.494140625 0.080078125 0.032552083333333336
4 0.6259765625 0.6536458333333334 0.2109375 0.15885416666666666
0 0.6259765625 0.5748697916666666 0.2109375 0.0013020833333333333
2 0.6259765625 0.7825520833333334 0.2109375 0.059895833333333336
0 0.6259765625 0.7825520833333334 0.2109375 0.059895833333333336
7 0.544921875 0.8385416666666666 0.048828125 0.020833333333333332
0 0.544921875 0.8385416666666666 0.048828125 0.03125
2 0.876953125 0.24609375 0.2109375 0.03125
4 0.8017578125 0.3053385416666667 0.060546875 0.045572916666666664
0 0.8017578125 0.3053385416666667 0.060546875 0.045572916666666664
2 0.91162109375 0.3274739583333333 0.1416015625 0.08984375
0 0.91162109375 0.3274739583333333 0.1416015625 0.08984375
7 0.873046875 0.3880208333333333 0.064453125 0.020833333333333332
0 0.91162109375 0.3880208333333333 0.1416015625 0.03125
4 0.8017578125 0.4798177083333333 0.060546875 0.045572916666666664
0 0.8017578125 0.4798177083333333 0.060546875 0.045572916666666664
2 0.91162109375 0.4869791666666667 0.1416015625 0.059895833333333336
0 0.91162109375 0.4869791666666667 0.1416015625 0.059895833333333336
7 0.9091796875 0.5325520833333334 0.13671875 0.020833333333333332
0 0.91162109375 0.5325520833333334 0.1416015625 0.03125
4 0.8017578125 0.6243489583333334 0.060546875 0.045572916666666664
0 0.8017578125 0.6243489583333334 0.060546875 0.045572916666666664
2 0.91162109375 0.6315104166666666 0.1416015625 0.059895833333333336
0 0.91162109375 0.6315104166666666 0.1416015625 0.059895833333333336
7 0.8701171875 0.6770833333333334 0.05859375 0.020833333333333332
0 0.91162109375 0.6770833333333334 0.1416015625 0.03125
4 0.8017578125 0.7688802083333334 0.060546875 0.045572916666666664
0 0.8017578125 0.7688802083333334 0.060546875 0.045572916666666664
2 0.91162109375 0.791015625 0.1416015625 0.08984375
0 0.91162109375 0.791015625 0.1416015625 0.08984375
7 0.88232421875 0.8515625 0.0830078125 0.020833333333333332
0 0.91162109375 0.8515625 0.1416015625 0.03125
2 0.69775390625 0.984375 0.0302734375 0.03125
2 0.76123046875 0.984375 0.0986328125 0.03125
4 0.06298828125 0.986328125 0.0244140625 0.02734375
7 0.1259765625 0.9856770833333334 0.044921875 0.026041666666666668
4 0.25537109375 0.98828125 0.2080078125 0.0234375