2 0.060546875 0.043619791666666664 0.05859375 0.02734375
6 0.13818359375 0.044270833333333336 0.0615234375 0.020833333333333332
6 0.232421875 0.044270833333333336 0.07421875 0.020833333333333332
6 0.3173828125 0.044270833333333336 0.04296875 0.020833333333333332
6 0.4013671875 0.044270833333333336 0.072265625 0.020833333333333332
6 0.490234375 0.044270833333333336 0.052734375 0.020833333333333332
6 0.5703125 0.044270833333333336 0.0546875 0.020833333333333332
7 0.8115234375 0.04296875 0.146484375 0.03125
0 0.921875 0.04296875 0.044921875 0.0234375
0 0.9638671875 0.04296875 0.009765625 0.0234375
0 0.09423828125 0.5026041666666666 0.1259765625 0.044270833333333336
0 0.0849609375 0.5052083333333334 0.107421875 0.044270833333333336
0 0.19921875 0.5052083333333334 0.107421875 0.044270833333333336
0 0.095703125 0.5227864583333334 0.12890625 0.045572916666666664
0 0.4677734375 0.6328125 0.01171875 0.015625
0 0.5 0.6328125 0.01171875 0.015625
0 0.5322265625 0.6328125 0.01171875 0.015625
4 0.2509765625 0.888671875 0.439453125 0.22265625
2 0.724609375 0.873046875 0.400390625 0.09244791666666667
2 0.654296875 0.9524739583333334 0.259765625 0.09505208333333333