2 0.146484375 0.037109375 0.244140625 0.01953125
7 0.73046875 0.0390625 0.037109375 0.028645833333333332
6 0.81982421875 0.010416666666666666 0.2060546875 0.020833333333333332
1 0.8876953125 0.0390625 0.17578125 0.044270833333333336
4 0.0791015625 0.8880208333333334 0.109375 0.005208333333333333
4 0.5 0.8880208333333334 0.30078125 0.005208333333333333
4 0.8251953125 0.8880208333333334 0.30078125 0.005208333333333333
4 0.5 0.46875 1 0.78125
6 0.048828125 0.5579427083333334 0.0390625 0.01953125
2 0.37109375 0.671875 0.693359375 0.15625
7 0.037109375 0.7884114583333334 0.025390625 0.029947916666666668
7 0.10205078125 0.7884114583333334 0.1044921875 0.029947916666666668
2 0.5 0.9765625 0.951171875 0.041666666666666664