4 0.1181640625 0.039713541666666664 0.16796875 0.02734375
0 0.1181640625 0.042317708333333336 0.16796875 0.032552083333333336
0 0.3017578125 0.045572916666666664 0.130859375 0.08072916666666667
0 0.42529296875 0.045572916666666664 0.1181640625 0.08072916666666667
0 0.5302734375 0.045572916666666664 0.095703125 0.08072916666666667
6 0.83837890625 0.044921875 0.0439453125 0.01953125
0 0.927734375 0.045572916666666664 0.09765625 0.046875
2 0.5 0.3697916666666667 1 0.0859375
2 0.5 0.4765625 0.6796875 0.07291666666666667
0 0.5 0.6848958333333334 0.166015625 0.057291666666666664
7 0.5 0.80859375 1 0.19010416666666666
4 0.111328125 0.9733072916666666 0.09765625 0.032552083333333336
4 0.240234375 0.9733072916666666 0.087890625 0.022135416666666668
4 0.36767578125 0.9733072916666666 0.0966796875 0.022135416666666668
4 0.51123046875 0.9733072916666666 0.1181640625 0.022135416666666668
4 0.63818359375 0.9733072916666666 0.0634765625 0.022135416666666668
4 0.75732421875 0.9733072916666666 0.1044921875 0.022135416666666668
4 0.8916015625 0.9733072916666666 0.091796875 0.022135416666666668
7 0.89111328125 0.9524739583333334 0.1787109375 0.09505208333333333