4 0.01904296875 0.173828125 0.0380859375 0.055989583333333336
4 0.11328125 0.1875 0.103515625 0.125
4 0.240234375 0.16927083333333334 0.103515625 0.046875
4 0.3671875 0.173828125 0.103515625 0.055989583333333336
4 0.494140625 0.169921875 0.103515625 0.032552083333333336
4 0.62109375 0.17317708333333334 0.103515625 0.0546875
4 0.748046875 0.17122395833333334 0.103515625 0.03515625
4 0.875 0.18229166666666666 0.103515625 0.08854166666666667
4 0.97509765625 0.173828125 0.0498046875 0.055989583333333336
4 0.173828125 0.18033854166666666 0.017578125 0.024739583333333332
0 0.173828125 0.181640625 0.0234375 0.032552083333333336
4 0.826171875 0.18033854166666666 0.017578125 0.024739583333333332
0 0.826171875 0.181640625 0.0234375 0.032552083333333336
1 0.486328125 0.3430989583333333 0.556640625 0.045572916666666664
4 0.78369140625 0.34375 0.0244140625 0.03125
0 0.7900390625 0.34375 0.04296875 0.057291666666666664
1 0.40576171875 0.412109375 0.0771484375 0.048177083333333336
1 0.49755859375 0.412109375 0.0849609375 0.048177083333333336
1 0.59130859375 0.412109375 0.0830078125 0.048177083333333336
7 0.5 0.4661458333333333 0.1796875 0.033854166666666664
4 0.1787109375 0.018229166666666668 0.015625 0.020833333333333332
7 0.20458984375 0.018880208333333332 0.0263671875 0.01953125
4 0.26025390625 0.018229166666666668 0.0166015625 0.020833333333333332
7 0.2939453125 0.018880208333333332 0.04296875 0.01953125
4 0.34521484375 0.018229166666666668 0.0166015625 0.020833333333333332
7 0.37744140625 0.018880208333333332 0.0400390625 0.01953125
4 0.42724609375 0.018229166666666668 0.0166015625 0.020833333333333332
7 0.45556640625 0.018880208333333332 0.0322265625 0.01953125
4 0.50244140625 0.018229166666666668 0.0166015625 0.020833333333333332
7 0.5419921875 0.018880208333333332 0.0546875 0.01953125
7 0.9169921875 0.026041666666666668 0.14453125 0.036458333333333336
7 0.32861328125 0.98828125 0.0830078125 0.015625
6 0.40576171875 0.98828125 0.0361328125 0.015625
7 0.4345703125 0.98828125 0.013671875 0.015625
6 0.46044921875 0.98828125 0.0302734375 0.015625
7 0.486328125 0.98828125 0.013671875 0.015625
6 0.51611328125 0.98828125 0.0380859375 0.015625
7 0.5458984375 0.98828125 0.013671875 0.015625
6 0.58447265625 0.98828125 0.0556640625 0.015625
7 0.6220703125 0.98828125 0.013671875 0.015625
6 0.6630859375 0.98828125 0.060546875 0.015625