7 0.47705078125 0.020182291666666668 0.8994140625 0.024739583333333332
6 0.04443359375 0.043619791666666664 0.0341796875 0.024739583333333332
7 0.0634765625 0.043619791666666664 0.00390625 0.024739583333333332
0 0.9580078125 0.032552083333333336 0.029296875 0.026041666666666668
4 0.20458984375 0.16145833333333334 0.3544921875 0.1171875
0 0.20458984375 0.16145833333333334 0.3544921875 0.1171875
1 0.67724609375 0.19921875 0.1787109375 0.0390625
1 0.81982421875 0.19921875 0.1064453125 0.0390625
0 0.89208984375 0.19921875 0.0380859375 0.0390625
0 0.95654296875 0.203125 0.0595703125 0.09895833333333333
0 0.0390625 0.568359375 0.0390625 0.08723958333333333
4 0 0.5651041666666666 0 0.6223958333333334
0 0 0.5651041666666666 0 0.6223958333333334
4 0.5 0.5651041666666666 1 0.6223958333333334
0 0.5 0.5651041666666666 1 0.6223958333333334
2 0.478515625 0.755859375 0.69140625 0.05078125
6 0.478515625 0.8020833333333334 0.69140625 0.028645833333333332
7 0.857421875 0.8020833333333334 0.021484375 0.028645833333333332
4 1 0.5651041666666666 0 0.6223958333333334
0 1 0.5651041666666666 0 0.6223958333333334
0 0.9609375 0.568359375 0.0390625 0.08723958333333333
6 0.10546875 0.912109375 0.123046875 0.032552083333333336
6 0.2763671875 0.912109375 0.1484375 0.032552083333333336
6 0.43603515625 0.912109375 0.1005859375 0.032552083333333336
6 0.55224609375 0.912109375 0.0615234375 0.032552083333333336
6 0.6552734375 0.912109375 0.07421875 0.032552083333333336
6 0.75048828125 0.912109375 0.0458984375 0.032552083333333336
6 0.8935546875 0.912109375 0.169921875 0.032552083333333336
2 0.5 0.9928385416666666 0.97265625 0.014322916666666666