7 0.4248046875 0.908203125 0.8203125 0.024739583333333332
0 0.912109375 0.9700520833333334 0.15625 0.03125
0 0.8994140625 0.9088541666666666 0.119140625 0.026041666666666668
0 0.5 0 0.98046875 0
0 0.09228515625 0.052083333333333336 0.1650390625 0.078125
0 0.84375 0.052083333333333336 0.109375 0.10416666666666667
0 0.94921875 0.052083333333333336 0.1015625 0.10416666666666667
2 0.11474609375 0.3834635416666667 0.1806640625 0.032552083333333336
0 0.125 0.390625 0.23046875 0.4427083333333333
2 0.11962890625 0.4485677083333333 0.1904296875 0.09765625
0 0.04296875 0.58203125 0.037109375 0.020833333333333332
2 0.34130859375 0.3997395833333333 0.1337890625 0.06510416666666667
0 0.375 0.390625 0.23046875 0.4427083333333333
2 0.3544921875 0.4485677083333333 0.16015625 0.09765625
0 0.29296875 0.58203125 0.037109375 0.020833333333333332
2 0.5673828125 0.3834635416666667 0.0859375 0.032552083333333336
0 0.625 0.390625 0.23046875 0.4427083333333333
2 0.5966796875 0.3997395833333333 0.14453125 0.06510416666666667
0 0.56982421875 0.58203125 0.0908203125 0.020833333333333332
2 0.8642578125 0.3997395833333333 0.1796875 0.06510416666666667
0 0.875 0.390625 0.23046875 0.4427083333333333
2 0.85791015625 0.4485677083333333 0.1669921875 0.09765625
0 0.794921875 0.58203125 0.041015625 0.020833333333333332
4 0.34619140625 0.8190104166666666 0.2900390625 0.3619791666666667
0 0.25 0.8190104166666666 0.48046875 0.3619791666666667
2 0.07958984375 0.6731770833333334 0.1103515625 0.03125
2 0.1005859375 0.8196614583333334 0.15234375 0.2591145833333333
2 0.61181640625 0.8684895833333334 0.1748046875 0.06510416666666667
0 0.625 0.8190104166666666 0.23046875 0.3619791666666667
2 0.61865234375 0.9173177083333334 0.1884765625 0.09765625
2 0.828125 0.8522135416666666 0.107421875 0.032552083333333336
0 0.875 0.8190104166666666 0.23046875 0.3619791666666667
2 0.875 0.884765625 0.201171875 0.09765625