4 0.10546875 0.09765625 0.138671875 0.046875
0 0.1005859375 0.09765625 0.1484375 0.14322916666666666
1 0.7607421875 0.10026041666666667 0.1015625 0.0234375
0 0.7939453125 0.09440104166666667 0.1953125 0.05859375
6 0.822265625 0.099609375 0.00390625 0.03515625
4 0.87158203125 0.099609375 0.0126953125 0.016927083333333332
7 0.06103515625 0.18489583333333334 0.0400390625 0.028645833333333332
0 0.19384765625 0.18489583333333334 0.1884765625 0.028645833333333332
0 0.40576171875 0.18489583333333334 0.1572265625 0.028645833333333332
0 0.57861328125 0.18489583333333334 0.1103515625 0.026041666666666668
0 0.74169921875 0.18489583333333334 0.1376953125 0.026041666666666668
0 0.87744140625 0.18489583333333334 0.0556640625 0.026041666666666668
0 0.97216796875 0.18489583333333334 0.0556640625 0.026041666666666668
3 0.34228515625 0.4466145833333333 0.6240234375 0.46875
7 0.103515625 0.7174479166666666 0.087890625 0.036458333333333336
0 0.1474609375 0.693359375 0 0.0013020833333333333
6 0.57666015625 0.7135416666666666 0.0947265625 0.033854166666666664
4 0.73681640625 0.2643229166666667 0.1435546875 0.10677083333333333
0 0.80810546875 0.2109375 0.0009765625 0
7 0.73681640625 0.3483072916666667 0.1435546875 0.029947916666666668
4 0.73681640625 0.443359375 0.1435546875 0.10807291666666667
0 0.80810546875 0.3899739583333333 0.0009765625 0.0013020833333333333
7 0.73681640625 0.5279947916666666 0.1435546875 0.029947916666666668
4 0.73681640625 0.623046875 0.1435546875 0.10807291666666667
0 0.80810546875 0.5696614583333334 0.0009765625 0.0013020833333333333
7 0.73681640625 0.7076822916666666 0.1435546875 0.029947916666666668
4 0.89453125 0.2643229166666667 0.142578125 0.10677083333333333
0 0.96533203125 0.2109375 0.0009765625 0
7 0.89453125 0.3483072916666667 0.142578125 0.029947916666666668
4 0.89453125 0.443359375 0.142578125 0.10807291666666667
0 0.96533203125 0.3899739583333333 0.0009765625 0.0013020833333333333
7 0.89453125 0.5286458333333334 0.142578125 0.03125
4 0.89453125 0.6243489583333334 0.142578125 0.10807291666666667
0 0.96533203125 0.5709635416666666 0.0009765625 0.0013020833333333333
7 0.89453125 0.708984375 0.142578125 0.029947916666666668
7 0.142578125 0.796875 0.125 0.033854166666666664
7 0.24853515625 0.796875 0.0869140625 0.033854166666666664
4 0.1279296875 0.9114583333333334 0.1640625 0.125
0 0.26318359375 0.9212239583333334 0.4443359375 0.15755208333333334
7 0.359375 0.8821614583333334 0.2421875 0.06640625
7 0.35595703125 0.9583333333333334 0.2353515625 0.08333333333333333
4 0.6015625 0.9114583333333334 0.1640625 0.125
0 0.73681640625 0.9212239583333334 0.4443359375 0.15755208333333334
7 0.8330078125 0.8821614583333334 0.2421875 0.06640625
7 0.82958984375 0.9537760416666666 0.2353515625 0.07421875
7 0.83154296875 0.9973958333333334 0.2392578125 0.005208333333333333