4 0.103515625 0.11067708333333333 0.16796875 0.0390625
0 0.103515625 0.11067708333333333 0.16796875 0.0390625
4 0.970703125 0.11067708333333333 0.01953125 0.026041666666666668
0 0.970703125 0.11067708333333333 0.01953125 0.026041666666666668
7 0.0380859375 0.026041666666666668 0.037109375 0.026041666666666668
0 0.490234375 0.027994791666666668 0.98046875 0.024739583333333332
6 0.2392578125 0.024739583333333332 0.34375 0.020833333333333332
2 0.25390625 0.4680989583333333 0.4765625 0.16536458333333334
7 0.25390625 0.6647135416666666 0.4765625 0.18880208333333334
2 0.787109375 0.3196614583333333 0.330078125 0.048177083333333336
1 0.787109375 0.4166666666666667 0.330078125 0.0625
1 0.787109375 0.5 0.330078125 0.0625
1 0.787109375 0.5833333333333334 0.330078125 0.0625
0 0.787109375 0.6666666666666666 0.330078125 0.0625
7 0.787109375 0.7356770833333334 0.330078125 0.033854166666666664
7 0.70068359375 0.8059895833333334 0.0576171875 0.020833333333333332
0 0.70068359375 0.8046875 0.1572265625 0.0625
7 0.8740234375 0.8059895833333334 0.056640625 0.020833333333333332
0 0.8740234375 0.8046875 0.158203125 0.0625
7 0.7392578125 0.888671875 0.171875 0.01953125
6 0.8720703125 0.888671875 0.09375 0.01953125
7 0.4365234375 0.939453125 0.7890625 0.053385416666666664
0 0.13671875 0.9544270833333334 0.08984375 0.026041666666666668
7 0.408203125 0.9537760416666666 0.453125 0.024739583333333332
0 0.916015625 0.939453125 0.083984375 0.05859375