4 0.06787109375 0.032552083333333336 0.0576171875 0.041666666666666664
0 0.25 0.032552083333333336 0.5 0.06510416666666667
4 0.880859375 0.032552083333333336 0.01953125 0.0234375
0 0.91015625 0.018229166666666668 0 0
4 0.955078125 0.032552083333333336 0.0234375 0.0234375
0 0.96630859375 0.018229166666666668 0.0048828125 0
2 0.1181640625 0.11783854166666667 0.119140625 0.045572916666666664
4 0.08349609375 0.20703125 0.0498046875 0.06770833333333333
0 0.08349609375 0.20703125 0.0498046875 0.06770833333333333
2 0.20751953125 0.212890625 0.1806640625 0.07942708333333333
7 0.21728515625 0.2643229166666667 0.2001953125 0.026041666666666668
4 0.08349609375 0.31640625 0.0498046875 0.06770833333333333
0 0.08349609375 0.31640625 0.0498046875 0.06770833333333333
2 0.20458984375 0.3352864583333333 0.1748046875 0.10546875
7 0.21728515625 0.3997395833333333 0.2001953125 0.026041666666666668
4 0.08349609375 0.4518229166666667 0.0498046875 0.06770833333333333
0 0.08349609375 0.4518229166666667 0.0498046875 0.06770833333333333
2 0.2158203125 0.4576822916666667 0.197265625 0.07942708333333333
7 0.21728515625 0.5091145833333334 0.2001953125 0.026041666666666668
4 0.08349609375 0.5611979166666666 0.0498046875 0.06770833333333333
0 0.08349609375 0.5611979166666666 0.0498046875 0.06770833333333333
2 0.21044921875 0.5670572916666666 0.1865234375 0.07942708333333333
7 0.21728515625 0.6184895833333334 0.2001953125 0.026041666666666668
4 0.08349609375 0.6705729166666666 0.0498046875 0.06770833333333333
0 0.08349609375 0.6705729166666666 0.0498046875 0.06770833333333333
2 0.205078125 0.6764322916666666 0.17578125 0.07942708333333333
7 0.21728515625 0.7278645833333334 0.2001953125 0.026041666666666668
4 0.390625 0.20703125 0.05078125 0.06770833333333333
0 0.390625 0.20703125 0.05078125 0.06770833333333333
2 0.51806640625 0.22591145833333334 0.1865234375 0.10546875
7 0.52490234375 0.2903645833333333 0.2001953125 0.026041666666666668
4 0.390625 0.3424479166666667 0.05078125 0.06770833333333333
0 0.390625 0.3424479166666667 0.05078125 0.06770833333333333
2 0.52197265625 0.3483072916666667 0.1943359375 0.07942708333333333
7 0.52490234375 0.3997395833333333 0.2001953125 0.026041666666666668
4 0.390625 0.4518229166666667 0.05078125 0.06770833333333333
0 0.390625 0.4518229166666667 0.05078125 0.06770833333333333
2 0.513671875 0.4446614583333333 0.177734375 0.053385416666666664
7 0.52490234375 0.4830729166666667 0.2001953125 0.026041666666666668
4 0.390625 0.53515625 0.05078125 0.06770833333333333
0 0.390625 0.53515625 0.05078125 0.06770833333333333
2 0.52099609375 0.5279947916666666 0.1923828125 0.053385416666666664
7 0.52490234375 0.56640625 0.2001953125 0.026041666666666668
4 0.390625 0.6184895833333334 0.05078125 0.06770833333333333
0 0.390625 0.6184895833333334 0.05078125 0.06770833333333333
2 0.5029296875 0.6243489583333334 0.15625 0.07942708333333333
7 0.52490234375 0.67578125 0.2001953125 0.026041666666666668
4 0.6982421875 0.20703125 0.05078125 0.06770833333333333
0 0.6982421875 0.20703125 0.05078125 0.06770833333333333
2 0.8291015625 0.212890625 0.193359375 0.07942708333333333
7 0.83251953125 0.2643229166666667 0.2001953125 0.026041666666666668
4 0.6982421875 0.31640625 0.05078125 0.06770833333333333
0 0.6982421875 0.31640625 0.05078125 0.06770833333333333
2 0.82861328125 0.3352864583333333 0.1923828125 0.10546875
7 0.83251953125 0.3997395833333333 0.2001953125 0.026041666666666668
4 0.6982421875 0.4518229166666667 0.05078125 0.06770833333333333
0 0.6982421875 0.4518229166666667 0.05078125 0.06770833333333333
2 0.830078125 0.4576822916666667 0.1953125 0.07942708333333333
7 0.83251953125 0.5091145833333334 0.2001953125 0.026041666666666668
4 0.6982421875 0.5611979166666666 0.05078125 0.06770833333333333
0 0.6982421875 0.5611979166666666 0.05078125 0.06770833333333333
2 0.8173828125 0.5670572916666666 0.169921875 0.07942708333333333
7 0.83251953125 0.6184895833333334 0.2001953125 0.026041666666666668
4 0.6982421875 0.6705729166666666 0.05078125 0.06770833333333333
0 0.6982421875 0.6705729166666666 0.05078125 0.06770833333333333
2 0.83154296875 0.6634114583333334 0.1982421875 0.053385416666666664
7 0.83251953125 0.7018229166666666 0.2001953125 0.026041666666666668
2 0.12158203125 0.798828125 0.1259765625 0.045572916666666664
4 0.19287109375 0.9270833333333334 0.2685546875 0.14583333333333334
0 0.19287109375 0.9270833333333334 0.2685546875 0.14583333333333334
2 0.39404296875 0.798828125 0.0576171875 0.045572916666666664
4 0.5 0.9270833333333334 0.26953125 0.14583333333333334
0 0.5 0.9270833333333334 0.26953125 0.14583333333333334
2 0.70947265625 0.798828125 0.0732421875 0.045572916666666664
4 0.8076171875 0.9270833333333334 0.26953125 0.14583333333333334
0 0.8076171875 0.9270833333333334 0.26953125 0.14583333333333334
7 0.86572265625 0.96875 0.2490234375 0.036458333333333336