2 0.0791015625 0.05078125 0.11328125 0.0546875
2 0.5 0.14583333333333334 0.955078125 0.026041666666666668
7 0.5 0.18424479166666666 0.955078125 0.02734375
7 0.5 0.22330729166666666 0.955078125 0.02734375
7 0.5 0.2623697916666667 0.955078125 0.02734375
2 0.5 0.3118489583333333 0.955078125 0.02734375
2 0.509765625 0.3587239583333333 0.916015625 0.02734375
7 0.509765625 0.3951822916666667 0.916015625 0.02734375
2 0.509765625 0.4420572916666667 0.916015625 0.02734375
7 0.509765625 0.4915364583333333 0.916015625 0.053385416666666664
6 0.03955078125 0.708984375 0.0341796875 0.016927083333333332
6 0.1044921875 0.708984375 0.06640625 0.016927083333333332
6 0.1904296875 0.708984375 0.078125 0.016927083333333332