4 0.08349609375 0.041666666666666664 0.1357421875 0.041666666666666664
0 0.08349609375 0.041666666666666664 0.1357421875 0.041666666666666664
1 0.767578125 0.041666666666666664 0.046875 0.046875
0 0.85986328125 0.041666666666666664 0.1064453125 0.046875
0 0.95654296875 0.041666666666666664 0.0556640625 0.046875
0 0.10595703125 0.11588541666666667 0.1806640625 0.03125
6 0.25732421875 0.11588541666666667 0.0595703125 0.0625
6 0.34228515625 0.11588541666666667 0.0556640625 0.0625
6 0.41845703125 0.11588541666666667 0.0419921875 0.0625
6 0.5146484375 0.11588541666666667 0.095703125 0.0625
6 0.60302734375 0.11588541666666667 0.0263671875 0.0625
0 0.7822265625 0.11588541666666667 0.1171875 0.046875
0 0.91650390625 0.11588541666666667 0.1201171875 0.046875
2 0.17578125 0.6842447916666666 0.25390625 0.14973958333333334
2 0.28662109375 0.720703125 0.4755859375 0.07942708333333333
7 0.25 0.8157552083333334 0.40234375 0.06380208333333333
0 0.11083984375 0.9069010416666666 0.1240234375 0.05859375