5 0.0654296875 0.032552083333333336 0.048828125 0.06510416666666667
2 0.1875 0.029947916666666668 0.166015625 0.033854166666666664
0 0.1875 0.032552083333333336 0.166015625 0.0390625
6 0.3623046875 0.032552083333333336 0.037109375 0.020833333333333332
6 0.41845703125 0.032552083333333336 0.0556640625 0.020833333333333332
6 0.47998046875 0.032552083333333336 0.0478515625 0.020833333333333332
6 0.54052734375 0.032552083333333336 0.0537109375 0.020833333333333332
6 0.60205078125 0.032552083333333336 0.0498046875 0.020833333333333332
0 0.658203125 0.032552083333333336 0.04296875 0.06510416666666667
0 0.78662109375 0.032552083333333336 0.1259765625 0.0390625
7 0.8798828125 0.032552083333333336 0.021484375 0.028645833333333332
4 0.9345703125 0.032552083333333336 0.048828125 0.06510416666666667
6 0.05712890625 0.08919270833333333 0.0166015625 0.022135416666666668
6 0.099609375 0.08919270833333333 0.0390625 0.022135416666666668
6 0.14599609375 0.08919270833333333 0.0244140625 0.022135416666666668
6 0.18017578125 0.08919270833333333 0.0146484375 0.022135416666666668
6 0.21826171875 0.08919270833333333 0.0322265625 0.022135416666666668
6 0.2705078125 0.08919270833333333 0.04296875 0.022135416666666668
6 0.32568359375 0.08919270833333333 0.0380859375 0.022135416666666668
7 0.4306640625 0.0859375 0.03125 0.013020833333333334
1 0.46923828125 0.0859375 0.0263671875 0.018229166666666668
6 0.0712890625 0.11783854166666667 0.02734375 0.01953125
7 0.15576171875 0.11783854166666667 0.0537109375 0.01953125
7 0.2060546875 0.11783854166666667 0.037109375 0.01953125
7 0.2509765625 0.11783854166666667 0.033203125 0.01953125
6 0.08203125 0.15299479166666666 0.048828125 0.01953125
7 0.1591796875 0.15299479166666666 0.046875 0.01953125
7 0.20947265625 0.15299479166666666 0.0302734375 0.01953125
7 0.2509765625 0.15299479166666666 0.033203125 0.01953125
6 0.08154296875 0.18815104166666666 0.0478515625 0.01953125
7 0.1591796875 0.18815104166666666 0.046875 0.01953125
7 0.20947265625 0.18815104166666666 0.0302734375 0.01953125
7 0.2509765625 0.18815104166666666 0.033203125 0.01953125
6 0.0908203125 0.22330729166666666 0.06640625 0.01953125
7 0.1591796875 0.22330729166666666 0.046875 0.01953125
7 0.20751953125 0.22330729166666666 0.0341796875 0.01953125
7 0.2490234375 0.22330729166666666 0.037109375 0.01953125
6 0.0712890625 0.2584635416666667 0.02734375 0.01953125
7 0.1591796875 0.2584635416666667 0.046875 0.01953125
7 0.20947265625 0.2584635416666667 0.0302734375 0.01953125
7 0.2509765625 0.2584635416666667 0.033203125 0.01953125
6 0.06591796875 0.2936197916666667 0.0166015625 0.01953125
7 0.16748046875 0.2936197916666667 0.0302734375 0.01953125
7 0.212890625 0.2936197916666667 0.0234375 0.01953125
7 0.2509765625 0.2936197916666667 0.033203125 0.01953125
4 0.39111328125 0.20572916666666666 0.1982421875 0.2109375
7 0.3076171875 0.302734375 0.025390625 0.014322916666666666
7 0.3681640625 0.302734375 0.025390625 0.014322916666666666
7 0.4287109375 0.302734375 0.01953125 0.014322916666666666
7 0.48046875 0.302734375 0.01953125 0.014322916666666666
7 0.4716796875 0.2845052083333333 0.03125 0.014322916666666666
7 0.4716796875 0.220703125 0.03125 0.014322916666666666
7 0.4716796875 0.158203125 0.03125 0.014322916666666666
7 0.54443359375 0.0859375 0.0908203125 0.015625
7 0.51416015625 0.126953125 0.0302734375 0.022135416666666668
0 0.5341796875 0.12825520833333334 0.0859375 0.053385416666666664
6 0.5576171875 0.126953125 0.0234375 0.022135416666666668
7 0.51025390625 0.18033854166666666 0.0224609375 0.022135416666666668
0 0.5341796875 0.18033854166666666 0.0859375 0.053385416666666664
6 0.56103515625 0.18033854166666666 0.0166015625 0.022135416666666668
7 0.5107421875 0.232421875 0.0234375 0.022135416666666668
0 0.5341796875 0.23372395833333334 0.0859375 0.053385416666666664
6 0.56103515625 0.232421875 0.0166015625 0.022135416666666668
7 0.51220703125 0.2858072916666667 0.0263671875 0.022135416666666668
0 0.5341796875 0.2858072916666667 0.0859375 0.053385416666666664
6 0.56103515625 0.2858072916666667 0.0166015625 0.022135416666666668
7 0.60107421875 0.126953125 0.0302734375 0.022135416666666668
0 0.62158203125 0.12825520833333334 0.0869140625 0.053385416666666664
6 0.646484375 0.126953125 0.021484375 0.022135416666666668
7 0.6015625 0.18033854166666666 0.03125 0.022135416666666668
0 0.62158203125 0.18033854166666666 0.0869140625 0.053385416666666664
6 0.646484375 0.18033854166666666 0.021484375 0.022135416666666668
7 0.59814453125 0.232421875 0.0244140625 0.022135416666666668
0 0.62158203125 0.23372395833333334 0.0869140625 0.053385416666666664
6 0.646484375 0.232421875 0.021484375 0.022135416666666668
7 0.59375 0.2858072916666667 0.015625 0.022135416666666668
0 0.62158203125 0.2858072916666667 0.0869140625 0.053385416666666664
6 0.646484375 0.2858072916666667 0.021484375 0.022135416666666668
0 0.7099609375 0.0859375 0.072265625 0.015625
7 0.79541015625 0.087890625 0.0986328125 0.01171875
6 0.69580078125 0.13541666666666666 0.0439453125 0.018229166666666668
0 0.8125 0.13606770833333334 0.29296875 0.06901041666666667
7 0.833984375 0.13541666666666666 0.232421875 0.0546875
6 0.69580078125 0.19661458333333334 0.0439453125 0.018229166666666668
0 0.8125 0.197265625 0.29296875 0.053385416666666664
6 0.74658203125 0.18880208333333334 0.0576171875 0.015625
7 0.810546875 0.19596354166666666 0.185546875 0.040364583333333336
6 0.69580078125 0.2571614583333333 0.0439453125 0.016927083333333332
0 0.8125 0.2578125 0.29296875 0.0703125
6 0.7431640625 0.24088541666666666 0.05078125 0.015625
7 0.8232421875 0.2571614583333333 0.2109375 0.05859375
6 0.69580078125 0.326171875 0.0439453125 0.016927083333333332
0 0.8125 0.3268229166666667 0.29296875 0.0703125
6 0.7431640625 0.3098958333333333 0.05078125 0.015625
7 0.83251953125 0.326171875 0.2294921875 0.05859375
6 0.69580078125 0.38671875 0.0439453125 0.018229166666666668
0 0.8125 0.3873697916666667 0.29296875 0.053385416666666664
6 0.7431640625 0.3802083333333333 0.05078125 0.015625
7 0.82666015625 0.3873697916666667 0.2177734375 0.040364583333333336
6 0.69580078125 0.4479166666666667 0.0439453125 0.018229166666666668
0 0.8125 0.4485677083333333 0.29296875 0.06901041666666667
6 0.7431640625 0.431640625 0.05078125 0.014322916666666666
7 0.82763671875 0.4479166666666667 0.2197265625 0.057291666666666664
6 0.69580078125 0.5091145833333334 0.0439453125 0.018229166666666668
0 0.8125 0.509765625 0.29296875 0.053385416666666664
7 0.833984375 0.5084635416666666 0.232421875 0.037760416666666664
6 0.69580078125 0.5696614583333334 0.0439453125 0.016927083333333332
0 0.8125 0.5703125 0.29296875 0.0703125
7 0.833984375 0.5696614583333334 0.232421875 0.055989583333333336
6 0.69580078125 0.6302083333333334 0.0439453125 0.018229166666666668
0 0.8125 0.630859375 0.29296875 0.053385416666666664
6 0.7431640625 0.6236979166666666 0.05078125 0.015625
7 0.82861328125 0.630859375 0.2216796875 0.040364583333333336
6 0.69580078125 0.69140625 0.0439453125 0.018229166666666668
0 0.8125 0.6920572916666666 0.29296875 0.06901041666666667
7 0.833984375 0.69140625 0.232421875 0.0546875
4 0.8125 0.779296875 0.29296875 0.10546875
3 0.5 0.3971354166666667 0.7109375 0.1171875
6 0.09033203125 0.5305989583333334 0.0791015625 0.01953125
6 0.20263671875 0.5305989583333334 0.1064453125 0.01953125
6 0.29833984375 0.5305989583333334 0.0576171875 0.01953125
6 0.3740234375 0.5305989583333334 0.06640625 0.01953125
6 0.46533203125 0.5305989583333334 0.0888671875 0.01953125
6 0.54052734375 0.5305989583333334 0.0341796875 0.01953125
6 0.58740234375 0.5305989583333334 0.0322265625 0.01953125
6 0.6396484375 0.5305989583333334 0.044921875 0.01953125
6 0.6943359375 0.5305989583333334 0.037109375 0.01953125
6 0.73974609375 0.5305989583333334 0.0263671875 0.01953125
6 0.79296875 0.5305989583333334 0.052734375 0.01953125
6 0.85107421875 0.5305989583333334 0.0361328125 0.01953125
6 0.90087890625 0.5305989583333334 0.0361328125 0.01953125
6 0.9580078125 0.5305989583333334 0.05078125 0.01953125
6 0.99853515625 0.5305989583333334 0.0029296875 0.01953125
2 0.34228515625 0.7109375 0.6025390625 0.24479166666666666
4 0.34375 0.9231770833333334 0.60546875 0.15364583333333334
0 0.34375 0.9231770833333334 0.60546875 0.15364583333333334
3 0.8125 0.7513020833333334 0.29296875 0.3255208333333333
4 0.8017578125 0.17252604166666666 0.03125 0.04296875
4 0.5 0.3111979166666667 0.123046875 0.1640625
2 0.5 0.4401041666666667 0.52734375 0.044270833333333336
7 0.5 0.5364583333333334 0.52734375 0.09895833333333333
2 0.5 0.6881510416666666 0.52734375 0.032552083333333336
0 0.5 0.7532552083333334 0.115234375 0.048177083333333336
2 0.45654296875 0.9322916666666666 0.0810546875 0.020833333333333332
7 0.53076171875 0.9329427083333334 0.0576171875 0.016927083333333332
0 0.55029296875 0.9329427083333334 0.1064453125 0.01953125
4 0.58154296875 0.9329427083333334 0.0439453125 0.014322916666666666
7 0.068359375 0.9733072916666666 0.033203125 0.01953125
0 0.09619140625 0.9739583333333334 0.1103515625 0.052083333333333336
6 0.111328125 0.9733072916666666 0.037109375 0.01953125
7 0.17431640625 0.9733072916666666 0.0244140625 0.01953125
0 0.20361328125 0.9739583333333334 0.1044921875 0.052083333333333336
6 0.21435546875 0.9733072916666666 0.0400390625 0.01953125
7 0.2783203125 0.9733072916666666 0.0234375 0.01953125
0 0.3076171875 0.9739583333333334 0.103515625 0.052083333333333336
6 0.31787109375 0.9733072916666666 0.0400390625 0.01953125
7 0.37646484375 0.9733072916666666 0.0126953125 0.01953125
0 0.40234375 0.9739583333333334 0.0859375 0.052083333333333336
6 0.4072265625 0.9733072916666666 0.033203125 0.01953125
7 0.4736328125 0.9733072916666666 0.03515625 0.01953125
0 0.49951171875 0.9739583333333334 0.1083984375 0.052083333333333336
6 0.515625 0.9733072916666666 0.033203125 0.01953125