4 0.13916015625 0.025390625 0.2294921875 0.029947916666666668
0 0.13916015625 0.027994791666666668 0.2294921875 0.01953125
6 0.05322265625 0.08528645833333333 0.0576171875 0.01953125
6 0.08203125 0.142578125 0.115234375 0.01953125
6 0.07958984375 0.19986979166666666 0.1103515625 0.01953125
6 0.06982421875 0.2571614583333333 0.0908203125 0.01953125
6 0.0693359375 0.314453125 0.08984375 0.01953125
6 0.09033203125 0.3717447916666667 0.1318359375 0.01953125
6 0.0810546875 0.4290364583333333 0.11328125 0.01953125
6 0.07861328125 0.486328125 0.1083984375 0.01953125
6 0.064453125 0.5436197916666666 0.080078125 0.01953125
0 0.30126953125 0.028645833333333332 0.0458984375 0.057291666666666664
0 0.35546875 0.028645833333333332 0.0625 0.057291666666666664
0 0.43994140625 0.028645833333333332 0.1064453125 0.057291666666666664
0 0.53955078125 0.028645833333333332 0.0927734375 0.057291666666666664
4 0.88818359375 0.028645833333333332 0.0185546875 0.057291666666666664
4 0.93212890625 0.028645833333333332 0.0439453125 0.057291666666666664
4 0.978515625 0.028645833333333332 0.04296875 0.057291666666666664
7 0.302734375 0.1171875 0.537109375 0.015625
0 0.302734375 0.302734375 0.537109375 0.38671875
7 0.30224609375 0.3138020833333333 0.5361328125 0.375
7 0.8681640625 0.1171875 0.244140625 0.015625
0 0.8681640625 0.15755208333333334 0.244140625 0.09635416666666667
7 0.86572265625 0.16796875 0.2392578125 0.07291666666666667
7 0.8681640625 0.24609375 0.244140625 0.015625
0 0.8681640625 0.2864583333333333 0.244140625 0.09635416666666667
7 0.8671875 0.296875 0.2421875 0.07291666666666667
7 0.8681640625 0.375 0.244140625 0.015625
0 0.8681640625 0.4153645833333333 0.244140625 0.09635416666666667
7 0.853515625 0.42578125 0.21484375 0.07291666666666667
4 0.5 0.2897135416666667 1 0.4388020833333333
7 0.15625 0.5481770833333334 0.3125 0.052083333333333336
4 0.0576171875 0.623046875 0.076171875 0.09765625
0 0.06298828125 0.6640625 0.0869140625 0.020833333333333332
0 0.2001953125 0.61328125 0.181640625 0.078125
7 0.2001953125 0.6647135416666666 0.181640625 0.024739583333333332
4 0.0576171875 0.7584635416666666 0.076171875 0.09765625
0 0.06298828125 0.8098958333333334 0.0869140625 0.020833333333333332
0 0.2001953125 0.75390625 0.181640625 0.08854166666666667
7 0.2001953125 0.810546875 0.181640625 0.024739583333333332
4 0.0576171875 0.904296875 0.076171875 0.09765625
0 0.06298828125 0.9557291666666666 0.0869140625 0.020833333333333332
0 0.2001953125 0.8997395833333334 0.181640625 0.08854166666666667
7 0.2001953125 0.9563802083333334 0.181640625 0.024739583333333332
7 0.484375 0.5481770833333334 0.34375 0.052083333333333336
4 0.484375 0.6848958333333334 0.28515625 0.22135416666666666
0 0.484375 0.6881510416666666 0.28515625 0.22786458333333334
0 0.484375 0.8795572916666666 0.28515625 0.11848958333333333
7 0.828125 0.5481770833333334 0.34375 0.052083333333333336
4 0.828125 0.6744791666666666 0.28515625 0.20052083333333334
0 0.828125 0.677734375 0.28515625 0.20703125
0 0.8330078125 0.849609375 0.216796875 0.19661458333333334