0 0.1005859375 0.041666666666666664 0.138671875 0.049479166666666664
0 0.68310546875 0.04296875 0.0849609375 0.046875
0 0.7724609375 0.041666666666666664 0.09375 0.046875
0 0.89990234375 0.041666666666666664 0.1376953125 0.046875
4 0.048828125 0.3424479166666667 0.09765625 0.11458333333333333
4 0.10595703125 0.3333333333333333 0.0068359375 0.10677083333333333
2 0.3623046875 0.3424479166666667 0.470703125 0.125
2 0.375 0.435546875 0.470703125 0.032552083333333336
4 0.21533203125 0.5104166666666666 0.1318359375 0.052083333333333336
4 0.36181640625 0.5104166666666666 0.1318359375 0.052083333333333336
4 0.5 0.4348958333333333 1 0.703125
4 0.5 0.4348958333333333 1 0.703125
4 0.16943359375 0.9244791666666666 0.1259765625 0.15104166666666666
4 0.49951171875 0.9244791666666666 0.1259765625 0.15104166666666666
4 0.82958984375 0.9244791666666666 0.1259765625 0.15104166666666666