4 0.048828125 0.06510416666666667 0.0390625 0.052083333333333336
0 0.048828125 0.06510416666666667 0.0390625 0.052083333333333336
6 0.59375 0.064453125 0.04296875 0.02734375
6 0.67333984375 0.064453125 0.0576171875 0.02734375
6 0.78662109375 0.064453125 0.1103515625 0.02734375
6 0.9208984375 0.064453125 0.099609375 0.02734375
2 0.20068359375 0.265625 0.2744140625 0.11458333333333333
7 0.20068359375 0.3697916666666667 0.2744140625 0.06770833333333333
1 0.2197265625 0.4622395833333333 0.3125 0.046875
1 0.2197265625 0.5247395833333334 0.3125 0.046875
0 0.10986328125 0.6028645833333334 0.0927734375 0.057291666666666664
5 0.15087890625 0.6783854166666666 0.1201171875 0.028645833333333332
0 0.20068359375 0.7330729166666666 0.2744140625 0.028645833333333332
4 0.13671875 0.7994791666666666 0.146484375 0.057291666666666664
0 0.142578125 0.8203125 0.158203125 0.0234375
4 0.13671875 0.861328125 0.146484375 0.05859375
0 0.13671875 0.8828125 0.146484375 0.0234375
4 0.73046875 0.53515625 0.5390625 0.7109375
4 0.97900390625 0.923828125 0.0126953125 0.016927083333333332
4 0.5 0.9479166666666666 1 0.10416666666666667
7 0.46533203125 0.9479166666666666 0.5615234375 0.026041666666666668
6 0.7802734375 0.9479166666666666 0.0703125 0.026041666666666668