6 0.6240234375 0.018880208333333332 0.111328125 0.01953125
6 0.74658203125 0.018880208333333332 0.0927734375 0.01953125
6 0.85205078125 0.018880208333333332 0.0771484375 0.01953125
6 0.94580078125 0.018880208333333332 0.0693359375 0.01953125
4 0.1318359375 0.09244791666666667 0.244140625 0.08072916666666667
0 0.166015625 0.09244791666666667 0.3125 0.08072916666666667
0 0.51806640625 0.1171875 0.0986328125 0.057291666666666664
0 0.62939453125 0.1171875 0.1201171875 0.057291666666666664
0 0.734375 0.1171875 0.0859375 0.057291666666666664
0 0.8486328125 0.1171875 0.138671875 0.057291666666666664
0 0.95947265625 0.1171875 0.0791015625 0.057291666666666664
5 0.228515625 0.4694010416666667 0.017578125 0.06380208333333333
1 0.5146484375 0.470703125 0.587890625 0.06380208333333333
4 0.1923828125 0.7115885416666666 0.048828125 0.06380208333333333
0 0.1923828125 0.7291666666666666 0.193359375 0.15104166666666666
7 0.1923828125 0.7604166666666666 0.099609375 0.033854166666666664
4 0.39599609375 0.7115885416666666 0.0478515625 0.06380208333333333
0 0.39599609375 0.7291666666666666 0.1923828125 0.15104166666666666
7 0.3955078125 0.7604166666666666 0.087890625 0.033854166666666664
4 0.59912109375 0.7115885416666666 0.0478515625 0.06380208333333333
0 0.59912109375 0.7291666666666666 0.1923828125 0.15104166666666666
7 0.59912109375 0.7604166666666666 0.1162109375 0.033854166666666664
4 0.802734375 0.7115885416666666 0.048828125 0.06380208333333333
0 0.802734375 0.7291666666666666 0.193359375 0.15104166666666666
7 0.802734375 0.7604166666666666 0.103515625 0.033854166666666664
2 0.5 0.974609375 0.240234375 0.045572916666666664
2 0.81689453125 0.9759114583333334 0.2392578125 0.048177083333333336