2 0.2236328125 0.059895833333333336 0.140625 0.046875
0 0.3720703125 0.057942708333333336 0.046875 0.04296875
0 0.423828125 0.057942708333333336 0.046875 0.04296875
0 0.484375 0.057942708333333336 0.064453125 0.04296875
0 0.5498046875 0.057942708333333336 0.056640625 0.04296875
0 0.6318359375 0.057942708333333336 0.09765625 0.04296875
0 0.728515625 0.057942708333333336 0.0859375 0.04296875
2 0.26025390625 0.15755208333333334 0.2138671875 0.026041666666666668
2 0.3818359375 0.15885416666666666 0.0234375 0.018229166666666668
2 0.337890625 0.22135416666666666 0.369140625 0.052083333333333336
7 0.1796875 0.2649739583333333 0.052734375 0.01953125
0 0.31591796875 0.265625 0.2216796875 0.020833333333333332
7 0.427734375 0.2649739583333333 0.00390625 0.01953125
7 0.2412109375 0.3040364583333333 0.17578125 0.01953125
0 0.35107421875 0.31640625 0.3955078125 0.044270833333333336
7 0.3671875 0.3391927083333333 0.427734375 0.04296875
7 0.35791015625 0.4029947916666667 0.4091796875 0.04296875
0 0.267578125 0.4153645833333333 0.0703125 0.020833333333333332
7 0.4296875 0.4147135416666667 0.255859375 0.01953125
7 0.38720703125 0.4524739583333333 0.4091796875 0.022135416666666668
7 0.24267578125 0.4876302083333333 0.1201171875 0.016927083333333332
0 0.34326171875 0.48828125 0.0830078125 0.018229166666666668
7 0.37255859375 0.5358072916666666 0.4384765625 0.048177083333333336
7 0.38037109375 0.6061197916666666 0.3955078125 0.05859375
0 0.3583984375 0.6276041666666666 0.119140625 0.018229166666666668
7 0.24267578125 0.662109375 0.1201171875 0.016927083333333332
0 0.34326171875 0.6627604166666666 0.0830078125 0.018229166666666668
7 0.3583984375 0.7102864583333334 0.41015625 0.04296875
0 0.49658203125 0.72265625 0.1357421875 0.020833333333333332
7 0.36669921875 0.7454427083333334 0.4267578125 0.06640625
0 0.4599609375 0.76953125 0.1015625 0.020833333333333332
7 0.51171875 0.7688802083333334 0.00390625 0.01953125
7 0.29736328125 0.8079427083333334 0.2880859375 0.01953125
0 0.46728515625 0.80859375 0.0517578125 0.020833333333333332
7 0.36474609375 0.8196614583333334 0.4228515625 0.04296875
2 0.20556640625 0.8704427083333334 0.1044921875 0.01953125
0 0.326171875 0.87109375 0.048828125 0.020833333333333332
7 0.3525390625 0.8704427083333334 0.0078125 0.01953125
0 0.39794921875 0.87109375 0.0771484375 0.020833333333333332
7 0.1982421875 0.916015625 0.078125 0.016927083333333332
0 0.19873046875 0.916015625 0.0908203125 0.029947916666666668
4 0.26318359375 0.9173177083333334 0.0166015625 0.022135416666666668
0 0.291015625 0.916015625 0.083984375 0.029947916666666668
7 0.29931640625 0.916015625 0.0576171875 0.016927083333333332
0 0.37890625 0.916015625 0.08203125 0.029947916666666668
2 0.3720703125 0.984375 0.4375 0.028645833333333332
2 0.72900390625 0.17578125 0.2001953125 0.020833333333333332
4 0.7958984375 0.2526041666666667 0.0625 0.08333333333333333
7 0.69140625 0.2591145833333333 0.125 0.11458333333333333
0 0.71044921875 0.328125 0.1630859375 0.018229166666666668
2 0.72900390625 0.4095052083333333 0.2001953125 0.022135416666666668
7 0.73388671875 0.4440104166666667 0.1904296875 0.020833333333333332
0 0.66845703125 0.4635416666666667 0.0302734375 0.018229166666666668
7 0.68701171875 0.462890625 0.0068359375 0.016927083333333332
6 0.701171875 0.4635416666666667 0.0234375 0.018229166666666668
0 0.701171875 0.4635416666666667 0.0234375 0.018229166666666668
7 0.73388671875 0.4934895833333333 0.1904296875 0.020833333333333332
0 0.6787109375 0.5130208333333334 0.05078125 0.018229166666666668
7 0.73388671875 0.54296875 0.1904296875 0.020833333333333332
0 0.673828125 0.5625 0.041015625 0.018229166666666668
7 0.73388671875 0.5924479166666666 0.1904296875 0.020833333333333332
0 0.677734375 0.6119791666666666 0.048828125 0.018229166666666668
7 0.73388671875 0.6419270833333334 0.1904296875 0.020833333333333332
0 0.66845703125 0.6614583333333334 0.0302734375 0.018229166666666668
7 0.73388671875 0.69140625 0.1904296875 0.020833333333333332
0 0.6689453125 0.7109375 0.03125 0.018229166666666668
7 0.73388671875 0.7408854166666666 0.1904296875 0.020833333333333332
7 0.66455078125 0.759765625 0.0224609375 0.016927083333333332
0 0.736328125 0.7604166666666666 0.123046875 0.018229166666666668
2 0.72900390625 0.8522135416666666 0.2001953125 0.022135416666666668
0 0.73974609375 0.88671875 0.1728515625 0.018229166666666668
7 0.67578125 0.908203125 0.044921875 0.016927083333333332
0 0.73583984375 0.9088541666666666 0.1650390625 0.018229166666666668
6 0.7587890625 0.908203125 0.12109375 0.016927083333333332
2 0.72900390625 0.9908854166666666 0.2001953125 0.018229166666666668