3 0.5 0.07161458333333333 0.947265625 0.1171875
4 0.1884765625 0.19986979166666666 0.330078125 0.061197916666666664
0 0.1884765625 0.20247395833333334 0.330078125 0.06640625
2 0.62841796875 0.19856770833333334 0.4267578125 0.024739583333333332
4 0.88330078125 0.19921875 0.0205078125 0.0234375
0 0.91259765625 0.19856770833333334 0.1279296875 0.045572916666666664
7 0.92626953125 0.19921875 0.0517578125 0.03125
0 0.04736328125 0.2623697916666667 0.0478515625 0.04296875
0 0.1328125 0.2623697916666667 0.125 0.04296875
0 0.2236328125 0.2623697916666667 0.05859375 0.04296875
0 0.29150390625 0.2623697916666667 0.0791015625 0.04296875
0 0.3798828125 0.2623697916666667 0.099609375 0.04296875
0 0.486328125 0.2623697916666667 0.115234375 0.04296875
0 0.5791015625 0.2623697916666667 0.072265625 0.04296875
0 0.66357421875 0.2623697916666667 0.0986328125 0.04296875
0 0.79052734375 0.2623697916666667 0.0830078125 0.04296875
0 0.85693359375 0.2623697916666667 0.0517578125 0.04296875
0 0.9150390625 0.2623697916666667 0.06640625 0.04296875
0 0.9619140625 0.2623697916666667 0.029296875 0.04296875
7 0.06396484375 0.3040364583333333 0.0654296875 0.022135416666666668
6 0.123046875 0.3040364583333333 0.0546875 0.01953125
6 0.21484375 0.3040364583333333 0.1015625 0.01953125
6 0.30322265625 0.3040364583333333 0.0478515625 0.01953125
6 0.35693359375 0.3040364583333333 0.0322265625 0.01953125
6 0.4541015625 0.3040364583333333 0.134765625 0.01953125
6 0.58642578125 0.3040364583333333 0.1025390625 0.01953125
6 0.6826171875 0.3040364583333333 0.0625 0.01953125
6 0.83544921875 0.3033854166666667 0.0361328125 0.020833333333333332
6 0.92431640625 0.3033854166666667 0.0869140625 0.020833333333333332
4 0.21923828125 0.51953125 0.3916015625 0.3463541666666667
0 0.21923828125 0.5221354166666666 0.3916015625 0.3515625
2 0.53955078125 0.6731770833333334 0.2119140625 0.6536458333333334
7 0.44384765625 0.619140625 0.0205078125 0.01953125
6 0.4912109375 0.619140625 0.076171875 0.01953125
7 0.53369140625 0.619140625 0.0107421875 0.01953125
7 0.56396484375 0.619140625 0.0517578125 0.01953125
7 0.33642578125 0.693359375 0.6259765625 0.10546875
2 0.0712890625 0.8216145833333334 0.064453125 0.026041666666666668
0 0.33642578125 0.822265625 0.6259765625 0.048177083333333336
2 0.2041015625 0.8216145833333334 0.203125 0.026041666666666668
2 0.310546875 0.8684895833333334 0.552734375 0.0234375
7 0.04443359375 0.896484375 0.0205078125 0.01953125
6 0.10498046875 0.896484375 0.1025390625 0.01953125
7 0.16064453125 0.896484375 0.0107421875 0.01953125
7 0.19091796875 0.896484375 0.0517578125 0.01953125
7 0.33642578125 0.939453125 0.6044921875 0.04296875
3 0.82958984375 0.6731770833333334 0.2939453125 0.6536458333333334