4 0.8359375 0.005208333333333333 0.0078125 0.010416666666666666
4 0.84375 0.005208333333333333 0.0078125 0.010416666666666666
4 0.8515625 0.005208333333333333 0.0078125 0.010416666666666666
3 0.5 0.07161458333333333 0.7109375 0.1171875
7 0.5 0.142578125 0.05859375 0.016927083333333332
0 0.09130859375 0.20703125 0.1826171875 0.09114583333333333
0 0.2529296875 0.20703125 0.123046875 0.09114583333333333
0 0.35107421875 0.20703125 0.0751953125 0.09114583333333333
0 0.42822265625 0.20703125 0.0810546875 0.09114583333333333
0 0.5078125 0.20703125 0.080078125 0.09114583333333333
0 0.5849609375 0.20703125 0.076171875 0.09114583333333333
4 0.96875 0.20703125 0.03125 0.041666666666666664
4 0.72265625 0.20703125 0.03125 0.041666666666666664
4 0.759765625 0.20703125 0.03125 0.041666666666666664
4 0.796875 0.20703125 0.03125 0.041666666666666664
4 0.833984375 0.20703125 0.03125 0.041666666666666664
4 0.5 0.2740885416666667 0.56640625 0.040364583333333336
0 0.5 0.2740885416666667 1 0.040364583333333336
0 0.2666015625 0.3151041666666667 0.0546875 0.0390625
0 0.35009765625 0.3151041666666667 0.1123046875 0.0390625
0 0.4345703125 0.3151041666666667 0.056640625 0.0390625
0 0.4892578125 0.3151041666666667 0.052734375 0.0390625
0 0.544921875 0.3151041666666667 0.05859375 0.0390625
0 0.59521484375 0.3151041666666667 0.0419921875 0.0390625
0 0.67529296875 0.3151041666666667 0.1181640625 0.0390625
0 0.78076171875 0.3151041666666667 0.0927734375 0.0390625
0 0.8662109375 0.3151041666666667 0.078125 0.0390625
0 0.95263671875 0.3151041666666667 0.0947265625 0.0390625
4 0.5 0.646484375 0.96875 0.5690104166666666
0 0.5 0.646484375 0.96875 0.5690104166666666
0 0.5 0.9817708333333334 0.9453125 0.036458333333333336