0 0.0947265625 0.018229166666666668 0.111328125 0.026041666666666668
7 0.26416015625 0.018229166666666668 0.1884765625 0.026041666666666668
4 0.84033203125 0.020182291666666668 0.0205078125 0.037760416666666664
4 0.87744140625 0.020182291666666668 0.0205078125 0.037760416666666664
4 0.91357421875 0.020182291666666668 0.0205078125 0.037760416666666664
4 0.95068359375 0.020182291666666668 0.0205078125 0.037760416666666664
4 0.1298828125 0.08984375 0.181640625 0.06770833333333333
0 0.13671875 0.08984375 0.1953125 0.07291666666666667
6 0.306640625 0.08919270833333333 0.05859375 0.022135416666666668
6 0.38720703125 0.08919270833333333 0.0712890625 0.022135416666666668
6 0.4755859375 0.08919270833333333 0.07421875 0.022135416666666668
6 0.5673828125 0.08919270833333333 0.078125 0.022135416666666668
6 0.66162109375 0.08919270833333333 0.0791015625 0.022135416666666668
6 0.79443359375 0.11002604166666667 0.0126953125 0.016927083333333332
6 0.81298828125 0.11002604166666667 0.0107421875 0.016927083333333332
0 0.9013671875 0.08984375 0.119140625 0.07291666666666667
4 0 0.5013020833333334 0 0.7161458333333334
0 0 0.3938802083333333 0 0.5013020833333334
4 0.5 0.5013020833333334 1 0.7161458333333334
0 0.5 0.3938802083333333 1 0.5013020833333334
4 1 0.5013020833333334 0 0.7161458333333334
0 1 0.3938802083333333 0 0.5013020833333334
4 0.48681640625 0.830078125 0.0126953125 0.016927083333333332
4 0.51318359375 0.830078125 0.0126953125 0.016927083333333332
4 0.07861328125 0.8912760416666666 0.0595703125 0.045572916666666664
0 0.166015625 0.8912760416666666 0.234375 0.045572916666666664
7 0.15185546875 0.8912760416666666 0.0888671875 0.01953125
7 0.2392578125 0.8912760416666666 0.087890625 0.01953125
6 0.404296875 0.8912760416666666 0.12890625 0.016927083333333332
6 0.6455078125 0.8912760416666666 0.15625 0.016927083333333332
6 0.8623046875 0.8912760416666666 0.080078125 0.016927083333333332