7 0.14697265625 0.171875 0.1767578125 0.059895833333333336
7 0.32958984375 0.171875 0.1884765625 0.059895833333333336
7 0.25390625 0.2916666666666667 0.390625 0.109375
7 0.17431640625 0.4401041666666667 0.1376953125 0.028645833333333332
0 0.16357421875 0.4401041666666667 0.2099609375 0.08333333333333333
7 0.0859375 0.5436197916666666 0.0546875 0.024739583333333332
6 0.14501953125 0.5436197916666666 0.0556640625 0.024739583333333332
6 0.21630859375 0.5436197916666666 0.0869140625 0.024739583333333332
6 0.29345703125 0.5436197916666666 0.0673828125 0.024739583333333332
6 0.37890625 0.5436197916666666 0.103515625 0.024739583333333332
4 0.34228515625 0.9466145833333334 0.5400390625 0.10677083333333333
4 0.63037109375 0.9466145833333334 0.5400390625 0.10677083333333333
4 0.63037109375 0.9466145833333334 0.5400390625 0.10677083333333333
7 0.5048828125 0.9856770833333334 0.2890625 0.028645833333333332
4 0.63037109375 0.9466145833333334 0.5400390625 0.10677083333333333
4 0.63037109375 0.9466145833333334 0.5400390625 0.10677083333333333
4 0.63037109375 0.9466145833333334 0.5400390625 0.10677083333333333
4 0.23388671875 0.9466145833333334 0.4677734375 0.10677083333333333
4 0.29150390625 0.9453125 0.4892578125 0.08854166666666667
4 0.34228515625 0.953125 0.0361328125 0.09375
7 0.64794921875 0.92578125 0.2333984375 0.041666666666666664
7 0.64453125 0.96875 0.2265625 0.041666666666666664