4 0.0888671875 0.036458333333333336 0.041015625 0.0234375
0 0.0888671875 0.036458333333333336 0.041015625 0.046875
2 0.25 0.14778645833333334 0.4296875 0.029947916666666668
0 0.59423828125 0.14583333333333334 0.1064453125 0.020833333333333332
6 0.12060546875 0.22005208333333334 0.1904296875 0.020833333333333332
4 0.22900390625 0.22135416666666666 0.0146484375 0.015625
0 0.26123046875 0.22265625 0.0400390625 0.020833333333333332
6 0.12109375 0.2552083333333333 0.19140625 0.020833333333333332
4 0.2294921875 0.2565104166666667 0.013671875 0.015625
0 0.26171875 0.2578125 0.0390625 0.020833333333333332
6 0.1142578125 0.2903645833333333 0.177734375 0.020833333333333332
4 0.2158203125 0.2916666666666667 0.013671875 0.015625
0 0.248046875 0.29296875 0.0390625 0.020833333333333332
6 0.1142578125 0.3255208333333333 0.177734375 0.020833333333333332
4 0.2158203125 0.3268229166666667 0.013671875 0.015625
0 0.248046875 0.328125 0.0390625 0.020833333333333332
6 0.12109375 0.3606770833333333 0.19140625 0.020833333333333332
4 0.2294921875 0.3619791666666667 0.013671875 0.015625
0 0.26171875 0.36328125 0.0390625 0.020833333333333332
6 0.12109375 0.3958333333333333 0.19140625 0.020833333333333332
4 0.2294921875 0.3971354166666667 0.013671875 0.015625
0 0.26171875 0.3984375 0.0390625 0.020833333333333332
6 0.1201171875 0.4309895833333333 0.189453125 0.020833333333333332
4 0.22705078125 0.4322916666666667 0.0146484375 0.015625
0 0.25927734375 0.43359375 0.0400390625 0.020833333333333332
6 0.12109375 0.4661458333333333 0.19140625 0.020833333333333332
4 0.2294921875 0.4674479166666667 0.013671875 0.015625
0 0.26171875 0.46875 0.0390625 0.020833333333333332
6 0.1142578125 0.5013020833333334 0.177734375 0.020833333333333332
4 0.2158203125 0.5026041666666666 0.013671875 0.015625
0 0.248046875 0.50390625 0.0390625 0.020833333333333332
2 0.3994140625 0.23046875 0.134765625 0.0234375
4 0.45751953125 0.22591145833333334 0.0205078125 0.032552083333333336
4 0.3994140625 0.322265625 0.154296875 0.13671875
6 0.3935546875 0.4244791666666667 0.123046875 0.020833333333333332
2 0.5654296875 0.23046875 0.134765625 0.0234375
4 0.62353515625 0.22591145833333334 0.0205078125 0.032552083333333336
4 0.5654296875 0.322265625 0.154296875 0.13671875
6 0.5595703125 0.4375 0.123046875 0.046875
0 0.59521484375 0.453125 0.0400390625 0.020833333333333332
7 0.5654296875 0.4791666666666667 0.154296875 0.018229166666666668
7 0.5654296875 0.4973958333333333 0.154296875 0.018229166666666668
3 0.162109375 0.7565104166666666 0.244140625 0.3255208333333333
3 0.5 0.7565104166666666 0.29296875 0.3255208333333333
2 0.25 0.9798177083333334 0.4296875 0.029947916666666668
0 0.58056640625 0.9778645833333334 0.1337890625 0.020833333333333332
7 0.796875 0.15234375 0.17578125 0.028645833333333332
0 0.830078125 0.15299479166666666 0.31640625 0.09244791666666667
7 0.91796875 0.15364583333333334 0.06640625 0.026041666666666668
7 0.830078125 0.25 0.2734375 0.0234375
1 0.8310546875 0.2890625 0.275390625 0.0546875
7 0.830078125 0.3411458333333333 0.2734375 0.0234375
1 0.8310546875 0.3802083333333333 0.275390625 0.0546875
1 0.69775390625 0.4401041666666667 0.0126953125 0.018229166666666668
5 0.7939453125 0.4401041666666667 0.1640625 0.020833333333333332
6 0.787109375 0.47265625 0.19140625 0.020833333333333332
6 0.7939453125 0.4986979166666667 0.205078125 0.020833333333333332
1 0.830078125 0.5638020833333334 0.27734375 0.06510416666666667
7 0.830078125 0.6236979166666666 0.27734375 0.0234375
0 0.830078125 0.68359375 0.27734375 0.06510416666666667
3 0.8173828125 0.884765625 0.29296875 0.23046875
3 0.9658203125 0.9427083333333334 0.068359375 0.078125