4 0.07861328125 0.046875 0.0634765625 0.036458333333333336
4 0.14208984375 0.046875 0.0537109375 0.036458333333333336
4 0.90869140625 0.046875 0.0615234375 0.020833333333333332
0 0.908203125 0.046875 0.08984375 0.041666666666666664
7 0.91650390625 0.047526041666666664 0.0458984375 0.022135416666666668
7 0.10791015625 0.11588541666666667 0.1220703125 0.018229166666666668
0 0.10791015625 0.11588541666666667 0.1220703125 0.049479166666666664
7 0.2275390625 0.11588541666666667 0.0546875 0.018229166666666668
0 0.2275390625 0.11588541666666667 0.0546875 0.049479166666666664
7 0.3349609375 0.11588541666666667 0.09765625 0.018229166666666668
0 0.3349609375 0.11588541666666667 0.09765625 0.049479166666666664
7 0.44677734375 0.11588541666666667 0.0634765625 0.018229166666666668
0 0.44677734375 0.11588541666666667 0.0634765625 0.049479166666666664
7 0.5439453125 0.11588541666666667 0.068359375 0.018229166666666668
0 0.5439453125 0.11588541666666667 0.068359375 0.049479166666666664
7 0.69384765625 0.11588541666666667 0.1689453125 0.018229166666666668
0 0.69384765625 0.11588541666666667 0.1689453125 0.049479166666666664
7 0.84619140625 0.11588541666666667 0.0732421875 0.018229166666666668
0 0.84619140625 0.11588541666666667 0.0732421875 0.049479166666666664
6 0.947265625 0.11588541666666667 0.06640625 0.049479166666666664
4 0.94140625 0.11458333333333333 0.0234375 0.03125
2 0.6884765625 0.3359375 0.376953125 0.12239583333333333
7 0.689453125 0.4869791666666667 0.37890625 0.06770833333333333
4 0.28173828125 0.4869791666666667 0.4365234375 0.5390625
7 0.58349609375 0.6087239583333334 0.1201171875 0.03515625
0 0.58349609375 0.609375 0.1669921875 0.06510416666666667
4 0.32275390625 0.9283854166666666 0.4501953125 0.14322916666666666
4 0.9453125 0.9270833333333334 0.0234375 0.03125
7 0.29833984375 0.93359375 0.5166015625 0.03125
7 0.60693359375 0.93359375 0.1005859375 0.03125
7 0.93505859375 0.9368489583333334 0.0224609375 0.022135416666666668
0 0.9345703125 0.9375 0.05078125 0.041666666666666664