4 0.47119140625 0.6822916666666666 0.0244140625 0.03125
7 0.5439453125 0.6822916666666666 0.083984375 0.0234375
4 0.84228515625 0.6822916666666666 0.0166015625 0.020833333333333332
7 0.6513671875 0.7701822916666666 0.384765625 0.08723958333333333
7 0.61669921875 0.8014322916666666 0.1044921875 0.024739583333333332
7 0.68505859375 0.8014322916666666 0.0341796875 0.024739583333333332
7 0.748046875 0.8014322916666666 0.09375 0.024739583333333332
7 0.6357421875 0.8170572916666666 0.353515625 0.055989583333333336
7 0.62548828125 0.9114583333333334 0.1376953125 0.046875
7 0.78173828125 0.9114583333333334 0.1376953125 0.046875
4 0.083984375 0.052083333333333336 0.046875 0.0625
7 0.1826171875 0.052083333333333336 0.130859375 0.052083333333333336
0 0.69091796875 0.052083333333333336 0.0771484375 0.03125
0 0.79296875 0.052083333333333336 0.05078125 0.03125
7 0.88134765625 0.052083333333333336 0.0498046875 0.03125
7 0.32568359375 0.19205729166666666 0.5302734375 0.09244791666666667
7 0.4189453125 0.21809895833333334 0.716796875 0.14453125
7 0.2021484375 0.4283854166666667 0.283203125 0.16927083333333334
7 0.2021484375 0.5911458333333334 0.283203125 0.078125
4 0.072265625 0.673828125 0.0234375 0.032552083333333336
0 0.080078125 0.6731770833333334 0.0390625 0.033854166666666664
4 0.111328125 0.673828125 0.0234375 0.032552083333333336
0 0.119140625 0.6731770833333334 0.0390625 0.033854166666666664
4 0.150390625 0.673828125 0.0234375 0.032552083333333336
0 0.158203125 0.6731770833333334 0.0390625 0.033854166666666664
4 0.6123046875 0.5768229166666666 0.5078125 0.4661458333333333
4 0.1494140625 0.9361979166666666 0.16796875 0.06510416666666667
4 0.40283203125 0.9361979166666666 0.1181640625 0.046875
4 0.63037109375 0.9361979166666666 0.1181640625 0.046875
4 0.86669921875 0.9361979166666666 0.1357421875 0.06510416666666667