2 0.40234375 0.057291666666666664 0.52734375 0.052083333333333336
0 0.70556640625 0.057291666666666664 0.0771484375 0.041666666666666664
7 0.81591796875 0.057291666666666664 0.0908203125 0.041666666666666664
0 0.8017578125 0.17838541666666666 0.08203125 0.028645833333333332
2 0.525390625 0.173828125 0.03125 0.032552083333333336
4 0.67578125 0.3059895833333333 0.119140625 0.15885416666666666
7 0.67578125 0.4114583333333333 0.33203125 0.028645833333333332
7 0.67578125 0.4401041666666667 0.33203125 0.028645833333333332
7 0.84130859375 0.8352864583333334 0.0400390625 0.18880208333333334
7 0.1865234375 0.6171875 0.0546875 0.020833333333333332
7 0.24755859375 0.6165364583333334 0.0087890625 0.053385416666666664
0 0.35107421875 0.619140625 0.1923828125 0.053385416666666664
4 0.46533203125 0.619140625 0.0185546875 0.016927083333333332
7 0.50732421875 0.6165364583333334 0.0087890625 0.053385416666666664
0 0.61083984375 0.619140625 0.1923828125 0.053385416666666664
4 0.72509765625 0.619140625 0.0185546875 0.016927083333333332
7 0.99169921875 0.6171875 0.0166015625 0.020833333333333332
0 0.99169921875 0.6171875 0.0166015625 0.020833333333333332
2 0.5693359375 0.6998697916666666 0.861328125 0.04296875
4 0.255859375 0.849609375 0.083984375 0.11328125
7 0.255859375 0.9544270833333334 0.046875 0.0234375
7 0.255859375 0.9921875 0.154296875 0.015625
4 0.4990234375 0.849609375 0.083984375 0.11328125
7 0.4990234375 0.9544270833333334 0.046875 0.0234375
7 0.4990234375 0.9921875 0.154296875 0.015625
4 0.7431640625 0.849609375 0.083984375 0.11328125
7 0.7431640625 0.9544270833333334 0.046875 0.0234375
7 0.7431640625 0.9921875 0.154296875 0.015625