0 0.01513671875 0.020182291666666668 0.0302734375 0.040364583333333336
4 0.12109375 0.052734375 0.1953125 0.06380208333333333
7 0.32177734375 0.041666666666666664 0.0869140625 0.028645833333333332
0 0.33056640625 0.041666666666666664 0.1259765625 0.041666666666666664
0 0.96484375 0.036458333333333336 0.03125 0.041666666666666664
7 0.197265625 0.13997395833333334 0.0390625 0.02734375
0 0.197265625 0.13997395833333334 0.0546875 0.07161458333333333
7 0.28662109375 0.140625 0.0927734375 0.026041666666666668
0 0.28662109375 0.13997395833333334 0.1083984375 0.07161458333333333
7 0.3671875 0.140625 0.033203125 0.026041666666666668
0 0.3671875 0.13997395833333334 0.052734375 0.07161458333333333
7 0.443359375 0.140625 0.083984375 0.026041666666666668
0 0.443359375 0.13997395833333334 0.099609375 0.07161458333333333
7 0.859375 0.14192708333333334 0.0390625 0.026041666666666668
0 0.87109375 0.13997395833333334 0.09375 0.07161458333333333
0 0.953125 0.140625 0.0625 0.041666666666666664
2 0.5 0.240234375 0.953125 0.06901041666666667
7 0.3984375 0.3274739583333333 0.75 0.06640625
4 0.1669921875 0.458984375 0.333984375 0.10546875
0 0.1669921875 0.458984375 0.333984375 0.10546875
4 0.5 0.458984375 0.333984375 0.10546875
0 0.5 0.458984375 0.333984375 0.10546875
4 0.8330078125 0.458984375 0.333984375 0.10546875
0 0.8330078125 0.458984375 0.333984375 0.10546875
4 0.1669921875 0.5631510416666666 0.333984375 0.10546875
0 0.1669921875 0.5631510416666666 0.333984375 0.10546875
4 0.5 0.5631510416666666 0.333984375 0.10546875
0 0.5 0.5631510416666666 0.333984375 0.10546875
4 0.8330078125 0.5631510416666666 0.333984375 0.10546875
0 0.8330078125 0.5631510416666666 0.333984375 0.10546875
4 0.1669921875 0.6673177083333334 0.333984375 0.10546875
0 0.1669921875 0.6673177083333334 0.333984375 0.10546875
4 0.5 0.6673177083333334 0.333984375 0.10546875
0 0.5 0.6673177083333334 0.333984375 0.10546875
4 0.8330078125 0.6673177083333334 0.333984375 0.10546875
0 0.8330078125 0.6673177083333334 0.333984375 0.10546875
4 0.1669921875 0.771484375 0.333984375 0.10546875
0 0.1669921875 0.771484375 0.333984375 0.10546875
4 0.5 0.771484375 0.333984375 0.10546875
0 0.5 0.771484375 0.333984375 0.10546875
4 0.8330078125 0.771484375 0.333984375 0.10546875
0 0.8330078125 0.771484375 0.333984375 0.10546875
4 0.1669921875 0.8756510416666666 0.333984375 0.10546875
0 0.1669921875 0.8756510416666666 0.333984375 0.10546875
4 0.5 0.8756510416666666 0.333984375 0.10546875
0 0.5 0.8756510416666666 0.333984375 0.10546875
4 0.8330078125 0.8756510416666666 0.333984375 0.10546875
0 0.8330078125 0.8756510416666666 0.333984375 0.10546875
4 0.1669921875 0.9635416666666666 0.333984375 0.07291666666666667
0 0.1669921875 0.9635416666666666 0.333984375 0.07291666666666667
4 0.5 0.9635416666666666 0.333984375 0.07291666666666667
0 0.5 0.9635416666666666 0.333984375 0.07291666666666667
4 0.8330078125 0.9635416666666666 0.333984375 0.07291666666666667
0 0.8330078125 0.9635416666666666 0.333984375 0.07291666666666667