4 0.056640625 0.044270833333333336 0.0390625 0.052083333333333336
7 0.337890625 0.046223958333333336 0.5 0.06640625
0 0.337890625 0.046223958333333336 0.5 0.06640625
7 0.337890625 0.06315104166666667 0.5 0.032552083333333336
0 0.783203125 0.061197916666666664 0.1171875 0.12239583333333333
0 0.904296875 0.044270833333333336 0.1171875 0.036458333333333336
7 0.07861328125 0.16145833333333334 0.0341796875 0.03125
0 0.060546875 0.16145833333333334 0.0703125 0.041666666666666664
7 0.07177734375 0.193359375 0.0732421875 0.022135416666666668
7 0.15283203125 0.193359375 0.0908203125 0.022135416666666668
1 0.43017578125 0.16145833333333334 0.3193359375 0.057291666666666664
4 0.609375 0.15950520833333334 0.025390625 0.032552083333333336
0 0.68310546875 0.16145833333333334 0.1083984375 0.057291666666666664
0 0.08203125 0.11588541666666667 0.1640625 0.046875
0 0.07177734375 0.11588541666666667 0.1435546875 0.046875
0 0.0673828125 0.11588541666666667 0.134765625 0.046875
7 0.83935546875 0.15755208333333334 0.0556640625 0.044270833333333336
0 0.83935546875 0.15690104166666666 0.0556640625 0.045572916666666664
0 0.94677734375 0.15755208333333334 0.0478515625 0.046875
2 0.10546875 0.2610677083333333 0.07421875 0.022135416666666668
0 0.11669921875 0.26171875 0.1630859375 0.057291666666666664
2 0.28515625 0.2610677083333333 0.08984375 0.022135416666666668
0 0.29638671875 0.26171875 0.1787109375 0.057291666666666664
2 0.45556640625 0.2610677083333333 0.0556640625 0.022135416666666668
0 0.466796875 0.26171875 0.14453125 0.057291666666666664
2 0.60888671875 0.2610677083333333 0.0556640625 0.022135416666666668
0 0.6201171875 0.26171875 0.14453125 0.057291666666666664
4 0.71484375 0.2610677083333333 0.02734375 0.03515625
0 0.75927734375 0.26171875 0.1162109375 0.057291666666666664
2 0.748046875 0.2610677083333333 0.02734375 0.022135416666666668
7 0.73974609375 0.2740885416666667 0.0107421875 0.00390625
4 0.83984375 0.2610677083333333 0.02734375 0.03515625
0 0.91064453125 0.26171875 0.1689453125 0.057291666666666664
2 0.8994140625 0.2610677083333333 0.080078125 0.022135416666666668
4 0.98193359375 0.26171875 0.0361328125 0.057291666666666664
3 0.5 0.3606770833333333 0.7109375 0.1171875
7 0.79248046875 0.4303385416666667 0.0107421875 0.014322916666666666
0 0.80517578125 0.4322916666666667 0.0615234375 0.018229166666666668
6 0.09814453125 0.4615885416666667 0.1259765625 0.022135416666666668
4 0.19775390625 0.4622395833333333 0.0302734375 0.0390625
0 0.28466796875 0.4602864583333333 0.1376953125 0.022135416666666668
7 0.2724609375 0.4602864583333333 0.11328125 0.022135416666666668
7 0.3408203125 0.4602864583333333 0.025390625 0.022135416666666668
0 0.37158203125 0.4615885416666667 0.0185546875 0.024739583333333332
2 0.4873046875 0.4615885416666667 0.150390625 0.022135416666666668
6 0.62255859375 0.4615885416666667 0.0361328125 0.022135416666666668
6 0.70556640625 0.4615885416666667 0.0888671875 0.022135416666666668
6 0.82080078125 0.4615885416666667 0.1005859375 0.022135416666666668
6 0.91455078125 0.4615885416666667 0.0458984375 0.022135416666666668
6 0.97900390625 0.4615885416666667 0.0419921875 0.022135416666666668
2 0.11083984375 0.5384114583333334 0.0869140625 0.022135416666666668
4 0.18994140625 0.7154947916666666 0.3037109375 0.43359375
0 0.1904296875 0.7154947916666666 0.3046875 0.43359375
7 0.1904296875 0.8600260416666666 0.265625 0.06901041666666667
4 0.06591796875 0.91796875 0.0166015625 0.020833333333333332
7 0.11962890625 0.9173177083333334 0.0810546875 0.01953125
4 0.494140625 0.6067708333333334 0.3046875 0.21614583333333334
0 0.494140625 0.607421875 0.3046875 0.21744791666666666
7 0.47412109375 0.6575520833333334 0.2255859375 0.0703125
7 0.55322265625 0.6790364583333334 0.0380859375 0.01953125
4 0.494140625 0.82421875 0.3046875 0.21614583333333334
0 0.494140625 0.8248697916666666 0.3046875 0.21744791666666666
7 0.46630859375 0.8997395833333334 0.2099609375 0.0703125
7 0.5888671875 0.9212239583333334 0.0234375 0.01953125
2 0.7001953125 0.5384114583333334 0.05078125 0.022135416666666668
4 0.79736328125 0.7154947916666666 0.3037109375 0.43359375
0 0.7978515625 0.7154947916666666 0.3046875 0.43359375
7 0.7978515625 0.8600260416666666 0.265625 0.06901041666666667
4 0.67333984375 0.91796875 0.0166015625 0.020833333333333332
7 0.70947265625 0.9173177083333334 0.0458984375 0.01953125
4 0.974609375 0.6067708333333334 0.05078125 0.21614583333333334
0 0.974609375 0.607421875 0.05078125 0.21744791666666666
7 0.984375 0.6575520833333334 0.03125 0.0703125
4 0.974609375 0.82421875 0.05078125 0.21614583333333334
0 0.974609375 0.8248697916666666 0.05078125 0.21744791666666666
7 0.984375 0.8997395833333334 0.03125 0.0703125
4 0.18408203125 0.9518229166666666 0.0068359375 0.0078125
4 0.19580078125 0.9518229166666666 0.0068359375 0.0078125
4 0.20751953125 0.9518229166666666 0.0068359375 0.0078125
4 0.21923828125 0.9518229166666666 0.0068359375 0.0078125
4 0.23095703125 0.9518229166666666 0.0068359375 0.0078125
4 0.24267578125 0.9518229166666666 0.0068359375 0.0078125
4 0.25439453125 0.9518229166666666 0.0068359375 0.0078125
4 0.26611328125 0.9518229166666666 0.0068359375 0.0078125
4 0.27783203125 0.9518229166666666 0.0068359375 0.0078125
4 0.28955078125 0.9518229166666666 0.0068359375 0.0078125
4 0.30126953125 0.9518229166666666 0.0068359375 0.0078125
4 0.31298828125 0.9518229166666666 0.0068359375 0.0078125
4 0.32470703125 0.9518229166666666 0.0068359375 0.0078125
4 0.33642578125 0.9518229166666666 0.0068359375 0.0078125
4 0.34814453125 0.9518229166666666 0.0068359375 0.0078125
4 0.35986328125 0.9518229166666666 0.0068359375 0.0078125
4 0.37158203125 0.9518229166666666 0.0068359375 0.0078125
4 0.38330078125 0.9518229166666666 0.0068359375 0.0078125
4 0.39501953125 0.9518229166666666 0.0068359375 0.0078125
4 0.40673828125 0.9518229166666666 0.0068359375 0.0078125
4 0.41845703125 0.9518229166666666 0.0068359375 0.0078125
4 0.43017578125 0.9518229166666666 0.0068359375 0.0078125
4 0.44189453125 0.9518229166666666 0.0068359375 0.0078125
4 0.45361328125 0.9518229166666666 0.0068359375 0.0078125
4 0.46533203125 0.9518229166666666 0.0068359375 0.0078125
4 0.47705078125 0.9518229166666666 0.0068359375 0.0078125
4 0.48876953125 0.9518229166666666 0.0068359375 0.0078125
4 0.50048828125 0.9518229166666666 0.0068359375 0.0078125
4 0.51220703125 0.9518229166666666 0.0068359375 0.0078125
2 0.814453125 0.880859375 0.27734375 0.048177083333333336
0 0.72216796875 0.9244791666666666 0.0927734375 0.020833333333333332
0 0.85302734375 0.9244791666666666 0.1591796875 0.020833333333333332
0 0.74853515625 0.95703125 0.1455078125 0.020833333333333332
0 0.873046875 0.95703125 0.09375 0.020833333333333332
0 0.7265625 0.9895833333333334 0.1015625 0.020833333333333332
0 0.8564453125 0.9895833333333334 0.1484375 0.020833333333333332
3 0.81396484375 0.6614583333333334 0.2939453125 0.3255208333333333
7 0.97216796875 0.5260416666666666 0.0107421875 0.013020833333333334
0 0.97119140625 0.517578125 0.0126953125 0.029947916666666668