6 0.0732421875 0.041666666666666664 0.09765625 0.028645833333333332
0 0.0732421875 0.034505208333333336 0.09765625 0.022135416666666668
4 0.0322265625 0.09830729166666667 0.013671875 0.016927083333333332
0 0.0732421875 0.099609375 0.09765625 0.08723958333333333
7 0.06884765625 0.09830729166666667 0.0458984375 0.024739583333333332
2 0.0732421875 0.14973958333333334 0.09765625 0.013020833333333334
4 0.0322265625 0.18880208333333334 0.009765625 0.018229166666666668
0 0.0732421875 0.18880208333333334 0.09765625 0.0390625
7 0.0751953125 0.18815104166666666 0.056640625 0.024739583333333332
4 0.03173828125 0.228515625 0.0107421875 0.016927083333333332
0 0.0732421875 0.22786458333333334 0.09765625 0.0390625
7 0.06591796875 0.22721354166666666 0.0380859375 0.024739583333333332
4 0.0322265625 0.2682291666666667 0.013671875 0.013020833333333334
0 0.0732421875 0.2669270833333333 0.09765625 0.0390625
7 0.068359375 0.2662760416666667 0.04296875 0.024739583333333332
4 0.0322265625 0.3053385416666667 0.01171875 0.014322916666666666
0 0.0732421875 0.3059895833333333 0.09765625 0.0390625
7 0.068359375 0.3053385416666667 0.04296875 0.024739583333333332
0 0.0732421875 0.42578125 0.09765625 0.0546875
0 0.0732421875 0.49609375 0.09765625 0.0546875
6 0.033203125 0.7102864583333334 0.0234375 0.01953125
7 0.0791015625 0.7102864583333334 0.041015625 0.01953125
6 0.0400390625 0.736328125 0.037109375 0.01953125
6 0.087890625 0.736328125 0.03125 0.01953125
6 0.0498046875 0.7623697916666666 0.056640625 0.01953125
6 0.072265625 0.8014322916666666 0.1015625 0.045572916666666664
7 0.0703125 0.869140625 0.09765625 0.055989583333333336
7 0.4267578125 0.13997395833333334 0.501953125 0.040364583333333336
2 0.4267578125 0.23763020833333334 0.501953125 0.15755208333333334
7 0.4267578125 0.19401041666666666 0.560546875 0.3880208333333333
4 0.1943359375 0.3444010416666667 0.009765625 0.014322916666666666
4 0.2080078125 0.3444010416666667 0.009765625 0.014322916666666666
4 0.2216796875 0.3444010416666667 0.009765625 0.014322916666666666
4 0.2353515625 0.3444010416666667 0.009765625 0.014322916666666666
4 0.2490234375 0.3444010416666667 0.009765625 0.014322916666666666
4 0.77490234375 0.06705729166666667 0.0888671875 0.11848958333333333
0 0.77490234375 0.0859375 0.0888671875 0.15625
7 0.77490234375 0.13802083333333334 0.0888671875 0.018229166666666668
7 0.77490234375 0.15494791666666666 0.0888671875 0.018229166666666668
2 0.90869140625 0.035807291666666664 0.0888671875 0.03515625
1 0.90869140625 0.080078125 0.0888671875 0.029947916666666668
0 0.9248046875 0.12955729166666666 0.056640625 0.03515625
4 0.8544921875 0.2786458333333333 0.291015625 0.21875
7 0.89404296875 0.4290364583333333 0.0419921875 0.024739583333333332
0 0.9052734375 0.4290364583333333 0.103515625 0.045572916666666664
7 0.93115234375 0.4264322916666667 0.0126953125 0.014322916666666666
0 0.22802734375 0.4283854166666667 0.0771484375 0.044270833333333336
0 0.365234375 0.4283854166666667 0.158203125 0.044270833333333336
0 0.4970703125 0.4283854166666667 0.06640625 0.044270833333333336
0 0.65087890625 0.4283854166666667 0.2021484375 0.044270833333333336
0 0.80859375 0.4283854166666667 0.07421875 0.044270833333333336
4 0.37451171875 0.6334635416666666 0.3681640625 0.24609375
0 0.37451171875 0.6334635416666666 0.3681640625 0.24609375
7 0.2255859375 0.72265625 0.03125 0.020833333333333332
2 0.37451171875 0.8001302083333334 0.3291015625 0.06380208333333333
7 0.37451171875 0.876953125 0.3291015625 0.061197916666666664
4 0.77197265625 0.6334635416666666 0.3681640625 0.24609375
0 0.77197265625 0.6334635416666666 0.3681640625 0.24609375
7 0.623046875 0.72265625 0.03125 0.020833333333333332
2 0.77197265625 0.8001302083333334 0.3291015625 0.06380208333333333
7 0.77197265625 0.876953125 0.3291015625 0.061197916666666664
4 0.37451171875 0.9817708333333334 0.3681640625 0.036458333333333336
0 0.37451171875 0.9817708333333334 0.3681640625 0.036458333333333336
4 0.77197265625 0.9817708333333334 0.3681640625 0.036458333333333336
0 0.77197265625 0.9817708333333334 0.3681640625 0.036458333333333336
4 0.0556640625 0.9622395833333334 0.0234375 0.03125
0 0.0556640625 0.9622395833333334 0.0234375 0.03125
4 0.0849609375 0.9622395833333334 0.0234375 0.03125
0 0.0849609375 0.9622395833333334 0.0234375 0.03125
4 0.1142578125 0.9622395833333334 0.0234375 0.03125
0 0.1142578125 0.9622395833333334 0.0234375 0.03125
4 0.1435546875 0.9622395833333334 0.0234375 0.03125
2 0.4716796875 0.962890625 0.61328125 0.014322916666666666