6 0.78662109375 0.055338541666666664 0.0869140625 0.022135416666666668
7 0.83935546875 0.0546875 0.0126953125 0.020833333333333332
6 0.86328125 0.0546875 0.029296875 0.020833333333333332
7 0.88720703125 0.0546875 0.0185546875 0.020833333333333332
6 0.9189453125 0.0546875 0.044921875 0.020833333333333332
7 0.38232421875 0.054036458333333336 0.2666015625 0.01953125
1 0.546875 0.048828125 0.03515625 0.029947916666666668
0 0.29931640625 0.13932291666666666 0.1005859375 0.03125
0 0.43408203125 0.13932291666666666 0.1103515625 0.03125
0 0.59130859375 0.13932291666666666 0.1455078125 0.03125
0 0.7666015625 0.13932291666666666 0.146484375 0.03125
6 0.08935546875 0.24674479166666666 0.0615234375 0.02734375
6 0.1640625 0.24674479166666666 0.041015625 0.02734375
6 0.23681640625 0.24674479166666666 0.0576171875 0.02734375
6 0.31787109375 0.24674479166666666 0.0576171875 0.02734375
6 0.4072265625 0.24674479166666666 0.07421875 0.02734375
6 0.51220703125 0.24674479166666666 0.0888671875 0.02734375
6 0.63134765625 0.24674479166666666 0.1025390625 0.02734375
6 0.74560546875 0.24674479166666666 0.0791015625 0.02734375
7 0.5 0.5026041666666666 0.9375 0.4296875
4 0.46337890625 0.7102864583333334 0.0146484375 0.01953125
4 0.47802734375 0.7102864583333334 0.0146484375 0.01953125
4 0.49267578125 0.7102864583333334 0.0146484375 0.01953125
4 0.50732421875 0.7102864583333334 0.0146484375 0.01953125
4 0.52197265625 0.7102864583333334 0.0146484375 0.01953125
4 0.53662109375 0.7102864583333334 0.0146484375 0.01953125
4 0.10009765625 0.8704427083333334 0.0732421875 0.09765625
2 0.28271484375 0.8365885416666666 0.2236328125 0.032552083333333336
7 0.32421875 0.9322916666666666 0.306640625 0.11458333333333333
6 0.2138671875 0.9973958333333334 0.0859375 0.005208333333333333
4 0.55615234375 0.8704427083333334 0.0732421875 0.09765625
2 0.71142578125 0.8365885416666666 0.1689453125 0.032552083333333336
7 0.78125 0.9322916666666666 0.30859375 0.11458333333333333
6 0.669921875 0.9973958333333334 0.0859375 0.005208333333333333