0 0.70947265625 0.02734375 0.0341796875 0.028645833333333332
0 0.77880859375 0.02734375 0.0498046875 0.028645833333333332
0 0.88134765625 0.02734375 0.0458984375 0.028645833333333332
0 0.9521484375 0.02734375 0.041015625 0.028645833333333332
4 0.158203125 0.08658854166666667 0.27734375 0.06380208333333333
0 0.8984375 0.0859375 0.1640625 0.0625
2 0.2041015625 0.2552083333333333 0.369140625 0.06510416666666667
2 0.24169921875 0.3203125 0.4443359375 0.06510416666666667
7 0.27197265625 0.42578125 0.5048828125 0.11458333333333333
0 0.064453125 0.5260416666666666 0.08984375 0.049479166666666664
7 0.134765625 0.6015625 0.23046875 0.0234375
6 0.314453125 0.6015625 0.12890625 0.0234375
2 0.5 0.85546875 0.9609375 0.033854166666666664
2 0.4267578125 0.9075520833333334 0.814453125 0.049479166666666664
2 0.4619140625 0.93359375 0.884765625 0.1015625
2 0.46533203125 0.9674479166666666 0.8916015625 0.06510416666666667