4 0.07421875 0.11328125 0.107421875 0.11979166666666667
0 0.07421875 0.11328125 0.1484375 0.17447916666666666
1 0.869140625 0.08268229166666667 0.15234375 0.053385416666666664
1 0.9306640625 0.08268229166666667 0.029296875 0.040364583333333336
4 0.96435546875 0.08333333333333333 0.0322265625 0.049479166666666664
0 0.12353515625 0.16145833333333334 0.1201171875 0.052083333333333336
0 0.2333984375 0.16145833333333334 0.1015625 0.052083333333333336
0 0.3095703125 0.16145833333333334 0.052734375 0.052083333333333336
0 0.376953125 0.16145833333333334 0.083984375 0.052083333333333336
0 0.4443359375 0.16145833333333334 0.052734375 0.052083333333333336
0 0.55419921875 0.16145833333333334 0.1689453125 0.052083333333333336
0 0.70361328125 0.16145833333333334 0.1318359375 0.052083333333333336
0 0.7998046875 0.16145833333333334 0.0625 0.052083333333333336
0 0.88427734375 0.16145833333333334 0.1083984375 0.052083333333333336
7 0.22607421875 0.078125 0.0478515625 0.026041666666666668
0 0.22607421875 0.078125 0.0751953125 0.10416666666666667
7 0.30126953125 0.078125 0.0478515625 0.026041666666666668
0 0.30126953125 0.078125 0.0751953125 0.10416666666666667
7 0.376953125 0.078125 0.048828125 0.026041666666666668
0 0.376953125 0.078125 0.076171875 0.10416666666666667
7 0.4638671875 0.078125 0.0703125 0.026041666666666668
0 0.4638671875 0.078125 0.09765625 0.10416666666666667
7 0.556640625 0.078125 0.060546875 0.026041666666666668
0 0.556640625 0.078125 0.087890625 0.10416666666666667
7 0.630859375 0.078125 0.033203125 0.026041666666666668
0 0.630859375 0.078125 0.060546875 0.10416666666666667
7 0.72021484375 0.078125 0.0908203125 0.026041666666666668
0 0.72021484375 0.078125 0.1181640625 0.10416666666666667
4 0.1240234375 0.6002604166666666 0.24609375 0.7994791666666666
0 0.24658203125 0.20052083333333334 0.0009765625 0
2 0.36962890625 0.2526041666666667 0.2197265625 0.06770833333333333
0 0.36962890625 0.2526041666666667 0.2197265625 0.06770833333333333
7 0.32373046875 0.3196614583333333 0.1279296875 0.02734375
6 0.33935546875 0.3326822916666667 0.1591796875 0.053385416666666664
7 0.27685546875 0.345703125 0.0068359375 0.02734375
7 0.3466796875 0.3450520833333333 0.134765625 0.028645833333333332
6 0.36865234375 0.37109375 0.2177734375 0.08072916666666667
7 0.349609375 0.41015625 0.1796875 0.0546875
6 0.357421875 0.4231770833333333 0.048828125 0.028645833333333332
7 0.3486328125 0.4830729166666667 0.177734375 0.0546875
6 0.369140625 0.53515625 0.21875 0.10677083333333333
7 0.33984375 0.6197916666666666 0.16015625 0.028645833333333332
6 0.3603515625 0.6328125 0.201171875 0.0546875
7 0.3564453125 0.6848958333333334 0.193359375 0.10677083333333333
7 0.3271484375 0.7708333333333334 0.134765625 0.028645833333333332
6 0.35546875 0.796875 0.19140625 0.08072916666666667
7 0.36328125 0.875 0.20703125 0.1328125
7 0.3671875 0.9791666666666666 0.21484375 0.041666666666666664
0 0.59619140625 0.4674479166666667 0.1787109375 0.044270833333333336
0 0.626953125 0.4055989583333333 0.25390625 0.41015625
7 0.62060546875 0.541015625 0.2080078125 0.09765625
2 0.8798828125 0.22395833333333334 0.216796875 0.020833333333333332
0 0.87939453125 0.2805989583333333 0.2255859375 0.06380208333333333
0 0.87939453125 0.349609375 0.2255859375 0.06380208333333333
0 0.87939453125 0.4290364583333333 0.2255859375 0.08463541666666667
0 0.87939453125 0.5188802083333334 0.2255859375 0.08463541666666667
0 0.87939453125 0.607421875 0.2255859375 0.08463541666666667
0 0.81103515625 0.5703125 0.0927734375 0.041666666666666664
0 0.93701171875 0.5703125 0.1162109375 0.041666666666666664
7 0.7529296875 0.9641927083333334 0.4921875 0.07161458333333333
0 0.75 0.8053385416666666 0.5 0.3893229166666667