7 0.12646484375 0.021484375 0.2236328125 0.029947916666666668
7 0.56103515625 0.021484375 0.6083984375 0.029947916666666668
6 0.49755859375 0.037760416666666664 0.9658203125 0.0625
7 0.3134765625 0.054036458333333336 0.00390625 0.029947916666666668
4 0.1708984375 0.126953125 0.3125 0.05859375
0 0.20849609375 0.126953125 0.3876953125 0.05859375
7 0.5 0.15234375 0.0390625 0.026041666666666668
0 0.49951171875 0.15690104166666666 0.0595703125 0.07942708333333333
7 0.70263671875 0.123046875 0.0380859375 0.05078125
1 0.83544921875 0.12565104166666666 0.2216796875 0.055989583333333336
1 0.96435546875 0.12565104166666666 0.0419921875 0.055989583333333336
4 0.5 0.392578125 1 0.4309895833333333
2 0.5 0.2903645833333333 0.970703125 0.07552083333333333
2 0.5 0.3502604166666667 0.970703125 0.046875
7 0.185546875 0.4674479166666667 0.248046875 0.033854166666666664
0 0.18505859375 0.4680989583333333 0.3330078125 0.06640625
7 0.51513671875 0.4674479166666667 0.2158203125 0.033854166666666664
0 0.5146484375 0.4680989583333333 0.30078125 0.06640625
7 0.185546875 0.5533854166666666 0.248046875 0.033854166666666664
0 0.18505859375 0.5540364583333334 0.3330078125 0.06640625
2 0.4873046875 0.6927083333333334 0.875 0.0390625
7 0.10546875 0.740234375 0.111328125 0.029947916666666668
6 0.201171875 0.740234375 0.080078125 0.029947916666666668
7 0.2880859375 0.740234375 0.09375 0.029947916666666668
0 0.4990234375 0.9153645833333334 0.96875 0.16927083333333334
2 0.78369140625 0.8626302083333334 0.1904296875 0.037760416666666664
6 0.828125 0.9440104166666666 0.279296875 0.09895833333333333
7 0.42138671875 0.9791666666666666 0.4990234375 0.026041666666666668
6 0.7119140625 0.9791666666666666 0.083984375 0.026041666666666668
7 0.75732421875 0.9791666666666666 0.0087890625 0.026041666666666668
0 0.79931640625 0.978515625 0.0576171875 0.02734375