7 0.3037109375 0.061197916666666664 0.509765625 0.07552083333333333
6 0.0927734375 0.11588541666666667 0.087890625 0.020833333333333332
7 0.318359375 0.11588541666666667 0.36328125 0.020833333333333332
0 0.9052734375 0.07552083333333333 0.03515625 0.020833333333333332
0 0.7802734375 0.078125 0.1015625 0.0234375
3 0.5 0.06901041666666667 0.7109375 0.1171875
7 0.90234375 0.15885416666666666 0.166015625 0.03125
7 0.04443359375 0.22721354166666666 0.0400390625 0.02734375
0 0.05322265625 0.22721354166666666 0.0751953125 0.040364583333333336
4 0.07373046875 0.228515625 0.0166015625 0.022135416666666668
4 0.185546875 0.22786458333333334 0.16015625 0.052083333333333336
0 0.185546875 0.22786458333333334 0.16015625 0.052083333333333336
0 0.7392578125 0.22721354166666666 0.072265625 0.024739583333333332
7 0.83056640625 0.2265625 0.0498046875 0.0234375
0 0.84521484375 0.22721354166666666 0.0791015625 0.029947916666666668
4 0.87353515625 0.22721354166666666 0.0224609375 0.029947916666666668
7 0.935546875 0.2265625 0.041015625 0.0234375
0 0.94970703125 0.22721354166666666 0.0693359375 0.029947916666666668
4 0.9736328125 0.22721354166666666 0.021484375 0.029947916666666668
4 0.697265625 0.4889322916666667 0.57421875 0.41796875
2 0.20703125 0.376953125 0.3203125 0.11067708333333333
7 0.21337890625 0.4895833333333333 0.3330078125 0.07552083333333333
2 0.5 0.5 1 1
4 0.1298828125 0.8014322916666666 0.228515625 0.16796875
2 0.1259765625 0.9544270833333334 0.220703125 0.09114583333333333
4 0.3759765625 0.8014322916666666 0.228515625 0.16796875
2 0.37451171875 0.9544270833333334 0.2255859375 0.09114583333333333
2 0.61962890625 0.7649739583333334 0.2236328125 0.09244791666666667
4 0.8681640625 0.8014322916666666 0.228515625 0.16796875
2 0.86865234375 0.9544270833333334 0.2294921875 0.09114583333333333