4 0.03125 0.037760416666666664 0.0234375 0.026041666666666668
4 0.0947265625 0.035807291666666664 0.06640625 0.040364583333333336
6 0.16796875 0.034505208333333336 0.046875 0.022135416666666668
6 0.2373046875 0.034505208333333336 0.0625 0.022135416666666668
6 0.30322265625 0.034505208333333336 0.0380859375 0.022135416666666668
6 0.3564453125 0.034505208333333336 0.0390625 0.022135416666666668
6 0.41650390625 0.034505208333333336 0.0537109375 0.022135416666666668
6 0.4755859375 0.034505208333333336 0.03515625 0.022135416666666668
6 0.54150390625 0.034505208333333336 0.0673828125 0.022135416666666668
6 0.1962890625 0.068359375 0.087890625 0.022135416666666668
6 0.28125 0.068359375 0.05078125 0.022135416666666668
6 0.3427734375 0.068359375 0.044921875 0.022135416666666668
0 0.66552734375 0.034505208333333336 0.0576171875 0.01953125
0 0.7236328125 0.034505208333333336 0.03515625 0.01953125
0 0.77685546875 0.03515625 0.0478515625 0.03125
0 0.873046875 0.03515625 0.12109375 0.03125
4 0.96826171875 0.036458333333333336 0.0302734375 0.036458333333333336
0 0 0.10026041666666667 0 0.03125
0 0 0.16015625 0 0.03125
0 0 0.22005208333333334 0 0.03125
0 0 0.34375 0 0.03125
0 0 0.4049479166666667 0 0.03125
0 0 0.4661458333333333 0 0.03125
0 0 0.52734375 0 0.03125
0 0 0.5885416666666666 0 0.03125
0 0 0.6484375 0 0.03125
0 0 0.7083333333333334 0 0.03125
0 0 0.7682291666666666 0 0.03125
0 0 0.828125 0 0.03125
0 0 0.8880208333333334 0 0.03125
0 0 0.94921875 0 0.03125
0 0 0.9973958333333334 0 0.005208333333333333
4 0.66650390625 0.478515625 0.6376953125 0.4778645833333333
0 0.66650390625 0.478515625 0.6376953125 0.4778645833333333
2 0.17041015625 0.3951822916666667 0.3095703125 0.14973958333333334
0 0.17041015625 0.4108072916666667 0.3095703125 0.18098958333333334
6 0.15283203125 0.5481770833333334 0.2451171875 0.020833333333333332
6 0.1728515625 0.5846354166666666 0.28515625 0.020833333333333332
6 0.169921875 0.62109375 0.279296875 0.020833333333333332
4 0.009765625 0.8841145833333334 0.01953125 0.23177083333333334
0 0.009765625 0.8841145833333334 0.01953125 0.23177083333333334
4 0.595703125 0.8841145833333334 0.76953125 0.23177083333333334
0 0.5 0.8841145833333334 0.9609375 0.23177083333333334
4 0.59619140625 0.8841145833333334 0.7705078125 0.23177083333333334
4 0.24267578125 0.810546875 0.0322265625 0.04296875
4 0.1337890625 0.8841145833333334 0.267578125 0.23177083333333334
2 0.17578125 0.873046875 0.19140625 0.10546875
0 0.17578125 0.91015625 0.19140625 0.1796875
6 0.17578125 0.9752604166666666 0.19140625 0.049479166666666664
0 0.990234375 0.8841145833333334 0.01953125 0.23177083333333334
4 0.96826171875 0.8841145833333334 0.0634765625 0.23177083333333334
7 0.31103515625 0.9186197916666666 0.5595703125 0.07161458333333333
6 0.19921875 0.943359375 0.14453125 0.022135416666666668
7 0.27294921875 0.943359375 0.0048828125 0.022135416666666668
6 0.08984375 0.9680989583333334 0.1171875 0.022135416666666668
7 0.1552734375 0.9680989583333334 0.015625 0.022135416666666668
6 0.29541015625 0.9680989583333334 0.2666015625 0.022135416666666668
4 0.9765625 0.9303385416666666 0.013671875 0.024739583333333332