4 0.107421875 0.038411458333333336 0.21484375 0.045572916666666664
0 0.107421875 0.037760416666666664 0.21484375 0.07552083333333333
0 0.2734375 0.037760416666666664 0.087890625 0.07552083333333333
0 0.34765625 0.037760416666666664 0.0625 0.07552083333333333
0 0.40869140625 0.037760416666666664 0.0634765625 0.07552083333333333
0 0.47216796875 0.037760416666666664 0.0654296875 0.07552083333333333
0 0.53662109375 0.037760416666666664 0.0654296875 0.07552083333333333
0 0.6181640625 0.037760416666666664 0.099609375 0.07552083333333333
0 0.716796875 0.037760416666666664 0.099609375 0.07552083333333333
0 0.81640625 0.037760416666666664 0.1015625 0.07552083333333333
7 0.90478515625 0.037760416666666664 0.0791015625 0.07552083333333333
4 0.0615234375 0.1015625 0.09375 0.020833333333333332
0 0.0615234375 0.1015625 0.09375 0.020833333333333332
4 0.1796875 0.10286458333333333 0.103515625 0.020833333333333332
0 0.1796875 0.10221354166666667 0.103515625 0.01953125
0 0.28125 0.1015625 0.0703125 0.052083333333333336
4 0.3798828125 0.09895833333333333 0.099609375 0.028645833333333332
0 0.3798828125 0.099609375 0.099609375 0.029947916666666668
4 0.46826171875 0.10026041666666667 0.0302734375 0.0390625
0 0.46826171875 0.10026041666666667 0.0302734375 0.0390625
4 0.55859375 0.10221354166666667 0.103515625 0.014322916666666666
0 0.55859375 0.10481770833333333 0.103515625 0.01953125
0 0.66943359375 0.1015625 0.0888671875 0.052083333333333336
0 0.78271484375 0.1015625 0.1337890625 0.052083333333333336
4 0.92138671875 0.10221354166666667 0.1142578125 0.02734375
0 0.92138671875 0.10026041666666667 0.1142578125 0.0234375
5 0.51708984375 0.15885416666666666 0.0595703125 0.020833333333333332
1 0.71337890625 0.15885416666666666 0.3232421875 0.049479166666666664
7 0.5 0.14322916666666666 1 0.018229166666666668
7 0.12451171875 0.31640625 0.1240234375 0.028645833333333332
0 0.125 0.31640625 0.25 0.026041666666666668
0 0.125 0.3411458333333333 0.25 0.015625
7 0.125 0.3932291666666667 0.25 0.0390625
7 0.1279296875 0.4440104166666667 0.21875 0.0234375
7 0.1279296875 0.4791666666666667 0.21875 0.046875
7 0.1279296875 0.5143229166666666 0.21875 0.0234375
7 0.0546875 0.537109375 0.072265625 0.01953125
4 0.2216796875 0.5286458333333334 0.0234375 0.03125
7 0.12451171875 0.5891927083333334 0.1533203125 0.022135416666666668
7 0.1279296875 0.640625 0.21875 0.0234375
7 0.1279296875 0.6640625 0.21875 0.0234375
7 0.1279296875 0.6875 0.21875 0.0234375
7 0.04931640625 0.7102864583333334 0.0615234375 0.01953125
7 0.1279296875 0.7747395833333334 0.21875 0.0234375
7 0.1279296875 0.7981770833333334 0.21875 0.0234375
7 0.1279296875 0.8216145833333334 0.21875 0.0234375
7 0.05859375 0.8444010416666666 0.080078125 0.01953125
7 0.1279296875 0.9088541666666666 0.21875 0.0234375
7 0.1279296875 0.9322916666666666 0.21875 0.0234375
7 0.1279296875 0.9557291666666666 0.21875 0.0234375
7 0.05859375 0.978515625 0.080078125 0.01953125
2 0.61767578125 0.3111979166666667 0.7060546875 0.06510416666666667
4 0.50732421875 0.5260416666666666 0.4853515625 0.3645833333333333
0 0.50732421875 0.5260416666666666 0.4853515625 0.3645833333333333
4 0.287109375 0.3736979166666667 0.03515625 0.046875
7 0.30322265625 0.6842447916666666 0.0615234375 0.03515625
7 0.7236328125 0.7154947916666666 0.052734375 0.014322916666666666
2 0.42529296875 0.7421875 0.3212890625 0.036458333333333336
0 0.50732421875 0.7428385416666666 0.4853515625 0.037760416666666664
0 0.50732421875 0.8111979166666666 0.4853515625 0.07552083333333333
4 0.8720703125 0.4173177083333333 0.1953125 0.14713541666666666
0 0.8720703125 0.4173177083333333 0.1953125 0.14713541666666666
4 0.796875 0.3736979166666667 0.03515625 0.046875
2 0.8564453125 0.5475260416666666 0.1640625 0.08203125
0 0.8720703125 0.5481770833333334 0.1953125 0.08333333333333333
4 0.8720703125 0.6907552083333334 0.1953125 0.14713541666666666
0 0.8720703125 0.6907552083333334 0.1953125 0.14713541666666666
4 0.796875 0.6477864583333334 0.03515625 0.048177083333333336
2 0.8623046875 0.8079427083333334 0.17578125 0.053385416666666664
0 0.8720703125 0.80859375 0.1953125 0.0546875
7 0.80419921875 0.9466145833333334 0.3623046875 0.10677083333333333
7 0.43115234375 0.9290364583333334 0.3623046875 0.06640625
0 0.43115234375 0.9908854166666666 0.3330078125 0.018229166666666668