4 0.48681640625 0.061848958333333336 0.9736328125 0.12369791666666667
7 0.08203125 0.09114583333333333 0.125 0.020833333333333332
6 0.6953125 0.09244791666666667 0.0390625 0.0234375
1 0.80419921875 0.09244791666666667 0.1572265625 0.028645833333333332
1 0.93310546875 0.09049479166666667 0.0947265625 0.024739583333333332
2 0.42041015625 0.279296875 0.4189453125 0.02734375
7 0.41162109375 0.3430989583333333 0.4521484375 0.04296875
6 0.447265625 0.3548177083333333 0.154296875 0.01953125
7 0.5341796875 0.3548177083333333 0.01953125 0.01953125
6 0.580078125 0.3548177083333333 0.07421875 0.01953125
7 0.6171875 0.3548177083333333 0.00390625 0.01953125
4 0.419921875 0.6432291666666666 0.439453125 0.453125
7 0.419921875 0.9127604166666666 0.44921875 0.0546875
6 0.48779296875 0.9322916666666666 0.0224609375 0.015625
7 0.5 0.9322916666666666 0.00390625 0.015625
7 0.41845703125 0.9850260416666666 0.4658203125 0.029947916666666668
4 0.70556640625 0.6236979166666666 0.0048828125 0.7526041666666666
2 0.87353515625 0.23893229166666666 0.2529296875 0.022135416666666668
6 0.87353515625 0.2662760416666667 0.2529296875 0.022135416666666668
6 0.8466796875 0.2897135416666667 0.19921875 0.022135416666666668
6 0.87109375 0.3131510416666667 0.248046875 0.022135416666666668
7 0.87353515625 0.3450520833333333 0.2529296875 0.0390625
2 0.87353515625 0.419921875 0.2529296875 0.02734375
2 0.8701171875 0.4537760416666667 0.24609375 0.02734375
7 0.759765625 0.501953125 0.025390625 0.01953125
6 0.84375 0.501953125 0.142578125 0.01953125
7 0.87353515625 0.525390625 0.2529296875 0.06640625
2 0.87353515625 0.623046875 0.2529296875 0.024739583333333332
2 0.87353515625 0.6705729166666666 0.2529296875 0.028645833333333332
2 0.87353515625 0.7044270833333334 0.2529296875 0.028645833333333332
4 0.87353515625 0.8704427083333334 0.2529296875 0.2591145833333333
4 0.072265625 0.146484375 0.14453125 0.05859375
4 0.072265625 0.205078125 0.14453125 0.05859375
4 0.072265625 0.263671875 0.14453125 0.05859375
4 0.072265625 0.322265625 0.14453125 0.05859375
4 0.072265625 0.380859375 0.14453125 0.05859375
4 0.072265625 0.439453125 0.14453125 0.05859375
4 0.072265625 0.498046875 0.14453125 0.05859375
4 0.072265625 0.556640625 0.14453125 0.05859375
4 0.0732421875 0.6087239583333334 0.146484375 0.045572916666666664