4 0.04296875 0.016276041666666668 0.0546875 0.024739583333333332
0 0.04833984375 0.016927083333333332 0.0654296875 0.033854166666666664
0 0.12646484375 0.016276041666666668 0.0810546875 0.032552083333333336
0 0.2041015625 0.016276041666666668 0.0625 0.032552083333333336
3 0.7333984375 0.018229166666666668 0.5078125 0.036458333333333336
2 0.0888671875 0.078125 0.146484375 0.07552083333333333
2 0.0888671875 0.099609375 0.146484375 0.032552083333333336
1 0.22998046875 0.068359375 0.1162109375 0.02734375
1 0.5634765625 0.06901041666666667 0.53125 0.0234375
0 0.88427734375 0.07096354166666667 0.0537109375 0.029947916666666668
7 0.49951171875 0.162109375 0.2724609375 0.01953125
7 0.42333984375 0.18294270833333334 0.2626953125 0.01953125
6 0.6298828125 0.18294270833333334 0.150390625 0.01953125
7 0.705078125 0.18294270833333334 0.00390625 0.01953125
7 0.41650390625 0.20377604166666666 0.1767578125 0.01953125
6 0.58544921875 0.20377604166666666 0.1650390625 0.01953125
7 0.67041015625 0.20377604166666666 0.0048828125 0.01953125
2 0.48779296875 0.27734375 0.4814453125 0.036458333333333336
7 0.48779296875 0.3287760416666667 0.4814453125 0.045572916666666664
6 0.30419921875 0.37890625 0.0888671875 0.020833333333333332
7 0.3515625 0.37890625 0.0078125 0.020833333333333332
6 0.37939453125 0.37890625 0.0439453125 0.020833333333333332
7 0.4052734375 0.37890625 0.0078125 0.020833333333333332
6 0.447265625 0.37890625 0.072265625 0.020833333333333332
7 0.4892578125 0.37890625 0.01171875 0.020833333333333332
6 0.5478515625 0.37890625 0.107421875 0.020833333333333332
2 0.32568359375 0.443359375 0.1298828125 0.024739583333333332
0 0.24755859375 0.259765625 0.0009765625 0.0013020833333333333
6 0.32568359375 0.49609375 0.1298828125 0.059895833333333336
7 0.388671875 0.5481770833333334 0.068359375 0.0234375
2 0.482421875 0.443359375 0.130859375 0.024739583333333332
0 0.24755859375 0.259765625 0.0009765625 0.0013020833333333333
6 0.482421875 0.49609375 0.130859375 0.059895833333333336
7 0.55419921875 0.5481770833333334 0.0849609375 0.0234375
2 0.6396484375 0.443359375 0.130859375 0.024739583333333332
0 0.24755859375 0.259765625 0.0009765625 0.0013020833333333333
6 0.6396484375 0.49609375 0.130859375 0.059895833333333336
7 0.701171875 0.5481770833333334 0.064453125 0.0234375
2 0.32568359375 0.7141927083333334 0.1298828125 0.024739583333333332
0 0.24755859375 0.259765625 0.0009765625 0.0013020833333333333
6 0.32568359375 0.7669270833333334 0.1298828125 0.059895833333333336
7 0.39208984375 0.8190104166666666 0.0751953125 0.0234375
2 0.482421875 0.7141927083333334 0.130859375 0.024739583333333332
0 0.24755859375 0.259765625 0.0009765625 0.0013020833333333333
6 0.482421875 0.7669270833333334 0.130859375 0.059895833333333336
7 0.5439453125 0.8190104166666666 0.064453125 0.0234375
2 0.6396484375 0.7141927083333334 0.130859375 0.024739583333333332
0 0.24755859375 0.259765625 0.0009765625 0.0013020833333333333
6 0.6396484375 0.7669270833333334 0.130859375 0.059895833333333336
7 0.7080078125 0.830078125 0.078125 0.045572916666666664
0 0.13232421875 0.2786458333333333 0.2275390625 0.033854166666666664
0 0.13232421875 0.3111979166666667 0.2275390625 0.033854166666666664
7 0.1298828125 0.3268229166666667 0.2421875 0.005208333333333333
0 0.13232421875 0.34765625 0.2275390625 0.033854166666666664
0 0.13232421875 0.3802083333333333 0.2275390625 0.033854166666666664
0 0.13232421875 0.4127604166666667 0.2275390625 0.033854166666666664
0 0.13232421875 0.4453125 0.2275390625 0.033854166666666664
0 0.13232421875 0.4778645833333333 0.2275390625 0.033854166666666664
0 0.13232421875 0.5104166666666666 0.2275390625 0.033854166666666664
0 0.13232421875 0.54296875 0.2275390625 0.033854166666666664
0 0.13232421875 0.5755208333333334 0.2275390625 0.033854166666666664
0 0.13232421875 0.6080729166666666 0.2275390625 0.033854166666666664
0 0.13232421875 0.640625 0.2275390625 0.033854166666666664
0 0.13232421875 0.6731770833333334 0.2275390625 0.033854166666666664
0 0.13232421875 0.7057291666666666 0.2275390625 0.033854166666666664
0 0.13232421875 0.73828125 0.2275390625 0.033854166666666664
0 0.13232421875 0.7708333333333334 0.2275390625 0.033854166666666664
0 0.13232421875 0.8033854166666666 0.2275390625 0.033854166666666664
2 0.8076171875 0.2845052083333333 0.125 0.022135416666666668
6 0.76904296875 0.3138020833333333 0.0478515625 0.020833333333333332
6 0.7734375 0.3450520833333333 0.056640625 0.020833333333333332
6 0.79150390625 0.3763020833333333 0.0927734375 0.020833333333333332
6 0.765625 0.4075520833333333 0.041015625 0.020833333333333332
6 0.775390625 0.4388020833333333 0.060546875 0.020833333333333332
6 0.77001953125 0.4700520833333333 0.0498046875 0.020833333333333332
6 0.7587890625 0.5013020833333334 0.02734375 0.020833333333333332
6 0.76123046875 0.5325520833333334 0.0322265625 0.020833333333333332
6 0.765625 0.5638020833333334 0.041015625 0.020833333333333332
6 0.77392578125 0.5950520833333334 0.0576171875 0.020833333333333332
2 0.80615234375 0.669921875 0.1220703125 0.022135416666666668
6 0.82666015625 0.7083333333333334 0.1630859375 0.020833333333333332
7 0.865234375 0.728515625 0.23046875 0.022135416666666668
7 0.86083984375 0.8294270833333334 0.2314453125 0.17708333333333334
7 0.81201171875 0.9075520833333334 0.1005859375 0.020833333333333332
7 0.869140625 0.9075520833333334 0.013671875 0.020833333333333332
6 0.8505859375 0.8333333333333334 0.2109375 0.041666666666666664
7 0.865234375 0.8639322916666666 0.23046875 0.022135416666666668
7 0.861328125 0.9381510416666666 0.232421875 0.12369791666666667
7 0.8466796875 0.9967447916666666 0.1015625 0.006510416666666667
7 0.9033203125 0.9967447916666666 0.013671875 0.006510416666666667
6 0.861328125 0.9479166666666666 0.232421875 0.041666666666666664
7 0.865234375 0.978515625 0.23046875 0.022135416666666668
7 0.85986328125 0.9954427083333334 0.2294921875 0.009114583333333334