4 0.3515625 0.0625 0.64453125 0.08333333333333333
0 0.51806640625 0.022135416666666668 0.0380859375 0.028645833333333332
7 0.54443359375 0.022786458333333332 0.0166015625 0.024739583333333332
0 0.61767578125 0.022135416666666668 0.1025390625 0.028645833333333332
7 0.67626953125 0.022786458333333332 0.0166015625 0.024739583333333332
6 0.708984375 0.022786458333333332 0.05078125 0.024739583333333332
7 0.74169921875 0.022786458333333332 0.0166015625 0.024739583333333332
6 0.7646484375 0.022786458333333332 0.03125 0.024739583333333332
2 0.50732421875 0.22786458333333334 0.9033203125 0.057291666666666664
2 0.50732421875 0.287109375 0.9033203125 0.037760416666666664
0 0.14111328125 0.3548177083333333 0.2001953125 0.07421875
7 0.0986328125 0.5501302083333334 0.076171875 0.029947916666666668
0 0.10546875 0.5501302083333334 0.08984375 0.037760416666666664
7 0.25 0.5501302083333334 0.16015625 0.029947916666666668
0 0.2568359375 0.5501302083333334 0.173828125 0.037760416666666664
7 0.40185546875 0.5501302083333334 0.0771484375 0.029947916666666668
0 0.40869140625 0.5501302083333334 0.0908203125 0.037760416666666664
7 0.55712890625 0.5501302083333334 0.1669921875 0.029947916666666668
0 0.56396484375 0.5501302083333334 0.1806640625 0.037760416666666664
7 0.71923828125 0.5501302083333334 0.0908203125 0.029947916666666668
0 0.72607421875 0.5501302083333334 0.1044921875 0.037760416666666664
7 0.08251953125 0.5970052083333334 0.0439453125 0.029947916666666668
0 0.08935546875 0.5970052083333334 0.0576171875 0.037760416666666664
1 0.8466796875 0.5546875 0.08203125 0.028645833333333332
7 0.8984375 0.5533854166666666 0.00390625 0.041666666666666664
4 0.93701171875 0.5533854166666666 0.0126953125 0.018229166666666668
0 0.93701171875 0.5533854166666666 0.0439453125 0.036458333333333336
4 0.1845703125 0.7981770833333334 0.287109375 0.21614583333333334
2 0.171875 0.9680989583333334 0.26171875 0.06380208333333333
4 0.5 0.7981770833333334 0.287109375 0.21614583333333334
2 0.4970703125 0.9680989583333334 0.28125 0.06380208333333333
4 0.8154296875 0.7981770833333334 0.287109375 0.21614583333333334
2 0.8125 0.9680989583333334 0.28125 0.06380208333333333