0 0.11865234375 0.024088541666666668 0.0380859375 0.022135416666666668
0 0.18505859375 0.024088541666666668 0.0576171875 0.022135416666666668
0 0.2470703125 0.024739583333333332 0.029296875 0.0234375
0 0.3046875 0.024088541666666668 0.048828125 0.022135416666666668
0 0.373046875 0.024088541666666668 0.05078125 0.022135416666666668
0 0.435546875 0.024088541666666668 0.037109375 0.022135416666666668
0 0.50927734375 0.024088541666666668 0.0732421875 0.022135416666666668
0 0.5810546875 0.024088541666666668 0.033203125 0.022135416666666668
0 0.63623046875 0.024088541666666668 0.0400390625 0.022135416666666668
0 0.6943359375 0.024088541666666668 0.0390625 0.022135416666666668
0 0.7578125 0.024088541666666668 0.05078125 0.022135416666666668
0 0.8310546875 0.024088541666666668 0.05859375 0.022135416666666668
0 0.9033203125 0.024088541666666668 0.048828125 0.022135416666666668
0 0.9609375 0.024739583333333332 0.029296875 0.0234375
0 0.9970703125 0.024739583333333332 0.005859375 0.0234375
4 0.04833984375 0.076171875 0.0966796875 0.024739583333333332
0 0.18359375 0.076171875 0.1015625 0.02734375
0 0.28369140625 0.076171875 0.0537109375 0.02734375
0 0.35791015625 0.076171875 0.0498046875 0.02734375
0 0.42626953125 0.076171875 0.0419921875 0.02734375
0 0.49169921875 0.076171875 0.0439453125 0.02734375
0 0.5634765625 0.076171875 0.0546875 0.02734375
0 0.64404296875 0.076171875 0.0615234375 0.02734375
0 0.71923828125 0.076171875 0.0439453125 0.02734375
0 0.79443359375 0.076171875 0.0615234375 0.02734375
4 0.90283203125 0.06901041666666667 0.0244140625 0.026041666666666668
4 0.9482421875 0.068359375 0.021484375 0.02734375
4 0.986328125 0.06901041666666667 0.0078125 0.036458333333333336
0 0.98095703125 0.05078125 0.0009765625 0
4 0.8486328125 0.078125 0.025390625 0.010416666666666666
7 0.57080078125 0.12630208333333334 0.8583984375 0.013020833333333334
3 0.615234375 0.19661458333333334 0.7109375 0.1171875
2 0.05859375 0.3190104166666667 0.087890625 0.03125
4 0.166015625 0.486328125 0.33203125 0.2721354166666667
0 0.166015625 0.486328125 0.33203125 0.2721354166666667
2 0.15380859375 0.6184895833333334 0.2783203125 0.052083333333333336
2 0.068359375 0.7161458333333334 0.107421875 0.03125
4 0.06591796875 0.798828125 0.1025390625 0.10286458333333333
0 0.06591796875 0.798828125 0.1025390625 0.10286458333333333
2 0.2197265625 0.796875 0.17578125 0.044270833333333336
4 0.06591796875 0.9303385416666666 0.1025390625 0.10286458333333333
0 0.06591796875 0.9303385416666666 0.1025390625 0.10286458333333333
2 0.2158203125 0.9283854166666666 0.16796875 0.06770833333333333
4 0.634765625 0.5162760416666666 0.556640625 0.45703125
0 0.634765625 0.5162760416666666 0.556640625 0.45703125
2 0.634765625 0.701171875 0.509765625 0.06380208333333333
4 0.49169921875 0.8815104166666666 0.2705078125 0.22135416666666666
0 0.49169921875 0.8815104166666666 0.2705078125 0.22135416666666666
2 0.48291015625 1 0.2236328125 0
4 0.673828125 0.7975260416666666 0.052734375 0.02734375
0 0.77783203125 0.8815104166666666 0.2705078125 0.22135416666666666
7 0.77783203125 1 0.2412109375 0
0 0.77783203125 0.9954427083333334 0.2705078125 0.009114583333333334
7 0.96875 0.2760416666666667 0.0625 0.013020833333333334
3 0.96875 0.4505208333333333 0.0625 0.3255208333333333
7 0.96875 0.6510416666666666 0.0625 0.0234375
7 0.96875 0.7265625 0.0625 0.11197916666666667
7 0.96875 0.771484375 0.0625 0.016927083333333332
0 0.96875 0.7252604166666666 0.0625 0.109375
2 0.97607421875 0.8274739583333334 0.0478515625 0.032552083333333336
3 0.97607421875 0.9283854166666666 0.0478515625 0.14322916666666666
4 0.9736328125 0.9407552083333334 0.025390625 0.03515625
3 0.5 0.9635416666666666 0.33203125 0.052083333333333336
4 0.79931640625 0.9153645833333334 0.0986328125 0.020833333333333332
0 0.79931640625 0.923828125 0.0986328125 0.037760416666666664
7 0.7900390625 0.93359375 0.080078125 0.018229166666666668
4 0.88330078125 0.91796875 0.0205078125 0.026041666666666668
7 0.77490234375 0.96484375 0.0498046875 0.028645833333333332
7 0.8251953125 0.96484375 0.04296875 0.028645833333333332
4 0.87109375 0.96484375 0.044921875 0.028645833333333332