4 0.1201171875 0.059895833333333336 0.130859375 0.046875
0 0.904296875 0.057291666666666664 0.08203125 0.041666666666666664
4 0.5 0.4251302083333333 1 0.8502604166666666
4 0.5 0.4251302083333333 1 0.8502604166666666
2 0.5 0.3697916666666667 0.625 0.14322916666666666
2 0.5 0.482421875 0.625 0.040364583333333336
2 0.5 0.646484375 0.5625 0.029947916666666668
1 0.34326171875 0.580078125 0.4404296875 0.07942708333333333
5 0.1826171875 0.580078125 0.099609375 0.024739583333333332
7 0.70654296875 0.580078125 0.2373046875 0.040364583333333336
0 0.7197265625 0.580078125 0.314453125 0.07942708333333333
4 0.84423828125 0.5807291666666666 0.0166015625 0.026041666666666668
4 0.7587890625 0.9479166666666666 0.4375 0.10416666666666667
4 0.7587890625 0.9895833333333334 0.318359375 0.020833333333333332