4 0.2119140625 0.07486979166666667 0.322265625 0.045572916666666664
6 0.138671875 0.16341145833333334 0.166015625 0.02734375
6 0.2607421875 0.16341145833333334 0.05859375 0.02734375
6 0.328125 0.16341145833333334 0.056640625 0.02734375
6 0.38525390625 0.16341145833333334 0.0380859375 0.02734375
6 0.45849609375 0.16341145833333334 0.0888671875 0.02734375
6 0.544921875 0.16341145833333334 0.064453125 0.02734375
6 0.626953125 0.16341145833333334 0.080078125 0.02734375
6 0.7119140625 0.16341145833333334 0.0703125 0.02734375
6 0.78857421875 0.16341145833333334 0.0634765625 0.02734375
4 0.87255859375 0.064453125 0.0107421875 0.014322916666666666
0 0.90478515625 0.06770833333333333 0.0888671875 0.03125
7 0.92138671875 0.06705729166666667 0.0556640625 0.022135416666666668
1 0.875 0.1640625 0.09765625 0.057291666666666664
4 0.34619140625 0.4485677083333333 0.5712890625 0.4309895833333333
7 0.60595703125 0.5455729166666666 0.1728515625 0.026041666666666668
2 0.66943359375 0.591796875 0.2998046875 0.06380208333333333
6 0.56396484375 0.6477864583333334 0.0888671875 0.022135416666666668
7 0.626953125 0.6477864583333334 0.037109375 0.022135416666666668
7 0.6826171875 0.6477864583333334 0.07421875 0.022135416666666668
7 0.72412109375 0.6477864583333334 0.0087890625 0.022135416666666668
6 0.775390625 0.6477864583333334 0.09375 0.022135416666666668
4 0.20068359375 0.8470052083333334 0.2802734375 0.21223958333333334
7 0.19921875 0.9889322916666666 0.27734375 0.022135416666666668
4 0.50048828125 0.8470052083333334 0.2802734375 0.21223958333333334
7 0.45166015625 0.9889322916666666 0.1826171875 0.022135416666666668
4 0.7998046875 0.8463541666666666 0.279296875 0.2109375
7 0.72607421875 0.98828125 0.1318359375 0.0234375