4 0.126953125 0.2649739583333333 0.2109375 0.13932291666666666
2 0.63720703125 0.24739583333333334 0.6826171875 0.15625
2 0.63720703125 0.3639322916666667 0.6826171875 0.05078125
7 0.63720703125 0.4290364583333333 0.6826171875 0.02734375
7 0.63720703125 0.4694010416666667 0.6826171875 0.02734375
7 0.63720703125 0.509765625 0.6826171875 0.02734375
3 0.4443359375 0.6263020833333334 0.296875 0.1015625
7 0.5146484375 0.7421875 0.4375 0.028645833333333332
6 0.79638671875 0.7421875 0.1259765625 0.028645833333333332
7 0.861328125 0.7421875 0.00390625 0.028645833333333332
7 0.43115234375 0.8216145833333334 0.2705078125 0.028645833333333332
6 0.6640625 0.8216145833333334 0.1953125 0.028645833333333332
7 0.763671875 0.8216145833333334 0.00390625 0.028645833333333332