7 0.259765625 0.08203125 0.48046875 0.044270833333333336
0 0.83984375 0.08723958333333333 0.046875 0.033854166666666664
0 0.931640625 0.08723958333333333 0.1171875 0.033854166666666664
4 0.03125 0.040364583333333336 0.0234375 0.03125
7 0.056640625 0.037760416666666664 0.02734375 0.026041666666666668
7 0.126953125 0.037760416666666664 0.09765625 0.026041666666666668
4 0.1787109375 0.038411458333333336 0.005859375 0.014322916666666666
4 0.5 0.06510416666666667 0.38671875 0.078125
0 0.5 0.06510416666666667 0.38671875 0.078125
5 0.91015625 0.16015625 0.01953125 0.026041666666666668
1 0.87109375 0.15885416666666666 0.05859375 0.0703125
0 0.02294921875 0.15885416666666666 0.0458984375 0.03125
0 0.07421875 0.15885416666666666 0.056640625 0.03125
0 0.1435546875 0.15885416666666666 0.08203125 0.03125
0 0.248046875 0.15885416666666666 0.126953125 0.03125
0 0.345703125 0.15885416666666666 0.068359375 0.03125
0 0.42529296875 0.15885416666666666 0.0908203125 0.03125
0 0.501953125 0.15885416666666666 0.0625 0.03125
0 0.56494140625 0.15885416666666666 0.0634765625 0.03125
0 0.64501953125 0.15885416666666666 0.0966796875 0.03125
0 0.7314453125 0.15885416666666666 0.076171875 0.03125
0 0.80712890625 0.15885416666666666 0.0751953125 0.03125
7 0.15625 0.240234375 0.25390625 0.03515625
6 0.05810546875 0.4609375 0.0283203125 0.03125
4 0.15625 0.37109375 0.25390625 0.2265625
0 0.15625 0.37109375 0.25390625 0.2265625
2 0.14306640625 0.5436197916666666 0.2275390625 0.09505208333333333
7 0.15625 0.6555989583333334 0.25390625 0.10546875
6 0.1513671875 0.7734375 0.244140625 0.109375
4 0.15625 0.9329427083333334 0.25390625 0.13411458333333334
0 0.15625 0.9329427083333334 0.25390625 0.13411458333333334
7 0.50048828125 0.240234375 0.3779296875 0.03515625
6 0.3408203125 0.5442708333333334 0.029296875 0.03125
4 0.50048828125 0.4127604166666667 0.3779296875 0.3098958333333333
0 0.50048828125 0.4127604166666667 0.3779296875 0.3098958333333333
2 0.486328125 0.611328125 0.349609375 0.06380208333333333
7 0.50048828125 0.6946614583333334 0.3779296875 0.07942708333333333
4 0.3583984375 0.8307291666666666 0.09375 0.125
0 0.3583984375 0.8307291666666666 0.09375 0.125
2 0.54736328125 0.8079427083333334 0.2568359375 0.07942708333333333
7 0.50048828125 0.912109375 0.3779296875 0.10546875
6 0.74609375 0.611328125 0.056640625 0.77734375
4 0.7490234375 0.298828125 0.0625 0.08203125
0 0.7490234375 0.298828125 0.0625 0.08203125
6 0.85302734375 0.271484375 0.1181640625 0.029947916666666668
7 0.88232421875 0.3040364583333333 0.1767578125 0.02734375
4 0.7490234375 0.408203125 0.0625 0.08203125
0 0.7490234375 0.408203125 0.0625 0.08203125
6 0.87060546875 0.408203125 0.1533203125 0.08463541666666667
7 0.88232421875 0.4680989583333333 0.1767578125 0.02734375
4 0.7490234375 0.5501302083333334 0.0625 0.08203125
0 0.7490234375 0.5501302083333334 0.0625 0.08203125
6 0.8671875 0.5638020833333334 0.146484375 0.11197916666666667
7 0.88232421875 0.6373697916666666 0.1767578125 0.02734375
4 0.7490234375 0.7194010416666666 0.0625 0.08203125
0 0.7490234375 0.7194010416666666 0.0625 0.08203125
6 0.85791015625 0.7194010416666666 0.1279296875 0.08463541666666667
7 0.88232421875 0.79296875 0.1767578125 0.0546875
6 0.7587890625 0.8828125 0.08203125 0.028645833333333332
4 0.76513671875 0.9563802083333334 0.1396484375 0.08723958333333333
0 0.7646484375 0.9563802083333334 0.09375 0.08723958333333333
6 0.896484375 0.958984375 0.142578125 0.08203125