4 0.017578125 0.01171875 0.015625 0.020833333333333332
6 0.04736328125 0.013671875 0.0341796875 0.01953125
6 0.10693359375 0.013671875 0.0244140625 0.01953125
6 0.16552734375 0.013671875 0.0322265625 0.01953125
6 0.23583984375 0.013671875 0.0458984375 0.01953125
6 0.30810546875 0.013671875 0.0380859375 0.01953125
6 0.396484375 0.013671875 0.080078125 0.01953125
6 0.4873046875 0.013671875 0.041015625 0.01953125
6 0.55810546875 0.013671875 0.0380859375 0.01953125
6 0.62255859375 0.013671875 0.0302734375 0.01953125
0 0.11083984375 0.07356770833333333 0.1826171875 0.05859375
1 0.28955078125 0.06705729166666667 0.1611328125 0.045572916666666664
0 0.443359375 0.06705729166666667 0.13671875 0.045572916666666664
0 0.5849609375 0.06705729166666667 0.13671875 0.045572916666666664
0 0.88037109375 0.06901041666666667 0.0810546875 0.033854166666666664
4 0.95751953125 0.06966145833333333 0.0302734375 0.045572916666666664
0 0.97119140625 0.06966145833333333 0.0576171875 0.045572916666666664
6 0.98876953125 0.068359375 0.0224609375 0.04296875
0 0.0556640625 0.13541666666666666 0.072265625 0.0546875
7 0.8125 0.13671875 0.056640625 0.020833333333333332
4 0.87939453125 0.13671875 0.0146484375 0.020833333333333332
0 0.87939453125 0.13541666666666666 0.0146484375 0.0546875
4 0.904296875 0.13606770833333334 0.015625 0.022135416666666668
0 0.904296875 0.13541666666666666 0.015625 0.0546875
4 0.92919921875 0.13671875 0.0146484375 0.020833333333333332
0 0.92919921875 0.13541666666666666 0.0146484375 0.0546875
4 0.95361328125 0.13671875 0.0146484375 0.020833333333333332
0 0.95361328125 0.13541666666666666 0.0146484375 0.0546875
0 0.158203125 0.13541666666666666 0.076171875 0.0546875
0 0.23388671875 0.13541666666666666 0.0185546875 0.0546875
0 0.28955078125 0.13541666666666666 0.0361328125 0.0546875
0 0.359375 0.13541666666666666 0.046875 0.0546875
0 0.4521484375 0.13541666666666666 0.08203125 0.0546875
0 0.54150390625 0.13541666666666666 0.0400390625 0.0546875
0 0.14453125 0.19010416666666666 0.048828125 0.0546875
0 0.2255859375 0.19010416666666666 0.056640625 0.0546875
0 0.31591796875 0.19010416666666666 0.0673828125 0.0546875
0 0.3994140625 0.19010416666666666 0.04296875 0.0546875
4 0.59912109375 0.13606770833333334 0.0166015625 0.022135416666666668
7 0.091796875 0.20963541666666666 0.14453125 0.028645833333333332
0 0.5 0.20963541666666666 1 0.09375
2 0.49462890625 0.20963541666666666 0.6220703125 0.03125
4 0.9140625 0.20963541666666666 0.1328125 0.09375
4 0.52587890625 0.4225260416666667 0.2470703125 0.2877604166666667
0 0.21142578125 0.4225260416666667 0.3837890625 0.2877604166666667
4 0.21142578125 0.4225260416666667 0.3837890625 0.2877604166666667
4 0.52587890625 0.4225260416666667 0.2470703125 0.2877604166666667
2 0.5263671875 0.34375 0.20703125 0.078125
6 0.5263671875 0.421875 0.20703125 0.044270833333333336
7 0.4658203125 0.4596354166666667 0.0859375 0.020833333333333332
4 0.43408203125 0.5397135416666666 0.0205078125 0.02734375
0 0.43408203125 0.5397135416666666 0.0400390625 0.053385416666666664
4 0.46728515625 0.541015625 0.0205078125 0.02734375
0 0.52392578125 0.5397135416666666 0.1337890625 0.02734375
7 0.53564453125 0.5384114583333334 0.1103515625 0.016927083333333332
4 0.0791015625 0.6145833333333334 0.119140625 0.07552083333333333
0 0.0791015625 0.646484375 0.119140625 0.13932291666666666
2 0.07470703125 0.6861979166666666 0.1103515625 0.059895833333333336
4 0.20654296875 0.6145833333333334 0.1201171875 0.07552083333333333
0 0.20654296875 0.646484375 0.1201171875 0.13932291666666666
2 0.2021484375 0.6861979166666666 0.111328125 0.059895833333333336
4 0.333984375 0.6145833333333334 0.119140625 0.07552083333333333
0 0.333984375 0.646484375 0.119140625 0.13932291666666666
2 0.32958984375 0.6861979166666666 0.1103515625 0.059895833333333336
4 0.46142578125 0.6145833333333334 0.1201171875 0.07552083333333333
0 0.46142578125 0.646484375 0.1201171875 0.13932291666666666
2 0.45703125 0.6861979166666666 0.111328125 0.059895833333333336
4 0.5888671875 0.6145833333333334 0.119140625 0.07552083333333333
0 0.5888671875 0.646484375 0.119140625 0.13932291666666666
2 0.58447265625 0.6861979166666666 0.1103515625 0.059895833333333336
4 0.10302734375 0.814453125 0.1669921875 0.12630208333333334
7 0.2314453125 0.7604166666666666 0.04296875 0.020833333333333332
7 0.291015625 0.759765625 0.060546875 0.01953125
2 0.3974609375 0.8151041666666666 0.375 0.07552083333333333
7 0.408203125 0.8561197916666666 0.396484375 0.045572916666666664
7 0.630859375 0.7662760416666666 0.03515625 0.01953125
0 0.630859375 0.7923177083333334 0.03515625 0.03515625
4 0.630859375 0.7897135416666666 0.01953125 0.02734375
4 0.630859375 0.822265625 0.01953125 0.02734375
0 0.630859375 0.822265625 0.0390625 0.053385416666666664
4 0.10302734375 0.958984375 0.1669921875 0.08203125
7 0.22705078125 0.9270833333333334 0.0341796875 0.020833333333333332
7 0.28662109375 0.9264322916666666 0.0693359375 0.01953125
2 0.404296875 0.9694010416666666 0.388671875 0.05078125
7 0.630859375 0.9329427083333334 0.03515625 0.01953125
0 0.630859375 0.958984375 0.03515625 0.03515625
4 0.630859375 0.9563802083333334 0.01953125 0.02734375
4 0.630859375 0.9876302083333334 0.01953125 0.024739583333333332
0 0.630859375 0.9811197916666666 0.0390625 0.037760416666666664
4 0.833984375 0.3255208333333333 0.29296875 0.09375
4 0.833984375 0.3255208333333333 0.29296875 0.09375
0 0.83740234375 0.4244791666666667 0.2998046875 0.10416666666666667
4 0.72412109375 0.5045572916666666 0.0439453125 0.05859375
4 0.76953125 0.5052083333333334 0.0234375 0.03125
4 0.8046875 0.5052083333333334 0.0234375 0.03125
4 0.83984375 0.5052083333333334 0.0234375 0.03125
4 0.875 0.5052083333333334 0.0234375 0.03125
7 0.8408203125 0.6002604166666666 0.25390625 0.10416666666666667
0 0.833984375 0.6966145833333334 0.1171875 0.036458333333333336
2 0.734375 0.814453125 0.09375 0.022135416666666668
2 0.79638671875 0.81640625 0.0166015625 0.020833333333333332
0 0.79638671875 0.8151041666666666 0.0322265625 0.03125
2 0.7236328125 0.8639322916666666 0.037109375 0.01953125
4 0.72412109375 0.912109375 0.0419921875 0.055989583333333336
7 0.71484375 0.9505208333333334 0.025390625 0.020833333333333332
7 0.736328125 0.9505208333333334 0.01953125 0.020833333333333332
2 0.7978515625 0.8639322916666666 0.017578125 0.01953125
4 0.79736328125 0.912109375 0.0419921875 0.055989583333333336
7 0.7880859375 0.9505208333333334 0.025390625 0.020833333333333332
7 0.8095703125 0.9505208333333334 0.01953125 0.020833333333333332
2 0.87109375 0.8639322916666666 0.021484375 0.01953125
4 0.87060546875 0.912109375 0.0419921875 0.055989583333333336
7 0.861328125 0.9505208333333334 0.025390625 0.020833333333333332
7 0.8828125 0.9505208333333334 0.01953125 0.020833333333333332
2 0.9443359375 0.8639322916666666 0.025390625 0.01953125
4 0.94384765625 0.912109375 0.0419921875 0.055989583333333336
7 0.9345703125 0.9505208333333334 0.025390625 0.020833333333333332
7 0.9560546875 0.9505208333333334 0.01953125 0.020833333333333332