7 0.5 0.006510416666666667 1 0.013020833333333334
4 0.11181640625 0.05078125 0.1572265625 0.044270833333333336
0 0.11181640625 0.05078125 0.1572265625 0.044270833333333336
7 0.23974609375 0.05859375 0.0595703125 0.044270833333333336
1 0.81005859375 0.053385416666666664 0.3134765625 0.0390625
4 0.94873046875 0.053385416666666664 0.0146484375 0.03125
0 0.05810546875 0.13346354166666666 0.0498046875 0.04296875
0 0.1689453125 0.13346354166666666 0.095703125 0.04296875
0 0.314453125 0.13346354166666666 0.119140625 0.04296875
0 0.44384765625 0.13346354166666666 0.0634765625 0.04296875
4 0.26318359375 0.3815104166666667 0.4599609375 0.4088541666666667
6 0.1396484375 0.6471354166666666 0.138671875 0.0234375
2 0.24755859375 0.734375 0.3544921875 0.1328125
7 0.26318359375 0.90234375 0.3857421875 0.1953125
4 0.6181640625 0.2760416666666667 0.22265625 0.19791666666666666
6 0.5732421875 0.4127604166666667 0.095703125 0.0234375
2 0.6123046875 0.4889322916666667 0.173828125 0.11328125
7 0.6181640625 0.61328125 0.185546875 0.125
4 0.85546875 0.2760416666666667 0.22265625 0.19791666666666666
6 0.828125 0.4127604166666667 0.130859375 0.0234375
2 0.8427734375 0.4752604166666667 0.16015625 0.0859375
7 0.77587890625 0.5364583333333334 0.0263671875 0.026041666666666668
7 0.86474609375 0.5364583333333334 0.1533203125 0.026041666666666668
7 0.8486328125 0.623046875 0.171875 0.14973958333333334
4 0.6181640625 0.8411458333333334 0.22265625 0.19791666666666666
6 0.55322265625 0.9778645833333334 0.0556640625 0.0234375
2 0.583984375 0.9986979166666666 0.1171875 0.0026041666666666665
4 0.85546875 0.8411458333333334 0.22265625 0.19791666666666666
6 0.798828125 0.9778645833333334 0.072265625 0.0234375
2 0.84619140625 0.9986979166666666 0.1669921875 0.0026041666666666665