4 0.0703125 0.03125 0.107421875 0.041666666666666664
0 0.06982421875 0.03125 0.1064453125 0.0625
4 0.4990234375 0.030598958333333332 0.015625 0.022135416666666668
0 0.4990234375 0.030598958333333332 0.015625 0.022135416666666668
4 0.53125 0.03125 0.017578125 0.020833333333333332
0 0.53125 0.03125 0.017578125 0.0625
0 0.625 0.033854166666666664 0.130859375 0.0234375
0 0.7392578125 0.033854166666666664 0.05859375 0.0234375
4 0.8408203125 0.03125 0.1171875 0.0625
0 0.8408203125 0.032552083333333336 0.1171875 0.044270833333333336
7 0.8408203125 0.032552083333333336 0.091796875 0.036458333333333336
7 0.94091796875 0.031901041666666664 0.0517578125 0.02734375
0 0.94921875 0.031901041666666664 0.068359375 0.02734375
4 0.978515625 0.03125 0.009765625 0.013020833333333334
2 0.20068359375 0.16080729166666666 0.3427734375 0.06380208333333333
7 0.078125 0.2532552083333333 0.10546875 0.022135416666666668
0 0.078125 0.2532552083333333 0.10546875 0.05859375
7 0.19140625 0.2532552083333333 0.0625 0.022135416666666668
0 0.19140625 0.2532552083333333 0.0625 0.05859375
7 0.2958984375 0.2532552083333333 0.087890625 0.022135416666666668
0 0.2958984375 0.2532552083333333 0.087890625 0.05859375
7 0.42529296875 0.2532552083333333 0.1123046875 0.022135416666666668
0 0.42529296875 0.2532552083333333 0.1123046875 0.05859375
7 0.5390625 0.2532552083333333 0.056640625 0.022135416666666668
0 0.5390625 0.2532552083333333 0.056640625 0.05859375
4 0.48974609375 0.619140625 0.6533203125 0.5872395833333334
4 0.5 0.6276041666666666 0.65234375 0.5859375
0 0.27734375 0.6477864583333334 0.16796875 0.024739583333333332
7 0.49365234375 0.755859375 0.6005859375 0.18098958333333334
4 0.2001953125 0.880859375 0.013671875 0.016927083333333332
0 0.22607421875 0.880859375 0.0654296875 0.024739583333333332
7 0.23681640625 0.880859375 0.0439453125 0.024739583333333332
4 0.31982421875 0.9615885416666666 0.3173828125 0.07682291666666667
0 0.33203125 0.9733072916666666 0.31640625 0.053385416666666664
4 0.33203125 0.9733072916666666 0.31640625 0.053385416666666664
4 0.33203125 0.9733072916666666 0.31640625 0.053385416666666664
4 0.65576171875 0.9661458333333334 0.3173828125 0.06770833333333333
4 0.66796875 0.9733072916666666 0.31640625 0.053385416666666664