2 0.5 0.05078125 0.9375 0.0390625
7 0.5 0.119140625 0.9375 0.03515625
7 0.5 0.203125 0.9375 0.0703125
7 0.34423828125 0.287109375 0.6259765625 0.029947916666666668
6 0.78369140625 0.287109375 0.2529296875 0.029947916666666668
7 0.11474609375 0.322265625 0.1669921875 0.029947916666666668
0 0.17626953125 0.4069010416666667 0.2900390625 0.07161458333333333
0 0.48681640625 0.4069010416666667 0.2822265625 0.07161458333333333
4 0.080078125 0.53515625 0.09765625 0.052083333333333336
0 0.080078125 0.53515625 0.09765625 0.052083333333333336
1 0.81103515625 0.53515625 0.2294921875 0.052083333333333336
7 0.0859375 0.6223958333333334 0.078125 0.026041666666666668
0 0.0859375 0.6223958333333334 0.109375 0.06770833333333333
7 0.26318359375 0.6223958333333334 0.0654296875 0.026041666666666668
0 0.26318359375 0.6223958333333334 0.0966796875 0.06770833333333333
7 0.46435546875 0.6223958333333334 0.1259765625 0.026041666666666668
0 0.46435546875 0.6223958333333334 0.1572265625 0.06770833333333333
7 0.67822265625 0.6223958333333334 0.0908203125 0.026041666666666668
0 0.67822265625 0.6223958333333334 0.1220703125 0.06770833333333333
7 0.89111328125 0.6223958333333334 0.1240234375 0.026041666666666668
0 0.89111328125 0.6223958333333334 0.1552734375 0.06770833333333333
2 0.5 0.7076822916666666 0.9375 0.040364583333333336
6 0.20166015625 0.755859375 0.3408203125 0.029947916666666668