4 0.03125 0.041015625 0.0234375 0.01953125
0 0.03173828125 0.041015625 0.0634765625 0.053385416666666664
7 0.15576171875 0.036458333333333336 0.0791015625 0.049479166666666664
0 0.13916015625 0.038411458333333336 0.1513671875 0.053385416666666664
4 0.5 0.037109375 0.126953125 0.06640625
0 0.5 0.041015625 0.126953125 0.07421875
0 0.8232421875 0.039713541666666664 0.09765625 0.045572916666666664
4 0.908203125 0.039713541666666664 0.03125 0.040364583333333336
0 0.908203125 0.041015625 0.052734375 0.08203125
4 0.9609375 0.041015625 0.03125 0.040364583333333336
0 0.9609375 0.041015625 0.052734375 0.08203125
0 0.5 0.13346354166666666 0.98046875 0.07161458333333333
7 0.13623046875 0.224609375 0.2041015625 0.07161458333333333
6 0.4130859375 0.22200520833333334 0.119140625 0.032552083333333336
6 0.53955078125 0.220703125 0.0537109375 0.032552083333333336
6 0.6416015625 0.220703125 0.072265625 0.032552083333333336
6 0.80322265625 0.220703125 0.1728515625 0.032552083333333336
4 0.5 0.6471354166666666 1 0.7057291666666666