4 0.5 0.061848958333333336 0.119140625 0.09765625
0 0.5 0.061848958333333336 0.95703125 0.09765625
6 0.23046875 0.13216145833333334 0.03515625 0.024739583333333332
6 0.30419921875 0.13216145833333334 0.0419921875 0.024739583333333332
6 0.39892578125 0.13216145833333334 0.0771484375 0.024739583333333332
6 0.4892578125 0.13216145833333334 0.033203125 0.024739583333333332
6 0.5830078125 0.13216145833333334 0.083984375 0.024739583333333332
6 0.68896484375 0.13216145833333334 0.0576171875 0.024739583333333332
6 0.77001953125 0.13216145833333334 0.0341796875 0.024739583333333332
7 0.37158203125 0.24869791666666666 0.3330078125 0.033854166666666664
6 0.6640625 0.24869791666666666 0.251953125 0.033854166666666664
7 0.79248046875 0.24869791666666666 0.0048828125 0.033854166666666664
2 0.5 0.3307291666666667 0.71875 0.059895833333333336
7 0.3681640625 0.4095052083333333 0.134765625 0.05078125
0 0.36767578125 0.42578125 0.2373046875 0.10677083333333333
6 0.36767578125 0.455078125 0.2021484375 0.032552083333333336
6 0.296875 0.5045572916666666 0.103515625 0.024739583333333332
6 0.39404296875 0.5045572916666666 0.0634765625 0.024739583333333332
6 0.46484375 0.5045572916666666 0.05078125 0.024739583333333332
7 0.63232421875 0.4095052083333333 0.1708984375 0.05078125
0 0.63232421875 0.42578125 0.2373046875 0.10677083333333333
6 0.63232421875 0.455078125 0.2021484375 0.032552083333333336
6 0.56103515625 0.5045572916666666 0.1025390625 0.024739583333333332
6 0.65771484375 0.5045572916666666 0.0634765625 0.024739583333333332
6 0.72900390625 0.5045572916666666 0.0517578125 0.024739583333333332
7 0.357421875 0.56640625 0.171875 0.033854166666666664
6 0.5859375 0.56640625 0.28515625 0.033854166666666664
4 0.099609375 0.6946614583333334 0.1171875 0.05078125
0 0.099609375 0.6946614583333334 0.1171875 0.05078125
6 0.7060546875 0.693359375 0.119140625 0.024739583333333332
6 0.8369140625 0.693359375 0.12109375 0.024739583333333332
6 0.93359375 0.693359375 0.05078125 0.024739583333333332
7 0.5 0.7513020833333334 0.91796875 0.028645833333333332
7 0.29345703125 0.7962239583333334 0.5048828125 0.024739583333333332
6 0.68798828125 0.7962239583333334 0.2841796875 0.024739583333333332
7 0.83154296875 0.7962239583333334 0.0029296875 0.024739583333333332
6 0.1494140625 0.8274739583333334 0.216796875 0.024739583333333332
7 0.25927734375 0.8274739583333334 0.0029296875 0.024739583333333332
4 0.373046875 0.916015625 0.0390625 0.053385416666666664
0 0.373046875 0.916015625 0.0390625 0.053385416666666664
7 0.43896484375 0.9016927083333334 0.0654296875 0.024739583333333332
6 0.49853515625 0.9016927083333334 0.0537109375 0.024739583333333332
7 0.55908203125 0.9016927083333334 0.0673828125 0.024739583333333332
6 0.52099609375 0.9153645833333334 0.2255859375 0.052083333333333336
6 0.52197265625 0.9290364583333334 0.0908203125 0.024739583333333332