2 0.2724609375 0.026041666666666668 0.095703125 0.026041666666666668
0 0.55029296875 0.026041666666666668 0.4501953125 0.026041666666666668
7 0.9736328125 0.026041666666666668 0.033203125 0.026041666666666668
0 0.9736328125 0.026041666666666668 0.052734375 0.026041666666666668
0 0.029296875 0.09114583333333333 0.05859375 0.078125
1 0.34130859375 0.09114583333333333 0.5654296875 0.078125
1 0.34130859375 0.09114583333333333 0.5654296875 0.078125
7 0.68701171875 0.09114583333333333 0.1259765625 0.078125
0 0.6865234375 0.09114583333333333 0.126953125 0.078125
7 0.8115234375 0.09114583333333333 0.126953125 0.078125
0 0.8115234375 0.09114583333333333 0.126953125 0.078125
7 0.9365234375 0.09114583333333333 0.126953125 0.078125
0 0.9365234375 0.09114583333333333 0.126953125 0.078125
2 0.25 0.5846354166666666 0.4609375 0.08072916666666667
0 0.25 0.390625 0.5 0.5208333333333334
2 0.75 0.32421875 0.4609375 0.08072916666666667
0 0.75 0.2604166666666667 0.5 0.2604166666666667
2 0.75 0.529296875 0.4609375 0.016927083333333332
0 0.75 0.5208333333333334 0.5 0.2604166666666667
2 0.75 0.5846354166666666 0.4609375 0.08072916666666667
3 0.5 0.7486979166666666 0.7109375 0.1171875
3 0.81884765625 0.9231770833333334 0.2939453125 0.15364583333333334
4 0.19189453125 0.9361979166666666 0.3017578125 0.12760416666666666
0 0.64306640625 0.8723958333333334 0.0009765625 0
7 0.48095703125 0.9127604166666666 0.2490234375 0.07552083333333333
0 0.49267578125 0.9127604166666666 0.2724609375 0.08072916666666667
6 0.37890625 0.9635416666666666 0.044921875 0.018229166666666668
7 0.43798828125 0.9635416666666666 0.0751953125 0.018229166666666668