4 0.1630859375 0.052083333333333336 0.267578125 0.10416666666666667
4 0.18115234375 0.19856770833333334 0.2451171875 0.029947916666666668
0 0.25439453125 0.205078125 0.3916015625 0.04296875
7 0.2021484375 0.2838541666666667 0.287109375 0.059895833333333336
0 0.23974609375 0.28515625 0.4208984375 0.09375
7 0.2373046875 0.390625 0.357421875 0.08854166666666667
0 0.23974609375 0.3932291666666667 0.4208984375 0.125
7 0.21875 0.4986979166666667 0.3203125 0.057291666666666664
0 0.23974609375 0.5013020833333334 0.4208984375 0.09375
7 0.23779296875 0.6067708333333334 0.3583984375 0.08854166666666667
0 0.23974609375 0.609375 0.4208984375 0.125
0 0.14697265625 0.734375 0.1767578125 0.044270833333333336
7 0.89990234375 0.732421875 0.0830078125 0.029947916666666668
0 0.88671875 0.7330729166666666 0.109375 0.046875
2 0.8349609375 0.17317708333333334 0.232421875 0.03125
4 0.5 0.9173177083333334 0.94140625 0.16536458333333334
7 0.5146484375 0.9869791666666666 0.912109375 0.026041666666666668
7 0.783203125 0.6861979166666666 0.03515625 0.0625
2 0.5 0.67578125 0.6015625 0.041666666666666664
7 0.49658203125 0.80078125 0.5947265625 0.171875
0 0.37060546875 0.875 0.1240234375 0.028645833333333332
7 0.43359375 0.8736979166666666 0.00390625 0.026041666666666668
0 0.30859375 0.9466145833333334 0.21875 0.057291666666666664