4 0.98046875 0.9388020833333334 0.01953125 0.028645833333333332
7 0.41357421875 0.9251302083333334 0.7294921875 0.048177083333333336
6 0.4169921875 0.9524739583333334 0.736328125 0.048177083333333336
0 0.86767578125 0.939453125 0.1123046875 0.01953125
0 0.5 0.0032552083333333335 1 0.006510416666666667
4 0.25 0.22265625 0.5 0.4453125
0 0.5 0.24739583333333334 1 0.4947916666666667
2 0.75 0.11393229166666667 0.4375 0.14453125
6 0.75 0.2747395833333333 0.4375 0.15625
7 0.61279296875 0.423828125 0.1630859375 0.05859375
0 0.06640625 0.568359375 0.0703125 0.12890625
0 0.162109375 0.5494791666666666 0.068359375 0.11197916666666667
0 0.27587890625 0.5494791666666666 0.0888671875 0.11197916666666667
0 0.39697265625 0.5494791666666666 0.0849609375 0.11197916666666667
0 0.52099609375 0.5494791666666666 0.0927734375 0.11197916666666667
0 0.6337890625 0.5494791666666666 0.064453125 0.11197916666666667
0 0.91064453125 0.5494791666666666 0.1181640625 0.11197916666666667
1 0.76708984375 0.646484375 0.0498046875 0.04296875
7 0.83642578125 0.646484375 0.0908203125 0.04296875
0 0.83642578125 0.646484375 0.0908203125 0.04296875
1 0.92236328125 0.646484375 0.0615234375 0.04296875
2 0.5 0.5104166666666666 0.8984375 0.033854166666666664
2 0.1845703125 0.763671875 0.306640625 0.17838541666666666
7 0.1845703125 0.916015625 0.306640625 0.08723958333333333
0 0.09765625 0.9947916666666666 0.1328125 0.010416666666666666
4 0.69970703125 0.8020833333333334 0.6005859375 0.3958333333333333
7 0.181640625 0.7213541666666666 0.36328125 0.057291666666666664
2 0.150390625 0.818359375 0.30078125 0.024739583333333332
1 0.150390625 0.8795572916666666 0.30078125 0.05859375
1 0.24755859375 0.8795572916666666 0.1064453125 0.05859375
2 0.11083984375 0.978515625 0.2021484375 0.024739583333333332