4 0.5 0.0625 0.22265625 0.10416666666666667
7 0.1337890625 0.154296875 0.046875 0.022135416666666668
7 0.2119140625 0.15559895833333334 0.109375 0.01953125
7 0.38818359375 0.166015625 0.5556640625 0.040364583333333336
7 0.35888671875 0.17643229166666666 0.2978515625 0.01953125
7 0.51904296875 0.17643229166666666 0.0244140625 0.01953125
7 0.4111328125 0.19596354166666666 0.6015625 0.05859375
3 0.8115234375 0.5338541666666666 0.15625 0.78125
6 0.15576171875 0.2506510416666667 0.0908203125 0.01953125
7 0.26123046875 0.2506510416666667 0.1220703125 0.01953125
6 0.15380859375 0.2727864583333333 0.0869140625 0.01953125
7 0.25390625 0.2727864583333333 0.10546875 0.01953125
7 0.16259765625 0.3365885416666667 0.1044921875 0.022135416666666668
7 0.40869140625 0.3580729166666667 0.5966796875 0.059895833333333336
7 0.271484375 0.3782552083333333 0.080078125 0.01953125
7 0.4052734375 0.3977864583333333 0.58984375 0.05859375
6 0.18310546875 0.4537760416666667 0.1455078125 0.022135416666666668
7 0.14794921875 0.5110677083333334 0.0751953125 0.014322916666666666
3 0.2744140625 0.7005208333333334 0.328125 0.3645833333333333
7 0.17138671875 0.9368489583333334 0.1220703125 0.01953125
7 0.125 0.9720052083333334 0.029296875 0.022135416666666668
7 0.15771484375 0.9720052083333334 0.0361328125 0.022135416666666668
7 0.21337890625 0.9720052083333334 0.0791015625 0.022135416666666668
7 0.39501953125 0.9720052083333334 0.2861328125 0.022135416666666668
7 0.61962890625 0.9720052083333334 0.1650390625 0.022135416666666668
7 0.41455078125 0.98046875 0.6083984375 0.0390625