7 0.5 0.032552083333333336 1 0.0390625
7 0.5 0.07161458333333333 1 0.0390625
4 0.42333984375 0.20052083333333334 0.0224609375 0.028645833333333332
0 0.42333984375 0.20052083333333334 0.0302734375 0.0390625
0 0.45751953125 0.20052083333333334 0.0302734375 0.0390625
6 0.53173828125 0.19921875 0.1044921875 0.028645833333333332
0 0.53369140625 0.20052083333333334 0.1162109375 0.0390625
0 0.30078125 0.138671875 0.076171875 0.04296875
0 0.41650390625 0.13671875 0.1142578125 0.0390625
0 0.52392578125 0.13671875 0.0615234375 0.0390625
0 0.60546875 0.13671875 0.0625 0.0390625
0 0.69677734375 0.13671875 0.0810546875 0.0390625
4 0.49951171875 0.5 0.9990234375 1
2 0.5 0.41015625 1 0.1171875
7 0.396484375 0.5078125 0.109375 0.026041666666666668
4 0.47216796875 0.5078125 0.0205078125 0.026041666666666668
4 0.49169921875 0.5065104166666666 0.0205078125 0.026041666666666668
4 0.51123046875 0.5078125 0.0205078125 0.026041666666666668
7 0.5908203125 0.5078125 0.1328125 0.026041666666666668
7 0.26904296875 0.6100260416666666 0.1083984375 0.04296875
0 0.26904296875 0.6106770833333334 0.2158203125 0.06510416666666667
0 0.5 0.6106770833333334 0.21484375 0.06510416666666667
0 0.73095703125 0.6106770833333334 0.2158203125 0.06510416666666667
7 0.49951171875 0.716796875 0.6435546875 0.03515625
7 0.49951171875 0.818359375 0.6962890625 0.03515625
4 0.55517578125 0.9954427083333334 0.7822265625 0.009114583333333334