0 0.76806640625 0.026692708333333332 0.0908203125 0.02734375
7 0.865234375 0.020182291666666668 0.0703125 0.022135416666666668
4 0.17236328125 0.103515625 0.2802734375 0.07682291666666667
0 0.17236328125 0.1015625 0.2802734375 0.0234375
0 0.3515625 0.12760416666666666 0.04296875 0.0703125
0 0.4267578125 0.12760416666666666 0.080078125 0.0703125
0 0.51904296875 0.12760416666666666 0.0771484375 0.0703125
0 0.6142578125 0.12760416666666666 0.0859375 0.0703125
0 0.7060546875 0.12760416666666666 0.0703125 0.0703125
0 0.78369140625 0.12760416666666666 0.0576171875 0.0703125
0 0.85888671875 0.12760416666666666 0.0654296875 0.0703125
0 0.9365234375 0.12760416666666666 0.0625 0.0703125
2 0.5341796875 0.2265625 0.853515625 0.07291666666666667
2 0.75390625 0.2890625 0.4140625 0.07291666666666667
4 0.82958984375 0.630859375 0.3408203125 0.4544270833333333
2 0.22412109375 0.974609375 0.2275390625 0.05078125
2 0.50537109375 0.96484375 0.2216796875 0.0703125
2 0.78662109375 0.96484375 0.1337890625 0.0703125