4 0.07666015625 0.032552083333333336 0.0615234375 0.026041666666666668
0 0.82421875 0.032552083333333336 0.0859375 0.06510416666666667
0 0.91064453125 0.031901041666666664 0.0869140625 0.040364583333333336
0 0.24755859375 0.032552083333333336 0.0732421875 0.06510416666666667
0 0.34326171875 0.032552083333333336 0.0732421875 0.06510416666666667
0 0.4287109375 0.032552083333333336 0.091796875 0.06510416666666667
0 0.51806640625 0.032552083333333336 0.0810546875 0.06510416666666667
0 0.61962890625 0.032552083333333336 0.1162109375 0.06510416666666667
4 0.5 0.2591145833333333 1 0.5182291666666666
2 0.08154296875 0.11783854166666667 0.0478515625 0.022135416666666668
0 0.26318359375 0.11783854166666667 0.4345703125 0.048177083333333336
2 0.115234375 0.11783854166666667 0.01953125 0.022135416666666668
6 0.26513671875 0.11848958333333333 0.2392578125 0.018229166666666668
7 0.4365234375 0.11783854166666667 0.072265625 0.02734375
2 0.28857421875 0.220703125 0.4853515625 0.05859375
2 0.29248046875 0.2858072916666667 0.4931640625 0.09244791666666667
7 0.23486328125 0.3587239583333333 0.3779296875 0.024739583333333332
7 0.24462890625 0.3860677083333333 0.3974609375 0.024739583333333332
7 0.1025390625 0.455078125 0.07421875 0.024739583333333332
6 0.21142578125 0.455078125 0.1279296875 0.024739583333333332
7 0.09716796875 0.5286458333333334 0.0693359375 0.026041666666666668
0 0.12890625 0.5286458333333334 0.166015625 0.057291666666666664
7 0.16357421875 0.5286458333333334 0.0634765625 0.026041666666666668
0 0.30810546875 0.5286458333333334 0.1533203125 0.0546875
4 0.80810546875 0.3522135416666667 0.0712890625 0.10546875
0 0.80419921875 0.3600260416666667 0.0791015625 0.024739583333333332
4 0.8125 0.3990885416666667 0.3125 0.3841145833333333
2 0.35546875 0.7115885416666666 0.04296875 0.048177083333333336
2 0.40966796875 0.7115885416666666 0.0673828125 0.048177083333333336
2 0.5537109375 0.7115885416666666 0.22265625 0.048177083333333336
4 0.0107421875 0.8756510416666666 0.021484375 0.08463541666666667
7 0.18505859375 0.8092447916666666 0.2783203125 0.022135416666666668
4 0.09228515625 0.8704427083333334 0.0634765625 0.08463541666666667
0 0.09228515625 0.8834635416666666 0.0732421875 0.11067708333333333
6 0.09228515625 0.9290364583333334 0.0283203125 0.01953125
4 0.18505859375 0.8704427083333334 0.0634765625 0.08463541666666667
0 0.18505859375 0.8834635416666666 0.0732421875 0.11067708333333333
6 0.18505859375 0.9290364583333334 0.0244140625 0.01953125
4 0.27783203125 0.8704427083333334 0.0634765625 0.08463541666666667
0 0.27783203125 0.8834635416666666 0.0732421875 0.11067708333333333
6 0.27783203125 0.9290364583333334 0.0322265625 0.01953125
7 0.5 0.8092447916666666 0.279296875 0.022135416666666668
4 0.4072265625 0.8704427083333334 0.064453125 0.08463541666666667
0 0.4072265625 0.8834635416666666 0.07421875 0.11067708333333333
6 0.40673828125 0.9290364583333334 0.0419921875 0.01953125
4 0.5 0.8704427083333334 0.064453125 0.08463541666666667
0 0.5 0.8834635416666666 0.07421875 0.11067708333333333
6 0.49951171875 0.9290364583333334 0.0615234375 0.01953125
4 0.5927734375 0.8704427083333334 0.064453125 0.08463541666666667
0 0.5927734375 0.8834635416666666 0.07421875 0.11067708333333333
6 0.5927734375 0.9290364583333334 0.0546875 0.01953125
7 0.814453125 0.8092447916666666 0.279296875 0.022135416666666668
4 0.7216796875 0.8704427083333334 0.064453125 0.08463541666666667
0 0.7216796875 0.8834635416666666 0.07421875 0.11067708333333333
6 0.7216796875 0.9290364583333334 0.0546875 0.01953125
4 0.814453125 0.8704427083333334 0.064453125 0.08463541666666667
0 0.814453125 0.8834635416666666 0.07421875 0.11067708333333333
6 0.814453125 0.9290364583333334 0.02734375 0.01953125
4 0.9072265625 0.8704427083333334 0.064453125 0.08463541666666667
0 0.9072265625 0.8834635416666666 0.07421875 0.11067708333333333
6 0.9072265625 0.9290364583333334 0.0546875 0.01953125
4 0.984375 0.8756510416666666 0.03125 0.08463541666666667
7 0.138671875 0.9954427083333334 0.185546875 0.009114583333333334
7 0.3828125 0.9954427083333334 0.185546875 0.009114583333333334
7 0.6171875 0.9954427083333334 0.185546875 0.009114583333333334
7 0.861328125 0.9954427083333334 0.185546875 0.009114583333333334
4 0.5 0.3626302083333333 0.091796875 0.040364583333333336
7 0.091796875 0.45703125 0.091796875 0.028645833333333332
6 0.109375 0.4993489583333333 0.126953125 0.022135416666666668
6 0.0859375 0.5240885416666666 0.080078125 0.022135416666666668
6 0.06591796875 0.548828125 0.0400390625 0.022135416666666668
6 0.0966796875 0.5865885416666666 0.1015625 0.022135416666666668
6 0.10986328125 0.6243489583333334 0.1279296875 0.022135416666666668
7 0.0908203125 0.6744791666666666 0.08984375 0.028645833333333332
6 0.10693359375 0.716796875 0.1220703125 0.022135416666666668
6 0.06689453125 0.7415364583333334 0.0419921875 0.022135416666666668
6 0.07666015625 0.779296875 0.0615234375 0.022135416666666668
6 0.068359375 0.8040364583333334 0.044921875 0.022135416666666668
6 0.08544921875 0.8287760416666666 0.0791015625 0.022135416666666668
7 0.26220703125 0.45703125 0.0693359375 0.028645833333333332
6 0.29296875 0.4993489583333333 0.130859375 0.022135416666666668
6 0.2529296875 0.537109375 0.05078125 0.022135416666666668
6 0.25439453125 0.5618489583333334 0.0537109375 0.022135416666666668
6 0.271484375 0.599609375 0.087890625 0.022135416666666668
6 0.283203125 0.6243489583333334 0.111328125 0.022135416666666668
6 0.25927734375 0.662109375 0.0634765625 0.022135416666666668
7 0.4453125 0.45703125 0.0703125 0.028645833333333332
6 0.45166015625 0.4993489583333333 0.0830078125 0.022135416666666668
6 0.43505859375 0.5240885416666666 0.0498046875 0.022135416666666668
6 0.431640625 0.5618489583333334 0.04296875 0.022135416666666668
6 0.4248046875 0.5865885416666666 0.029296875 0.022135416666666668
6 0.4443359375 0.611328125 0.068359375 0.022135416666666668
6 0.42578125 0.6490885416666666 0.03125 0.022135416666666668
6 0.4521484375 0.6868489583333334 0.083984375 0.022135416666666668
6 0.44677734375 0.7115885416666666 0.0732421875 0.022135416666666668
6 0.42822265625 0.7493489583333334 0.0361328125 0.022135416666666668
7 0.4501953125 0.7493489583333334 0.009765625 0.022135416666666668
6 0.4775390625 0.7493489583333334 0.046875 0.022135416666666668
7 0.5048828125 0.7493489583333334 0.009765625 0.022135416666666668
6 0.52734375 0.7493489583333334 0.037109375 0.022135416666666668
6 0.4365234375 0.7740885416666666 0.052734375 0.022135416666666668
7 0.466796875 0.7740885416666666 0.009765625 0.022135416666666668
6 0.48388671875 0.7740885416666666 0.0263671875 0.022135416666666668
4 0.68017578125 0.455078125 0.0205078125 0.02734375
7 0.71923828125 0.4537760416666667 0.0498046875 0.022135416666666668
7 0.8017578125 0.56640625 0.263671875 0.1015625
7 0.80810546875 0.67578125 0.2763671875 0.046875
7 0.09765625 0.9674479166666666 0.103515625 0.018229166666666668
4 0.17724609375 0.9654947916666666 0.0458984375 0.01953125
0 0.123046875 0.9674479166666666 0.154296875 0.018229166666666668