7 0.2919921875 0.044921875 0.419921875 0.022135416666666668
7 0.53857421875 0.045572916666666664 0.0751953125 0.020833333333333332
7 0.5859375 0.044921875 0.013671875 0.022135416666666668
4 0.60205078125 0.0390625 0.0205078125 0.057291666666666664
6 0.732421875 0.044921875 0.232421875 0.022135416666666668
6 0.884765625 0.045572916666666664 0.06640625 0.020833333333333332
4 0.0634765625 0.12109375 0.103515625 0.052083333333333336
0 0.0634765625 0.12109375 0.126953125 0.08333333333333333
7 0.154296875 0.13932291666666666 0.04296875 0.013020833333333334
0 0.154296875 0.12109375 0.0546875 0.052083333333333336
1 0.36669921875 0.12109375 0.3525390625 0.049479166666666664
4 0.56396484375 0.12109375 0.0244140625 0.03125
4 0.61376953125 0.12109375 0.0244140625 0.03125
0 0.63671875 0.12109375 0.0859375 0.08333333333333333
7 0.65234375 0.12109375 0.0390625 0.0234375
4 0.69873046875 0.12109375 0.0244140625 0.03125
0 0.7412109375 0.12109375 0.125 0.08333333333333333
7 0.7568359375 0.12109375 0.078125 0.0234375
4 0.826171875 0.12109375 0.025390625 0.033854166666666664
0 0.8583984375 0.12109375 0.111328125 0.08333333333333333
7 0.8779296875 0.11067708333333333 0.056640625 0.0234375
7 0.8779296875 0.1328125 0.056640625 0.020833333333333332
4 0.93359375 0.12109375 0.0234375 0.03125
0 0.94921875 0.12109375 0.0703125 0.08333333333333333
7 0.94921875 0.12239583333333333 0.005859375 0.013020833333333334
7 0.18359375 0.193359375 0.3359375 0.01953125
0 0.18408203125 0.19401041666666666 0.3525390625 0.0625
6 0.419921875 0.193359375 0.10546875 0.01953125
0 0.41943359375 0.19401041666666666 0.1201171875 0.0625
0 0.91064453125 0.19401041666666666 0.1650390625 0.0625
4 0.00244140625 0.3880208333333333 0.0048828125 0.3229166666666667
0 0.00244140625 0.3880208333333333 0.0048828125 0.3229166666666667
4 0.5 0.3880208333333333 0.990234375 0.3229166666666667
0 0.5 0.3880208333333333 0.990234375 0.3229166666666667
4 0.99755859375 0.3880208333333333 0.0048828125 0.3229166666666667
0 0.99755859375 0.3880208333333333 0.0048828125 0.3229166666666667
0 0.4677734375 0.5690104166666666 0.01171875 0.015625
0 0.4892578125 0.5690104166666666 0.01171875 0.015625
0 0.5107421875 0.5690104166666666 0.01171875 0.015625
0 0.5322265625 0.5690104166666666 0.01171875 0.015625
4 0.1376953125 0.6549479166666666 0.052734375 0.059895833333333336
0 0.11181640625 0.625 0.0009765625 0
7 0.26513671875 0.6549479166666666 0.1689453125 0.059895833333333336
7 0.18994140625 0.6953125 0.1455078125 0.020833333333333332
7 0.1787109375 0.7174479166666666 0.123046875 0.020833333333333332
0 0.1572265625 0.755859375 0.080078125 0.037760416666666664
4 0.404296875 0.6549479166666666 0.052734375 0.059895833333333336
0 0.37841796875 0.625 0.0009765625 0
7 0.53173828125 0.6549479166666666 0.1689453125 0.059895833333333336
7 0.53173828125 0.6998697916666666 0.1689453125 0.029947916666666668
0 0.48486328125 0.7337239583333334 0.0751953125 0.037760416666666664
4 0.6708984375 0.6549479166666666 0.052734375 0.059895833333333336
0 0.64501953125 0.625 0.0009765625 0
7 0.79833984375 0.6432291666666666 0.1689453125 0.036458333333333336
7 0.79833984375 0.6875 0.1689453125 0.052083333333333336
0 0.751953125 0.732421875 0.076171875 0.037760416666666664
4 0.1669921875 0.9212239583333334 0.205078125 0.15755208333333334
4 0.3828125 0.9212239583333334 0.205078125 0.15755208333333334
4 0.5986328125 0.9212239583333334 0.205078125 0.15755208333333334
4 0.81494140625 0.9212239583333334 0.2060546875 0.15755208333333334
4 0.01416015625 0.5546875 0.0283203125 0.109375
0 0.01416015625 0.5546875 0.0283203125 0.109375