6 0.12109375 0.013671875 0.08984375 0.01953125
7 0.1708984375 0.013671875 0.013671875 0.01953125
6 0.21240234375 0.013671875 0.0712890625 0.01953125
7 0.6357421875 0.013671875 0.046875 0.01953125
7 0.66259765625 0.013671875 0.0107421875 0.01953125
6 0.69287109375 0.013671875 0.0498046875 0.01953125
7 0.72119140625 0.013671875 0.0107421875 0.01953125
6 0.75 0.013671875 0.046875 0.01953125
7 0.7783203125 0.013671875 0.01171875 0.01953125
6 0.80517578125 0.013671875 0.0458984375 0.01953125
7 0.833984375 0.013671875 0.01171875 0.01953125
6 0.86376953125 0.013671875 0.0517578125 0.01953125
7 0.8955078125 0.013671875 0.01171875 0.01953125
6 0.91162109375 0.013671875 0.0244140625 0.01953125
4 0.24755859375 0.12630208333333334 0.3427734375 0.1640625
0 0.24755859375 0.12630208333333334 0.3427734375 0.1640625
1 0.81005859375 0.072265625 0.1767578125 0.037760416666666664
4 0.912109375 0.07291666666666667 0.015625 0.020833333333333332
0 0.912109375 0.072265625 0.029296875 0.037760416666666664
0 0.56982421875 0.14453125 0.2646484375 0.0546875
0 0.82080078125 0.14453125 0.2060546875 0.0546875
7 0.1142578125 0.2864583333333333 0.0390625 0.052083333333333336
4 0.11376953125 0.3359375 0.0419921875 0.015625
7 0.205078125 0.2864583333333333 0.06640625 0.052083333333333336
7 0.31103515625 0.2864583333333333 0.0478515625 0.052083333333333336
7 0.4169921875 0.2864583333333333 0.103515625 0.052083333333333336
7 0.5234375 0.2864583333333333 0.103515625 0.052083333333333336
7 0.6298828125 0.2864583333333333 0.103515625 0.052083333333333336
7 0.736328125 0.2864583333333333 0.103515625 0.052083333333333336
7 0.85693359375 0.2864583333333333 0.1318359375 0.052083333333333336
7 0.1708984375 0.427734375 0.1640625 0.04296875
0 0.16796875 0.4270833333333333 0.18359375 0.0859375
4 0.2607421875 0.427734375 0.01171875 0.055989583333333336
7 0.1708984375 0.513671875 0.1640625 0.04296875
0 0.16796875 0.5130208333333334 0.18359375 0.0859375
4 0.26416015625 0.513671875 0.0107421875 0.022135416666666668
7 0.1708984375 0.599609375 0.1640625 0.04296875
0 0.16796875 0.5989583333333334 0.18359375 0.0859375
4 0.26416015625 0.599609375 0.0107421875 0.022135416666666668
7 0.1708984375 0.685546875 0.1640625 0.04296875
0 0.16796875 0.6848958333333334 0.18359375 0.0859375
4 0.26416015625 0.685546875 0.0107421875 0.022135416666666668
7 0.1708984375 0.771484375 0.1640625 0.04296875
0 0.16796875 0.7708333333333334 0.18359375 0.0859375
4 0.26416015625 0.771484375 0.0107421875 0.022135416666666668
6 0.49560546875 0.412109375 0.3955078125 0.05078125
4 0.48779296875 0.5983072916666666 0.3798828125 0.27734375
7 0.48388671875 0.8313802083333334 0.3720703125 0.13151041666666666
0 0.3564453125 0.9166666666666666 0.1171875 0.033854166666666664
0 0.6396484375 0.9166666666666666 0.076171875 0.033854166666666664
4 0.83203125 0.42578125 0.18359375 0.08333333333333333
3 0.83203125 0.669921875 0.18359375 0.3528645833333333
7 0.7744140625 0.876953125 0.068359375 0.022135416666666668
4 0.75537109375 0.9108072916666666 0.0302734375 0.040364583333333336
4 0.78857421875 0.9108072916666666 0.0302734375 0.040364583333333336
4 0.82080078125 0.9108072916666666 0.0302734375 0.040364583333333336
4 0.85400390625 0.9108072916666666 0.0302734375 0.040364583333333336
4 0.88720703125 0.9108072916666666 0.0302734375 0.040364583333333336
7 0.80712890625 0.9798177083333334 0.1337890625 0.022135416666666668
4 0.75048828125 0.9967447916666666 0.0205078125 0.006510416666666667
7 0.791015625 0.9993489583333334 0.0625 0.0013020833333333333
4 0.84228515625 0.9967447916666666 0.0205078125 0.006510416666666667
7 0.87841796875 0.9993489583333334 0.0537109375 0.0013020833333333333