7 0.14306640625 0.8111979166666666 0.2158203125 0.049479166666666664
0 0.06982421875 0.8802083333333334 0.0693359375 0.028645833333333332
0 0.16455078125 0.9329427083333334 0.2587890625 0.04296875
7 0.3056640625 0.02734375 0.314453125 0.0390625
7 0.5166015625 0.02734375 0.107421875 0.0390625
7 0.6455078125 0.02734375 0.150390625 0.0390625
0 0.1708984375 0.07421875 0.044921875 0.0390625
6 0.2392578125 0.06770833333333333 0.044921875 0.026041666666666668
6 0.30615234375 0.06770833333333333 0.0419921875 0.026041666666666668
4 0.8544921875 0.0625 0.017578125 0.0234375
7 0.927734375 0.061848958333333336 0.09765625 0.016927083333333332
7 0.06787109375 0.12369791666666667 0.0634765625 0.018229166666666668
7 0.12548828125 0.12369791666666667 0.0517578125 0.018229166666666668
7 0.19482421875 0.12369791666666667 0.0869140625 0.018229166666666668
7 0.111328125 0.17252604166666666 0.130859375 0.02734375
1 0.1875 0.173828125 0.302734375 0.05859375
4 0.2509765625 0.24348958333333334 0.01953125 0.026041666666666668
7 0.29248046875 0.24348958333333334 0.0537109375 0.018229166666666668
7 0.20458984375 0.291015625 0.3369140625 0.02734375
4 0.1875 0.48046875 0.263671875 0.3515625
7 0.1875 0.6966145833333334 0.134765625 0.018229166666666668
7 0.1875 0.7578125 0.1328125 0.018229166666666668
4 0.3759765625 0.2610677083333333 0.03515625 0.14973958333333334
7 0.6962890625 0.12434895833333333 0.607421875 0.02734375
4 0.4072265625 0.18684895833333334 0.029296875 0.08463541666666667
4 0.4384765625 0.19856770833333334 0.02734375 0.08463541666666667
7 0.56494140625 0.17317708333333334 0.1982421875 0.018229166666666668
1 0.71484375 0.173828125 0.517578125 0.055989583333333336
4 0.9609375 0.17317708333333334 0.025390625 0.033854166666666664
7 0.6962890625 0.24283854166666666 0.607421875 0.02734375
4 0.4072265625 0.3118489583333333 0.029296875 0.08463541666666667
4 0.4384765625 0.2994791666666667 0.02734375 0.036458333333333336
7 0.517578125 0.2981770833333333 0.103515625 0.018229166666666668
7 0.60791015625 0.2981770833333333 0.0771484375 0.018229166666666668
1 0.71484375 0.298828125 0.517578125 0.055989583333333336
4 0.9609375 0.2981770833333333 0.025390625 0.033854166666666664
4 0.4072265625 0.396484375 0.029296875 0.08463541666666667
4 0.4384765625 0.3841145833333333 0.02734375 0.036458333333333336
7 0.498046875 0.3828125 0.064453125 0.018229166666666668
7 0.55517578125 0.3828125 0.0498046875 0.018229166666666668
7 0.6103515625 0.3828125 0.060546875 0.018229166666666668
7 0.6650390625 0.3828125 0.048828125 0.018229166666666668
1 0.71484375 0.3834635416666667 0.517578125 0.055989583333333336
4 0.9609375 0.3828125 0.025390625 0.033854166666666664
4 0.4072265625 0.4811197916666667 0.029296875 0.08463541666666667
4 0.4384765625 0.46875 0.02734375 0.036458333333333336
7 0.517578125 0.4674479166666667 0.103515625 0.018229166666666668
7 0.60107421875 0.4674479166666667 0.0634765625 0.018229166666666668
1 0.71484375 0.4680989583333333 0.517578125 0.055989583333333336
4 0.9609375 0.4674479166666667 0.025390625 0.033854166666666664
4 0.4072265625 0.5657552083333334 0.029296875 0.08463541666666667
4 0.4384765625 0.5533854166666666 0.02734375 0.036458333333333336
7 0.517578125 0.5520833333333334 0.103515625 0.018229166666666668
7 0.609375 0.5520833333333334 0.080078125 0.018229166666666668
1 0.71484375 0.552734375 0.517578125 0.055989583333333336
4 0.9609375 0.5520833333333334 0.025390625 0.033854166666666664
4 0.4072265625 0.650390625 0.029296875 0.08463541666666667
4 0.4384765625 0.6380208333333334 0.02734375 0.036458333333333336
7 0.5546875 0.63671875 0.177734375 0.018229166666666668
7 0.69775390625 0.63671875 0.1083984375 0.018229166666666668
7 0.76025390625 0.63671875 0.0166015625 0.018229166666666668
7 0.81640625 0.63671875 0.095703125 0.018229166666666668
1 0.71484375 0.6373697916666666 0.517578125 0.055989583333333336
4 0.9609375 0.63671875 0.025390625 0.033854166666666664
4 0.4072265625 0.7350260416666666 0.029296875 0.08463541666666667
4 0.4384765625 0.72265625 0.02734375 0.036458333333333336
7 0.54443359375 0.7213541666666666 0.1572265625 0.018229166666666668
7 0.6708984375 0.7213541666666666 0.095703125 0.018229166666666668
1 0.71484375 0.7220052083333334 0.517578125 0.055989583333333336
4 0.9609375 0.7213541666666666 0.025390625 0.033854166666666664
4 0.4072265625 0.8196614583333334 0.029296875 0.08463541666666667
4 0.4384765625 0.8072916666666666 0.02734375 0.036458333333333336
7 0.5 0.8059895833333334 0.068359375 0.018229166666666668
7 0.6142578125 0.8059895833333334 0.16015625 0.018229166666666668
1 0.71484375 0.806640625 0.517578125 0.055989583333333336
4 0.9609375 0.8059895833333334 0.025390625 0.033854166666666664
4 0.4736328125 0.8828125 0.01953125 0.026041666666666668
7 0.50048828125 0.8828125 0.0244140625 0.018229166666666668
7 0.24462890625 0.9674479166666666 0.2001953125 0.018229166666666668
6 0.38818359375 0.9674479166666666 0.0888671875 0.018229166666666668
7 0.4404296875 0.9674479166666666 0.017578125 0.018229166666666668
6 0.50048828125 0.9674479166666666 0.1044921875 0.018229166666666668
7 0.58447265625 0.9674479166666666 0.0654296875 0.018229166666666668
6 0.73583984375 0.9674479166666666 0.2392578125 0.018229166666666668