4 0.111328125 0.057942708333333336 0.16796875 0.053385416666666664
0 0.111328125 0.057942708333333336 0.16796875 0.08723958333333333
7 0.27001953125 0.057291666666666664 0.0849609375 0.028645833333333332
0 0.2763671875 0.057942708333333336 0.130859375 0.053385416666666664
4 0.31982421875 0.059244791666666664 0.0087890625 0.01171875
0 0.3828125 0.057942708333333336 0.083984375 0.053385416666666664
0 0.49462890625 0.057942708333333336 0.1416015625 0.053385416666666664
7 0.62109375 0.057291666666666664 0.078125 0.028645833333333332
0 0.62646484375 0.057942708333333336 0.1240234375 0.053385416666666664
4 0.66748046875 0.059244791666666664 0.0087890625 0.01171875
7 0.74072265625 0.057291666666666664 0.0712890625 0.028645833333333332
0 0.74609375 0.057942708333333336 0.1171875 0.053385416666666664
4 0.78369140625 0.059244791666666664 0.0087890625 0.01171875
0 0.8388671875 0.057942708333333336 0.044921875 0.061197916666666664
0 0.9287109375 0.057942708333333336 0.087890625 0.061197916666666664
7 0.31884765625 0.18619791666666666 0.0478515625 0.028645833333333332
0 0.5 0.18619791666666666 0.42578125 0.049479166666666664
7 0.52587890625 0.18619791666666666 0.3583984375 0.028645833333333332
4 0.6953125 0.7330729166666666 0.609375 0.4036458333333333
2 0.34326171875 0.3372395833333333 0.6044921875 0.1484375
7 0.2646484375 0.52734375 0.447265625 0.171875
0 0.10400390625 0.6953125 0.1259765625 0.059895833333333336
0 0.25341796875 0.6953125 0.1298828125 0.059895833333333336
7 0.1005859375 0.7578125 0.119140625 0.020833333333333332
4 0.951171875 0.9348958333333334 0.02734375 0.041666666666666664
0 0.951171875 0.9348958333333334 0.05859375 0.078125