4 0.06884765625 0.0390625 0.0791015625 0.0390625
0 0.07861328125 0.0390625 0.0986328125 0.0390625
5 0.9619140625 0.0390625 0.046875 0.0625
2 0.25244140625 0.4095052083333333 0.4658203125 0.16796875
7 0.25244140625 0.5325520833333334 0.4658203125 0.028645833333333332
0 0.1396484375 0.6354166666666666 0.240234375 0.08072916666666667
7 0.1396484375 0.71875 0.240234375 0.026041666666666668
4 0.68408203125 0.5397135416666666 0.6318359375 0.9205729166666666
4 0.5 0.9557291666666666 0.025390625 0.033854166666666664
0 0.5 0.94921875 0.0390625 0.052083333333333336
7 0.07470703125 0.8658854166666666 0.1103515625 0.0234375
7 0.365234375 0.9114583333333334 0.69140625 0.041666666666666664
6 0.6474609375 0.921875 0.115234375 0.020833333333333332
7 0.03369140625 0.9427083333333334 0.0283203125 0.020833333333333332
6 0.09228515625 0.9427083333333334 0.0888671875 0.020833333333333332
7 0.13818359375 0.9427083333333334 0.0029296875 0.020833333333333332
7 0.87109375 0.9016927083333334 0.21875 0.05078125