0 0.037109375 0.041666666666666664 0.04296875 0.057291666666666664
0 0.080078125 0.0390625 0.04296875 0.057291666666666664
0 0.126953125 0.0390625 0.041015625 0.049479166666666664
1 0.5361328125 0.0390625 0.779296875 0.049479166666666664
7 0.3916015625 0.037760416666666664 0.490234375 0.028645833333333332
0 0.95361328125 0.0390625 0.0380859375 0.052083333333333336
2 0.1025390625 0.388671875 0.130859375 0.04296875
0 0.1650390625 0.51171875 0.255859375 0.2890625
2 0.1650390625 0.43359375 0.255859375 0.049479166666666664
7 0.1650390625 0.4908854166666667 0.255859375 0.026041666666666668
7 0.1650390625 0.5729166666666666 0.255859375 0.125
2 0.4013671875 0.388671875 0.0625 0.04296875
0 0.498046875 0.4993489583333333 0.255859375 0.2643229166666667
2 0.498046875 0.43359375 0.255859375 0.049479166666666664
7 0.498046875 0.4908854166666667 0.255859375 0.026041666666666668
7 0.498046875 0.560546875 0.255859375 0.10026041666666667
2 0.83203125 0.451171875 0.255859375 0.16796875
7 0.83203125 0.6048177083333334 0.255859375 0.10026041666666667
6 0.78173828125 0.6959635416666666 0.1123046875 0.022135416666666668
6 0.77783203125 0.7578125 0.1044921875 0.020833333333333332
6 0.71337890625 0.9147135416666666 0.0283203125 0.014322916666666666
0 0.71337890625 0.9147135416666666 0.0283203125 0.032552083333333336
6 0.75244140625 0.9147135416666666 0.0283203125 0.014322916666666666
0 0.75244140625 0.9147135416666666 0.0283203125 0.032552083333333336
6 0.79150390625 0.9147135416666666 0.0283203125 0.014322916666666666
0 0.79150390625 0.9147135416666666 0.0283203125 0.032552083333333336
6 0.83056640625 0.9147135416666666 0.0283203125 0.014322916666666666
0 0.83056640625 0.9147135416666666 0.0283203125 0.032552083333333336
6 0.86962890625 0.9147135416666666 0.0283203125 0.014322916666666666
0 0.86962890625 0.9147135416666666 0.0283203125 0.032552083333333336