7 0.08349609375 0.032552083333333336 0.1669921875 0.052083333333333336
7 0.2314453125 0.033854166666666664 0.06640625 0.0390625
0 0.8681640625 0.033854166666666664 0.0703125 0.0390625
0 0.94580078125 0.033854166666666664 0.0693359375 0.0390625
4 0.5 0.13671875 0.7109375 0.1171875
4 0.9794921875 0.23567708333333334 0.0078125 0.0234375
7 0.0498046875 0.232421875 0.078125 0.022135416666666668
7 0.5 0.6803385416666666 0.978515625 0.040364583333333336
7 0.083984375 0.736328125 0.146484375 0.045572916666666664
7 0.2900390625 0.7376302083333334 0.263671875 0.04296875
7 0.083984375 0.796875 0.146484375 0.046875
7 0.2900390625 0.7975260416666666 0.263671875 0.04296875
7 0.083984375 0.8567708333333334 0.146484375 0.046875
7 0.2900390625 0.857421875 0.263671875 0.04296875
7 0.083984375 0.9166666666666666 0.146484375 0.046875
7 0.083984375 0.9765625 0.146484375 0.046875
1 0.2900390625 0.9765625 0.265625 0.044270833333333336
4 0.5078125 0.75 0.048828125 0.06510416666666667
7 0.56103515625 0.728515625 0.0322265625 0.01953125
7 0.59423828125 0.728515625 0.0361328125 0.01953125
0 0.5810546875 0.763671875 0.072265625 0.037760416666666664
7 0.62646484375 0.7623697916666666 0.0185546875 0.01953125
0 0.67138671875 0.763671875 0.0732421875 0.037760416666666664
7 0.59423828125 0.8235677083333334 0.2275390625 0.04296875
7 0.59423828125 0.873046875 0.2275390625 0.04296875
7 0.59423828125 0.9225260416666666 0.2275390625 0.04296875
7 0.8037109375 0.91015625 0.310546875 0.08072916666666667
6 0.78857421875 0.94140625 0.0771484375 0.018229166666666668
7 0.8291015625 0.94140625 0.0078125 0.018229166666666668
7 0.88330078125 0.9420572916666666 0.1025390625 0.029947916666666668