7 0.5 0.03125 0.23046875 0.0234375
0 0.86669921875 0.03125 0.0322265625 0.0625
4 0.15673828125 0.13606770833333334 0.1572265625 0.040364583333333336
0 0.15673828125 0.140625 0.1572265625 0.049479166666666664
7 0.3486328125 0.140625 0.091796875 0.15625
0 0.3486328125 0.140625 0.091796875 0.15625
7 0.453125 0.140625 0.119140625 0.15625
0 0.453125 0.140625 0.119140625 0.15625
7 0.5625 0.140625 0.1015625 0.15625
0 0.5625 0.140625 0.1015625 0.15625
7 0.6650390625 0.140625 0.10546875 0.15625
0 0.6650390625 0.140625 0.10546875 0.15625
4 0.8046875 0.140625 0.0390625 0.052083333333333336
0 0.8046875 0.140625 0.0390625 0.052083333333333336
4 0.84375 0.140625 0.0390625 0.052083333333333336
0 0.84375 0.140625 0.0390625 0.052083333333333336
4 0.892578125 0.140625 0.0390625 0.052083333333333336
0 0.892578125 0.140625 0.0390625 0.052083333333333336
2 0.49951171875 0.3782552083333333 0.2939453125 0.2825520833333333
2 0.5 0.4244791666666667 0.396484375 0.203125
7 0.5 0.6282552083333334 0.412109375 0.18359375
4 0.470703125 0.7884114583333334 0.015625 0.022135416666666668
0 0.5 0.7884114583333334 0.1953125 0.07421875
7 0.513671875 0.7884114583333334 0.046875 0.06380208333333333
4 0.5 0.8736979166666666 0.017578125 0.015625
4 0.5 0.5 1 1
0 0.9560546875 0.94140625 0.048828125 0.06510416666666667