4 0.05419921875 0.045572916666666664 0.1083984375 0.0390625
7 0.396484375 0.042317708333333336 0.064453125 0.022135416666666668
0 0.39697265625 0.042317708333333336 0.0654296875 0.08463541666666667
0 0.486328125 0.042317708333333336 0.068359375 0.08463541666666667
0 0.564453125 0.042317708333333336 0.04296875 0.08463541666666667
0 0.3779296875 0.126953125 0.02734375 0.08463541666666667
0 0.787109375 0.042317708333333336 0.033203125 0.08463541666666667
7 0.81787109375 0.044270833333333336 0.0126953125 0.08854166666666667
0 0.91796875 0.042317708333333336 0.1640625 0.055989583333333336
2 0.28857421875 0.2936197916666667 0.5771484375 0.06640625
2 0.30859375 0.365234375 0.6171875 0.06640625
2 0.29296875 0.4856770833333333 0.5859375 0.1171875
1 0.1220703125 0.6302083333333334 0.244140625 0.06770833333333333
0 0.341796875 0.6321614583333334 0.16796875 0.07161458333333333
7 0.04736328125 0.6966145833333334 0.0947265625 0.0234375
7 0.09716796875 0.6966145833333334 0.0048828125 0.0234375
7 0.140625 0.6966145833333334 0.0703125 0.0234375
7 0.17822265625 0.6966145833333334 0.0048828125 0.0234375
7 0.234375 0.697265625 0.095703125 0.02734375
4 0.86572265625 0.5052083333333334 0.2685546875 0.4661458333333333
7 0.59912109375 0.3502604166666667 0.0302734375 0.005208333333333333
7 0.59814453125 0.5546875 0.1552734375 0.3671875
4 0.1669921875 0.9459635416666666 0.099609375 0.10546875
0 0.1669921875 0.9205729166666666 0.333984375 0.15885416666666666
4 0.4736328125 0.9459635416666666 0.05078125 0.10546875
0 0.5 0.9205729166666666 0.333984375 0.15885416666666666
4 0.52685546875 0.9459635416666666 0.0498046875 0.10546875
4 0.83349609375 0.9459635416666666 0.0810546875 0.10546875
0 0.8330078125 0.9205729166666666 0.333984375 0.15885416666666666