4 0.03125 0.041666666666666664 0.0625 0.08333333333333333
0 0.03125 0.041666666666666664 0.0625 0.08333333333333333
1 0.9384765625 0.041666666666666664 0.107421875 0.052083333333333336
0 0.1416015625 0.046875 0.134765625 0.07291666666666667
7 0.251953125 0.044270833333333336 0.0546875 0.0234375
0 0.251953125 0.046875 0.0859375 0.07291666666666667
7 0.3583984375 0.044270833333333336 0.095703125 0.0234375
0 0.3583984375 0.046875 0.126953125 0.07291666666666667
7 0.46240234375 0.044270833333333336 0.0498046875 0.0234375
0 0.46240234375 0.046875 0.0810546875 0.07291666666666667
7 0.53662109375 0.044270833333333336 0.0361328125 0.0234375
0 0.53662109375 0.046875 0.0673828125 0.07291666666666667
0 0.60400390625 0.046875 0.0673828125 0.07291666666666667
0 0.70166015625 0.046875 0.1279296875 0.07291666666666667
0 0.8212890625 0.046875 0.111328125 0.07291666666666667
7 0.5 0.298828125 0.75 0.15755208333333334
0 0.5 0.34375 1 0.6875
6 0.5 0.390625 1 0.028645833333333332
6 0.13427734375 0.6145833333333334 0.2216796875 0.0625
6 0.38037109375 0.6145833333333334 0.2060546875 0.0625
6 0.61865234375 0.6145833333333334 0.2060546875 0.0625
6 0.865234375 0.6145833333333334 0.22265625 0.0625
7 0.5 0.73046875 1 0.044270833333333336
3 0.5 0.8111979166666666 0.7109375 0.1171875
2 0.076171875 0.9576822916666666 0.10546875 0.029947916666666668
2 0.0546875 0.9817708333333334 0.0625 0.010416666666666666