6 0.77880859375 0.022786458333333332 0.0634765625 0.01953125
6 0.89794921875 0.022786458333333332 0.1455078125 0.01953125
0 0.6591796875 0.0703125 0.029296875 0.041666666666666664
0 0.69140625 0.0703125 0.029296875 0.041666666666666664
0 0.7236328125 0.0703125 0.029296875 0.041666666666666664
1 0.8447265625 0.06640625 0.185546875 0.020833333333333332
7 0.9599609375 0.06705729166666667 0.02734375 0.03515625
0 0.1279296875 0.0546875 0.203125 0.0703125
0 0.05615234375 0.12630208333333334 0.0595703125 0.046875
0 0.12451171875 0.12630208333333334 0.0771484375 0.046875
0 0.19970703125 0.12630208333333334 0.0732421875 0.046875
0 0.26708984375 0.12630208333333334 0.0615234375 0.046875
7 0.3291015625 0.126953125 0.04296875 0.01953125
0 0.3359375 0.12630208333333334 0.076171875 0.046875
0 0.4111328125 0.12630208333333334 0.072265625 0.046875
0 0.48193359375 0.12630208333333334 0.0673828125 0.046875
0 0.5703125 0.12630208333333334 0.107421875 0.046875
0 0.66748046875 0.12630208333333334 0.0849609375 0.046875
0 0.74658203125 0.12630208333333334 0.0712890625 0.046875
0 0.82421875 0.12630208333333334 0.08203125 0.046875
0 0.90380859375 0.12630208333333334 0.0751953125 0.046875
4 0.9580078125 0.12565104166666666 0.03125 0.045572916666666664
7 0.5 0.16276041666666666 1 0.026041666666666668
4 0.26318359375 0.38671875 0.4736328125 0.421875
0 0.0263671875 0.17578125 0 0
2 0.392578125 0.2604166666666667 0.2109375 0.140625
0 0.392578125 0.2604166666666667 0.2109375 0.140625
4 0.73779296875 0.38671875 0.4736328125 0.421875
0 0.5009765625 0.17578125 0 0
2 0.744140625 0.23046875 0.42578125 0.08072916666666667
0 0.744140625 0.23046875 0.42578125 0.08072916666666667
0 0.095703125 0.7643229166666666 0.0546875 0.07291666666666667
4 0.029296875 0.751953125 0.05859375 0.2565104166666667
0 0.0341796875 0.7825520833333334 0.068359375 0.3697916666666667
6 0.029296875 0.9244791666666666 0.05859375 0.08333333333333333
4 0.22216796875 0.751953125 0.2880859375 0.2565104166666667
0 0.22216796875 0.7825520833333334 0.3076171875 0.3697916666666667
6 0.22216796875 0.9244791666666666 0.2880859375 0.08333333333333333
4 0.52978515625 0.751953125 0.2880859375 0.2565104166666667
0 0.52978515625 0.7825520833333334 0.3076171875 0.3697916666666667
6 0.52978515625 0.9244791666666666 0.2880859375 0.08333333333333333
4 0.83740234375 0.751953125 0.2880859375 0.2565104166666667
0 0.83740234375 0.7825520833333334 0.3076171875 0.3697916666666667
6 0.83740234375 0.9108072916666666 0.2880859375 0.055989583333333336
0 0.99560546875 0.7825520833333334 0.0087890625 0.3697916666666667
0 0.65625 0.7643229166666666 0.0546875 0.07291666666666667