4 0.1142578125 0.040364583333333336 0.166015625 0.049479166666666664
0 0.1142578125 0.032552083333333336 0.166015625 0.06510416666666667
0 0.45751953125 0.039713541666666664 0.0986328125 0.048177083333333336
0 0.56494140625 0.039713541666666664 0.0888671875 0.048177083333333336
0 0.6826171875 0.039713541666666664 0.119140625 0.048177083333333336
0 0.7802734375 0.039713541666666664 0.048828125 0.048177083333333336
0 0.84521484375 0.039713541666666664 0.0537109375 0.048177083333333336
7 0.88134765625 0.0390625 0.0205078125 0.028645833333333332
0 0.9326171875 0.039713541666666664 0.07421875 0.048177083333333336
7 0.5 0.37109375 1 0.5859375
2 0.6708984375 0.28125 0.595703125 0.14583333333333334
0 0.486328125 0.4140625 0.2265625 0.06770833333333333
4 0.427734375 0.5091145833333334 0.109375 0.044270833333333336
0 0.427734375 0.5130208333333334 0.109375 0.052083333333333336
4 0.5458984375 0.5091145833333334 0.109375 0.044270833333333336
0 0.54638671875 0.5130208333333334 0.1103515625 0.052083333333333336
4 0.1728515625 0.4733072916666667 0.21484375 0.50390625
1 0.28466796875 0.7486979166666666 0.5068359375 0.06510416666666667
1 0.66748046875 0.7486979166666666 0.2353515625 0.06510416666666667
0 0.8544921875 0.7486979166666666 0.11328125 0.06510416666666667
2 0.5 0.9283854166666666 0.9375 0.08333333333333333
7 0.50048828125 0.9850260416666666 0.9384765625 0.029947916666666668