3 0.5 0.07942708333333333 0.7109375 0.1171875
2 0.5 0.24869791666666666 1 0.17708333333333334
4 0.08984375 0.20703125 0.1328125 0.041666666666666664
0 0.33740234375 0.20638020833333334 0.6279296875 0.053385416666666664
7 0.74951171875 0.21744791666666666 0.0771484375 0.0234375
0 0.75927734375 0.21744791666666666 0.0966796875 0.026041666666666668
7 0.84814453125 0.21744791666666666 0.0322265625 0.0234375
7 0.92626953125 0.21744791666666666 0.0771484375 0.0234375
6 0.1787109375 0.2890625 0.044921875 0.0234375
6 0.2861328125 0.2890625 0.125 0.0234375
6 0.42724609375 0.2890625 0.1123046875 0.0234375
6 0.53466796875 0.2890625 0.0576171875 0.0234375
6 0.62158203125 0.2890625 0.0712890625 0.0234375
6 0.7177734375 0.2890625 0.076171875 0.0234375
6 0.8203125 0.2890625 0.083984375 0.0234375
4 0.453125 0.546875 0.3984375 0.3567708333333333
0 0.453125 0.546875 0.3984375 0.3567708333333333
7 0.416015625 0.833984375 0.32421875 0.18098958333333334
0 0.453125 0.833984375 0.3984375 0.17838541666666666
7 0.453125 0.9661458333333334 0.3984375 0.06770833333333333
4 0.123046875 0.4576822916666667 0.19921875 0.17838541666666666
0 0.123046875 0.4576822916666667 0.19921875 0.17838541666666666
7 0.11865234375 0.6399739583333334 0.1904296875 0.15494791666666666
0 0.123046875 0.6399739583333334 0.19921875 0.15755208333333334
4 0.123046875 0.8483072916666666 0.19921875 0.17838541666666666
0 0.123046875 0.8483072916666666 0.19921875 0.17838541666666666
7 0.11572265625 0.9765625 0.1845703125 0.046875
0 0.123046875 0.9759114583333334 0.19921875 0.048177083333333336
2 0.830078125 0.4114583333333333 0.26171875 0.041666666666666664
7 0.7255859375 0.4791666666666667 0.052734375 0.0234375
6 0.771484375 0.4791666666666667 0.041015625 0.0234375
7 0.8251953125 0.4947916666666667 0.251953125 0.0546875
7 0.82373046875 0.6158854166666666 0.2490234375 0.08854166666666667
7 0.822265625 0.7526041666666666 0.24609375 0.08854166666666667
7 0.828125 0.8736979166666666 0.2578125 0.057291666666666664