4 0.08447265625 0.0390625 0.1689453125 0.078125
0 0.08447265625 0.0390625 0.1689453125 0.078125
4 0.78515625 0.038411458333333336 0.119140625 0.048177083333333336
4 0.9169921875 0.038411458333333336 0.119140625 0.048177083333333336
0 1 0.0390625 0 0.078125
4 0.5 0.203125 0.0625 0.08333333333333333
2 0.5 0.3287760416666667 0.484375 0.04296875
2 0.5 0.3756510416666667 0.259765625 0.04296875
7 0.5 0.486328125 0.17578125 0.024739583333333332
0 0.5 0.486328125 0.2109375 0.06901041666666667
4 0.5 0.7369791666666666 1 0.3697916666666667