4 0.056640625 0.036458333333333336 0.08203125 0.028645833333333332
0 0.056640625 0.036458333333333336 0.08203125 0.028645833333333332
0 0.81640625 0.036458333333333336 0.10546875 0.041666666666666664
0 0.93017578125 0.036458333333333336 0.1083984375 0.041666666666666664
2 0.84375 0.12890625 0.28125 0.0390625
2 0.84375 0.1796875 0.28125 0.052083333333333336
1 0.84375 0.2786458333333333 0.28125 0.0625
5 0.84375 0.2786458333333333 0.28125 0.0625
1 0.8095703125 0.3567708333333333 0.212890625 0.0625
5 0.84375 0.3567708333333333 0.28125 0.0625
0 0.9501953125 0.3580729166666667 0.0703125 0.06510416666666667
0 0.77099609375 0.4427083333333333 0.1357421875 0.052083333333333336
0 0.9150390625 0.4427083333333333 0.138671875 0.0625
4 0.97265625 0.125 0.0234375 0.03125
0 0.97265625 0.125 0.046875 0.0625
2 0.2822265625 0.2669270833333333 0.533203125 0.2734375
4 0.7314453125 0.5638020833333334 0.537109375 0.8723958333333334
7 0.11083984375 0.5052083333333334 0.1591796875 0.036458333333333336
0 0.21484375 0.5052083333333334 0.3984375 0.078125
4 0.38671875 0.5052083333333334 0.0234375 0.03125
7 0.1474609375 0.6041666666666666 0.232421875 0.036458333333333336
0 0.21484375 0.6041666666666666 0.3984375 0.078125
4 0.38671875 0.6041666666666666 0.0234375 0.03125
7 0.1513671875 0.703125 0.240234375 0.036458333333333336
0 0.21484375 0.703125 0.3984375 0.078125
4 0.38671875 0.703125 0.0234375 0.03125