7 0.29052734375 0.018880208333333332 0.5576171875 0.01953125
0 0.62255859375 0.020182291666666668 0.0771484375 0.02734375
0 0.69921875 0.020182291666666668 0.046875 0.02734375
4 0.8740234375 0.078125 0.029296875 0.0390625
0 0.9375 0.078125 0.068359375 0.0390625
4 0.6630859375 0.27734375 0.046875 0.0625
7 0.830078125 0.20572916666666666 0.248046875 0.052083333333333336
7 0.82470703125 0.2734375 0.2373046875 0.046875
0 0.7626953125 0.3567708333333333 0.095703125 0.046875
7 0.88720703125 0.3567708333333333 0.0869140625 0.020833333333333332
0 0.88720703125 0.3567708333333333 0.1337890625 0.046875
3 0.7958984375 0.2786458333333333 0.3515625 0.25
1 0.50537109375 0.078125 0.5166015625 0.026041666666666668
4 0.80078125 0.078125 0.029296875 0.0390625
0 0.80078125 0.078125 0.05859375 0.0390625
4 0.01171875 0.3359375 0.0234375 0.03125
4 0.0390625 0.1484375 0.0234375 0.03125
0 0.09765625 0.1484375 0.1953125 0.0625
7 0.13330078125 0.1484375 0.1240234375 0.0625
4 0.0390625 0.2109375 0.0234375 0.03125
0 0.09765625 0.2109375 0.1953125 0.0625
7 0.13330078125 0.2109375 0.1240234375 0.0625
4 0.0390625 0.2734375 0.0234375 0.03125
0 0.09765625 0.2734375 0.1953125 0.0625
7 0.13330078125 0.2734375 0.1240234375 0.0625
4 0.0390625 0.3359375 0.0234375 0.03125
0 0.09765625 0.3359375 0.1953125 0.0625
7 0.13330078125 0.3359375 0.1240234375 0.0625
4 0.0390625 0.3984375 0.0234375 0.03125
0 0.09765625 0.3984375 0.1953125 0.0625
7 0.13330078125 0.3984375 0.1240234375 0.0625
4 0.0390625 0.4609375 0.0234375 0.03125
0 0.09765625 0.4609375 0.1953125 0.0625
7 0.13330078125 0.4609375 0.1240234375 0.0625
7 0.0478515625 0.5247395833333334 0.05078125 0.020833333333333332
0 0.09765625 0.5247395833333334 0.1953125 0.0390625
7 0.078125 0.5638020833333334 0.111328125 0.020833333333333332
0 0.09765625 0.5638020833333334 0.1953125 0.0390625
7 0.07421875 0.6028645833333334 0.103515625 0.020833333333333332
0 0.09765625 0.6028645833333334 0.1953125 0.0390625
7 0.046875 0.6419270833333334 0.048828125 0.020833333333333332
0 0.09765625 0.6419270833333334 0.1953125 0.0390625
7 0.06103515625 0.6809895833333334 0.0771484375 0.020833333333333332
0 0.09765625 0.6809895833333334 0.1953125 0.0390625
7 0.05615234375 0.7200520833333334 0.0673828125 0.020833333333333332
0 0.09765625 0.7200520833333334 0.1953125 0.0390625
7 0.06982421875 0.7591145833333334 0.0947265625 0.020833333333333332
0 0.09765625 0.7591145833333334 0.1953125 0.0390625
7 0.06201171875 0.7981770833333334 0.0791015625 0.020833333333333332
0 0.09765625 0.7981770833333334 0.1953125 0.0390625
4 0.8662109375 0.14908854166666666 0.021484375 0.02734375
0 0.8662109375 0.14973958333333334 0.0390625 0.0390625
4 0.93310546875 0.14973958333333334 0.0205078125 0.028645833333333332
0 0.93310546875 0.14973958333333334 0.0556640625 0.0390625
2 0.5126953125 0.2571614583333333 0.5390625 0.05078125
0 0.5126953125 0.271484375 0.5390625 0.07942708333333333
2 0.5126953125 0.296875 0.5390625 0.028645833333333332
0 0.85546875 0.271484375 0.083984375 0.040364583333333336
7 0.3212890625 0.6549479166666666 0.13671875 0.03125
0 0.3212890625 0.6549479166666666 0.13671875 0.03125
4 0.3603515625 0.6549479166666666 0.05859375 0.03125
7 0.3212890625 0.681640625 0.13671875 0.022135416666666668
0 0.3212890625 0.681640625 0.13671875 0.022135416666666668
4 0.3603515625 0.681640625 0.05859375 0.022135416666666668
4 0.259765625 0.7395833333333334 0.009765625 0.013020833333333334
4 0.2734375 0.7395833333333334 0.009765625 0.013020833333333334
4 0.287109375 0.7395833333333334 0.009765625 0.013020833333333334
4 0.298828125 0.7395833333333334 0.005859375 0.013020833333333334
4 0.314453125 0.7395833333333334 0.009765625 0.013020833333333334
7 0.37109375 0.740234375 0.037109375 0.01953125
0 0.36865234375 0.740234375 0.0419921875 0.022135416666666668
7 0.4873046875 0.6549479166666666 0.13671875 0.03125
0 0.4873046875 0.6549479166666666 0.13671875 0.03125
4 0.5263671875 0.6549479166666666 0.05859375 0.03125
7 0.4873046875 0.681640625 0.13671875 0.022135416666666668
0 0.4873046875 0.681640625 0.13671875 0.022135416666666668
4 0.5263671875 0.681640625 0.05859375 0.022135416666666668
4 0.42578125 0.7395833333333334 0.009765625 0.013020833333333334
4 0.439453125 0.7395833333333334 0.009765625 0.013020833333333334
4 0.453125 0.7395833333333334 0.009765625 0.013020833333333334
4 0.466796875 0.7395833333333334 0.009765625 0.013020833333333334
4 0.478515625 0.7395833333333334 0.005859375 0.013020833333333334
7 0.54052734375 0.740234375 0.0302734375 0.01953125
0 0.5380859375 0.740234375 0.03515625 0.022135416666666668
7 0.6533203125 0.6549479166666666 0.13671875 0.03125
0 0.6533203125 0.6549479166666666 0.13671875 0.03125
4 0.6923828125 0.6549479166666666 0.05859375 0.03125
7 0.6533203125 0.681640625 0.13671875 0.022135416666666668
0 0.6533203125 0.681640625 0.13671875 0.022135416666666668
4 0.6923828125 0.681640625 0.05859375 0.022135416666666668
4 0.591796875 0.7395833333333334 0.009765625 0.013020833333333334
4 0.60546875 0.7395833333333334 0.009765625 0.013020833333333334
4 0.619140625 0.7395833333333334 0.009765625 0.013020833333333334
4 0.630859375 0.7395833333333334 0.005859375 0.013020833333333334
4 0.646484375 0.7395833333333334 0.009765625 0.013020833333333334
7 0.70654296875 0.740234375 0.0302734375 0.01953125
0 0.7041015625 0.740234375 0.03515625 0.022135416666666668
7 0.8193359375 0.6549479166666666 0.13671875 0.03125
0 0.8193359375 0.6549479166666666 0.13671875 0.03125
4 0.8583984375 0.6549479166666666 0.05859375 0.03125
7 0.8193359375 0.681640625 0.13671875 0.022135416666666668
0 0.8193359375 0.681640625 0.13671875 0.022135416666666668
4 0.8583984375 0.681640625 0.05859375 0.022135416666666668
4 0.7578125 0.7395833333333334 0.009765625 0.013020833333333334
4 0.771484375 0.7395833333333334 0.009765625 0.013020833333333334
4 0.78515625 0.7395833333333334 0.009765625 0.013020833333333334
4 0.7978515625 0.7395833333333334 0.0078125 0.013020833333333334
4 0.8125 0.7395833333333334 0.009765625 0.013020833333333334
7 0.869140625 0.740234375 0.037109375 0.01953125
0 0.86669921875 0.740234375 0.0419921875 0.022135416666666668
2 0.5126953125 0.8248697916666666 0.5390625 0.05078125
0 0.5126953125 0.8248697916666666 0.5390625 0.05078125
0 0.85546875 0.8248697916666666 0.083984375 0.040364583333333336