4 0.5 0.057291666666666664 0.11328125 0.049479166666666664
2 0.5 0.14192708333333334 0.9140625 0.06770833333333333
2 0.5 0.2109375 0.9140625 0.03125
4 0.5 0.3606770833333333 0.09375 0.125
1 0.5 0.47265625 0.267578125 0.057291666666666664
1 0.5 0.533203125 0.267578125 0.048177083333333336
0 0.5869140625 0.5794270833333334 0.09375 0.020833333333333332
6 0.49951171875 0.6868489583333334 0.0927734375 0.022135416666666668
7 0.5 0.7467447916666666 0.3515625 0.022135416666666668
4 0.5 0.78125 0.224609375 0.0234375
6 0.07763671875 0.978515625 0.0693359375 0.016927083333333332
6 0.14794921875 0.978515625 0.0400390625 0.016927083333333332
6 0.19921875 0.978515625 0.033203125 0.016927083333333332
6 0.2421875 0.978515625 0.0234375 0.016927083333333332
4 0.77734375 0.9772135416666666 0.021484375 0.02734375
1 0.8740234375 0.9791666666666666 0.166015625 0.03125