4 0.06982421875 0.035807291666666664 0.1005859375 0.05078125
0 0.06298828125 0.035807291666666664 0.1259765625 0.061197916666666664
7 0.1611328125 0.0390625 0.052734375 0.0234375
0 0.166015625 0.0390625 0.0703125 0.036458333333333336
0 0.240234375 0.0390625 0.05859375 0.036458333333333336
0 0.302734375 0.0390625 0.046875 0.036458333333333336
0 0.3955078125 0.0390625 0.119140625 0.036458333333333336
7 0.50146484375 0.0390625 0.0654296875 0.0234375
0 0.50634765625 0.0390625 0.0830078125 0.036458333333333336
0 0.59814453125 0.0390625 0.0810546875 0.036458333333333336
0 0.8681640625 0.0390625 0.04296875 0.036458333333333336
0 0.9375 0.0390625 0.076171875 0.036458333333333336
1 0.70458984375 0.0390625 0.0927734375 0.0390625
2 0.5 0.2727864583333333 0.8671875 0.14192708333333334
2 0.5 0.3899739583333333 0.6953125 0.14192708333333334
7 0.5 0.4928385416666667 0.7421875 0.03515625
7 0.5 0.5345052083333334 0.46484375 0.03515625
0 0.5 0.63671875 0.26953125 0.0703125
4 0.5 0.8873697916666666 1 0.22526041666666666
7 0.46630859375 0.9153645833333334 0.9130859375 0.049479166666666664
6 0.25146484375 0.927734375 0.0869140625 0.024739583333333332
7 0.296875 0.927734375 0.00390625 0.024739583333333332
0 0.02734375 0.9713541666666666 0.03515625 0.036458333333333336