4 0.03515625 0.041666666666666664 0.0234375 0.03125
0 0.03515625 0.041666666666666664 0.046875 0.0625
7 0.1787109375 0.042317708333333336 0.087890625 0.032552083333333336
0 0.142578125 0.044270833333333336 0.16015625 0.03125
1 0.50341796875 0.041666666666666664 0.3623046875 0.059895833333333336
4 0.294921875 0.041666666666666664 0.0234375 0.03125
0 0.294921875 0.041666666666666664 0.0546875 0.059895833333333336
4 0.85546875 0.041666666666666664 0.0234375 0.03125
0 0.85546875 0.041666666666666664 0.0390625 0.052083333333333336
0 0.93359375 0.041666666666666664 0.09375 0.046875
7 0.5 0.13020833333333334 0.60546875 0.03125
4 0.251953125 0.234375 0.109375 0.14583333333333334
0 0.251953125 0.2760416666666667 0.109375 0.22916666666666666
7 0.244140625 0.3359375 0.09375 0.057291666666666664
7 0.244140625 0.3802083333333333 0.09375 0.020833333333333332
4 0.3759765625 0.234375 0.109375 0.14583333333333334
0 0.3759765625 0.2760416666666667 0.109375 0.22916666666666666
7 0.3681640625 0.3359375 0.09375 0.057291666666666664
7 0.3681640625 0.3802083333333333 0.09375 0.020833333333333332
4 0.5 0.234375 0.109375 0.14583333333333334
0 0.5 0.2630208333333333 0.109375 0.203125
7 0.4921875 0.3229166666666667 0.09375 0.03125
7 0.4921875 0.3541666666666667 0.09375 0.020833333333333332
4 0.6240234375 0.234375 0.109375 0.14583333333333334
0 0.6240234375 0.2630208333333333 0.109375 0.203125
7 0.6162109375 0.3229166666666667 0.09375 0.03125
7 0.6162109375 0.3541666666666667 0.09375 0.020833333333333332
4 0.748046875 0.234375 0.109375 0.14583333333333334
0 0.748046875 0.2760416666666667 0.109375 0.22916666666666666
7 0.740234375 0.3359375 0.09375 0.057291666666666664
7 0.740234375 0.3802083333333333 0.09375 0.020833333333333332
4 0.8720703125 0.234375 0.109375 0.14583333333333334
0 0.8720703125 0.2630208333333333 0.109375 0.203125
7 0.8642578125 0.3229166666666667 0.09375 0.03125
7 0.8642578125 0.3541666666666667 0.09375 0.020833333333333332
4 0.970703125 0.234375 0.05859375 0.14583333333333334
0 0.970703125 0.2630208333333333 0.05859375 0.203125
7 0.970703125 0.3229166666666667 0.05859375 0.03125
7 0.970703125 0.3541666666666667 0.05859375 0.020833333333333332
7 0.5 0.4583333333333333 0.60546875 0.03125
4 0.251953125 0.5625 0.109375 0.14583333333333334
0 0.251953125 0.6041666666666666 0.109375 0.22916666666666666
7 0.244140625 0.6640625 0.09375 0.057291666666666664
7 0.244140625 0.7083333333333334 0.09375 0.020833333333333332
4 0.3759765625 0.5625 0.109375 0.14583333333333334
0 0.3759765625 0.5911458333333334 0.109375 0.203125
7 0.3681640625 0.6510416666666666 0.09375 0.03125
7 0.3681640625 0.6822916666666666 0.09375 0.020833333333333332
4 0.5 0.5625 0.109375 0.14583333333333334
0 0.5 0.5911458333333334 0.109375 0.203125
7 0.4921875 0.6510416666666666 0.09375 0.03125
7 0.4921875 0.6822916666666666 0.09375 0.020833333333333332
4 0.6240234375 0.5625 0.109375 0.14583333333333334
0 0.6240234375 0.5911458333333334 0.109375 0.203125
7 0.6162109375 0.6510416666666666 0.09375 0.03125
7 0.6162109375 0.6822916666666666 0.09375 0.020833333333333332
4 0.748046875 0.5625 0.109375 0.14583333333333334
0 0.748046875 0.5911458333333334 0.109375 0.203125
7 0.740234375 0.6510416666666666 0.09375 0.03125
7 0.740234375 0.6822916666666666 0.09375 0.020833333333333332
4 0.8720703125 0.5625 0.109375 0.14583333333333334
0 0.8720703125 0.5911458333333334 0.109375 0.203125
7 0.8642578125 0.6510416666666666 0.09375 0.03125
7 0.8642578125 0.6822916666666666 0.09375 0.020833333333333332
4 0.970703125 0.5625 0.05859375 0.14583333333333334
0 0.970703125 0.6041666666666666 0.05859375 0.22916666666666666
7 0.970703125 0.6640625 0.05859375 0.057291666666666664
7 0.970703125 0.7083333333333334 0.05859375 0.020833333333333332
7 0.5 0.7864583333333334 0.60546875 0.03125
4 0.251953125 0.890625 0.109375 0.14583333333333334
0 0.251953125 0.9088541666666666 0.109375 0.18229166666666666
7 0.244140625 0.9817708333333334 0.09375 0.036458333333333336
4 0.3759765625 0.890625 0.109375 0.14583333333333334
0 0.3759765625 0.9088541666666666 0.109375 0.18229166666666666
7 0.3681640625 0.9791666666666666 0.09375 0.03125
7 0.3681640625 1 0.09375 0
4 0.5 0.890625 0.109375 0.14583333333333334
0 0.5 0.9088541666666666 0.109375 0.18229166666666666
7 0.4921875 0.9817708333333334 0.09375 0.036458333333333336
4 0.6240234375 0.890625 0.109375 0.14583333333333334
0 0.6240234375 0.9088541666666666 0.109375 0.18229166666666666
7 0.6162109375 0.9791666666666666 0.09375 0.03125
7 0.6162109375 1 0.09375 0
4 0.748046875 0.890625 0.109375 0.14583333333333334
0 0.748046875 0.9088541666666666 0.109375 0.18229166666666666
7 0.740234375 0.9817708333333334 0.09375 0.036458333333333336
4 0.8720703125 0.890625 0.109375 0.14583333333333334
0 0.8720703125 0.9088541666666666 0.109375 0.18229166666666666
7 0.8642578125 0.9817708333333334 0.09375 0.036458333333333336
4 0.970703125 0.890625 0.05859375 0.14583333333333334
0 0.970703125 0.9088541666666666 0.05859375 0.18229166666666666
7 0.970703125 0.9817708333333334 0.05859375 0.036458333333333336