0 0.5 0.078125 0.255859375 0.06510416666666667
0 0.7470703125 0.078125 0.08984375 0.026041666666666668
0 0.84326171875 0.078125 0.1044921875 0.026041666666666668
0 0.9189453125 0.078125 0.048828125 0.026041666666666668
0 0.9638671875 0.078125 0.041015625 0.033854166666666664
3 0.5 0.2552083333333333 0.7109375 0.1171875
2 0.068359375 0.3828125 0.04296875 0.020833333333333332
2 0.1083984375 0.3828125 0.0390625 0.020833333333333332
7 0.048828125 0.4739583333333333 0.0390625 0.044270833333333336
6 0.18017578125 0.4739583333333333 0.2236328125 0.049479166666666664
6 0.1943359375 0.55859375 0.251953125 0.049479166666666664
6 0.1796875 0.6432291666666666 0.22265625 0.049479166666666664
6 0.193359375 0.7389322916666666 0.25 0.07161458333333333
3 0.17578125 0.8684895833333334 0.29296875 0.15364583333333334
6 0.18505859375 0.9811197916666666 0.2333984375 0.037760416666666664
2 0.412109375 0.3828125 0.025390625 0.020833333333333332
2 0.44482421875 0.3828125 0.0419921875 0.020833333333333332
6 0.42578125 0.4641927083333333 0.087890625 0.02734375
2 0.6416015625 0.580078125 0.51953125 0.20442708333333334
7 0.67626953125 0.69921875 0.5888671875 0.028645833333333332
7 0.3916015625 0.7311197916666666 0.01953125 0.016927083333333332
6 0.45703125 0.7311197916666666 0.11328125 0.016927083333333332
7 0.52880859375 0.7311197916666666 0.0322265625 0.016927083333333332
6 0.583984375 0.7311197916666666 0.080078125 0.016927083333333332
4 0.67626953125 0.8795572916666666 0.5888671875 0.24088541666666666
7 0.4296875 0.9453125 0.810546875 0.057291666666666664
0 0.89697265625 0.9453125 0.0791015625 0.046875
0 0.96728515625 0.9453125 0.0166015625 0.026041666666666668