7 0.029296875 0.057291666666666664 0.025390625 0.013020833333333334
0 0.029296875 0.041666666666666664 0.04296875 0.059895833333333336
4 0.5 0.041666666666666664 0.212890625 0.026041666666666668
0 0.5 0.041666666666666664 0.212890625 0.026041666666666668
7 0.90966796875 0.057291666666666664 0.0302734375 0.013020833333333334
0 0.91015625 0.041666666666666664 0.048828125 0.059895833333333336
7 0.962890625 0.057291666666666664 0.041015625 0.013020833333333334
0 0.962890625 0.041666666666666664 0.05859375 0.059895833333333336
4 0.06396484375 0.13411458333333334 0.0908203125 0.08072916666666667
0 0.1630859375 0.09375 0.326171875 0.020833333333333332
6 0.216796875 0.125 0.21484375 0.08333333333333333
4 0.39013671875 0.13411458333333334 0.0908203125 0.08072916666666667
0 0.4892578125 0.09375 0.326171875 0.020833333333333332
6 0.54296875 0.125 0.21484375 0.08333333333333333
4 0.71630859375 0.13411458333333334 0.0908203125 0.08072916666666667
0 0.8154296875 0.09375 0.326171875 0.020833333333333332
6 0.869140625 0.125 0.21484375 0.08333333333333333
4 0.99853515625 0.13411458333333334 0.0029296875 0.08072916666666667
0 0.9892578125 0.09375 0.021484375 0.020833333333333332
4 0.25390625 0.486328125 0.4609375 0.41015625
0 0.25390625 0.486328125 0.4609375 0.41015625
0 0.04833984375 0.7096354166666666 0.0498046875 0.036458333333333336
6 0.21923828125 0.7805989583333334 0.3916015625 0.09505208333333333
6 0.1943359375 0.8684895833333334 0.341796875 0.020833333333333332
7 0.033203125 0.9140625 0.01953125 0.018229166666666668
6 0.08544921875 0.9140625 0.0849609375 0.018229166666666668
4 0.60791015625 0.36328125 0.1845703125 0.1640625
0 0.60791015625 0.44921875 0.1845703125 0.3359375
0 0.7294921875 0.2994791666666667 0.029296875 0.036458333333333336
6 0.83251953125 0.3854166666666667 0.2353515625 0.12760416666666666
6 0.84521484375 0.5130208333333334 0.2607421875 0.07291666666666667
7 0.72509765625 0.5846354166666666 0.0205078125 0.018229166666666668
6 0.77783203125 0.5846354166666666 0.0869140625 0.018229166666666668
4 0.60791015625 0.7513020833333334 0.1845703125 0.1640625
0 0.60791015625 0.80859375 0.1845703125 0.2786458333333333
7 0.76611328125 0.6888020833333334 0.1025390625 0.0390625
6 0.841796875 0.7591145833333334 0.25390625 0.09375
6 0.84033203125 0.8567708333333334 0.2509765625 0.046875
7 0.767578125 0.9153645833333334 0.10546875 0.018229166666666668
4 0.60791015625 1 0.1845703125 0
0 0.60791015625 1 0.1845703125 0
0 0.74951171875 1 0.0693359375 0