7 0.3037109375 0.008463541666666666 0.509765625 0.016927083333333332
6 0.4609375 0.008463541666666666 0.087890625 0.016927083333333332
4 0.09716796875 0.0390625 0.1044921875 0.0546875
0 0.09716796875 0.0390625 0.1240234375 0.078125
7 0.828125 0.038411458333333336 0.115234375 0.024739583333333332
0 0.828125 0.0390625 0.14453125 0.078125
7 0.5 0.09114583333333333 0.404296875 0.0234375
4 0.5 0.3385416666666667 1 0.6510416666666666
4 0.5 0.3385416666666667 1 0.5208333333333334
2 0.5 0.224609375 0.91796875 0.14973958333333334
7 0.5 0.3307291666666667 0.7265625 0.033854166666666664
0 0.5 0.4010416666666667 0.15625 0.0625
7 0.44970703125 0.5494791666666666 0.5341796875 0.026041666666666668
0 0.7666015625 0.5514322916666666 0.1015625 0.029947916666666668
2 0.5 0.6510416666666666 0.91796875 0.052083333333333336
7 0.2744140625 0.7122395833333334 0.466796875 0.028645833333333332
4 0.26318359375 0.8860677083333334 0.3994140625 0.22786458333333334
4 0.57861328125 0.8059895833333334 0.0908203125 0.09114583333333333
0 0.5791015625 0.8509114583333334 0.12890625 0.024739583333333332
2 0.8154296875 0.7682291666666666 0.287109375 0.026041666666666668
2 0.7939453125 0.8079427083333334 0.244140625 0.055989583333333336
7 0.8154296875 0.8899739583333334 0.287109375 0.08203125
4 0.5791015625 0.9811197916666666 0.08203125 0.037760416666666664
2 0.8154296875 0.9700520833333334 0.287109375 0.026041666666666668
2 0.79833984375 0.9908854166666666 0.2529296875 0.018229166666666668