4 0.0341796875 0.04296875 0.0390625 0.052083333333333336
0 0.0341796875 0.047526041666666664 0.0390625 0.061197916666666664
4 0.08837890625 0.047526041666666664 0.0146484375 0.01953125
1 0.2197265625 0.047526041666666664 0.29296875 0.045572916666666664
6 0.40576171875 0.046875 0.0400390625 0.0234375
6 0.46142578125 0.046875 0.0341796875 0.0234375
6 0.52294921875 0.046875 0.0517578125 0.0234375
6 0.58935546875 0.046875 0.0419921875 0.0234375
6 0.64404296875 0.046875 0.0322265625 0.0234375
4 0.68701171875 0.048177083333333336 0.0146484375 0.005208333333333333
7 0.87646484375 0.047526041666666664 0.0380859375 0.022135416666666668
0 0.87646484375 0.047526041666666664 0.0654296875 0.040364583333333336
7 0.94970703125 0.047526041666666664 0.0458984375 0.022135416666666668
0 0.94970703125 0.047526041666666664 0.0732421875 0.040364583333333336
7 0.5 0.13671875 0.970703125 0.020833333333333332
4 0.048828125 0.20572916666666666 0.029296875 0.0390625
0 0.0537109375 0.20572916666666666 0.0390625 0.0390625
7 0.10791015625 0.205078125 0.0693359375 0.01953125
0 0.10791015625 0.20572916666666666 0.0693359375 0.026041666666666668
7 0.25341796875 0.20572916666666666 0.2041015625 0.026041666666666668
7 0.95556640625 0.205078125 0.0224609375 0.01953125
7 0.458984375 0.2799479166666667 0.849609375 0.08333333333333333
0 0.458984375 0.2799479166666667 0.849609375 0.08333333333333333
7 0.458984375 0.3932291666666667 0.849609375 0.1171875
0 0.458984375 0.3932291666666667 0.849609375 0.1171875
4 0.9345703125 0.283203125 0.015625 0.01953125
0 0.9345703125 0.2936197916666667 0.0625 0.09765625
7 0.9345703125 0.3033854166666667 0.013671875 0.020833333333333332
4 0.048828125 0.5084635416666666 0.01171875 0.014322916666666666
0 0.056640625 0.5078125 0.044921875 0.03125
7 0.06396484375 0.5078125 0.0126953125 0.020833333333333332
4 0.10302734375 0.50390625 0.0107421875 0.013020833333333334
7 0.12841796875 0.5052083333333334 0.0419921875 0.015625
7 0.04296875 0.609375 0.056640625 0.041666666666666664
6 0.896484375 0.609375 0.052734375 0.015625
6 0.9560546875 0.609375 0.046875 0.015625
4 0.0732421875 0.7213541666666666 0.078125 0.10416666666666667
0 0.5 0.7220052083333334 0.970703125 0.15755208333333334
2 0.5029296875 0.6848958333333334 0.76171875 0.03125
6 0.5029296875 0.7135416666666666 0.76171875 0.026041666666666668
4 0.9345703125 0.7044270833333334 0.015625 0.020833333333333332
0 0.9345703125 0.7174479166666666 0.0625 0.09635416666666667
7 0.9345703125 0.7272135416666666 0.021484375 0.02734375
4 0.146484375 0.759765625 0.01171875 0.014322916666666666
0 0.154296875 0.7591145833333334 0.044921875 0.03125
7 0.16162109375 0.7591145833333334 0.0126953125 0.020833333333333332
7 0.2138671875 0.7591145833333334 0.056640625 0.020833333333333332
0 0.2138671875 0.7591145833333334 0.056640625 0.020833333333333332
4 0.0732421875 0.87890625 0.078125 0.10416666666666667
0 0.5 0.8795572916666666 0.970703125 0.15755208333333334
2 0.5029296875 0.8424479166666666 0.76171875 0.03125
6 0.5029296875 0.87109375 0.76171875 0.026041666666666668
4 0.9345703125 0.8619791666666666 0.015625 0.020833333333333332
0 0.9345703125 0.875 0.0625 0.09635416666666667
7 0.9345703125 0.884765625 0.021484375 0.02734375
4 0.146484375 0.9173177083333334 0.01171875 0.014322916666666666
0 0.1572265625 0.9166666666666666 0.05078125 0.03125
7 0.16455078125 0.9166666666666666 0.0185546875 0.020833333333333332
7 0.21337890625 0.9166666666666666 0.0439453125 0.020833333333333332
0 0.21337890625 0.9166666666666666 0.0439453125 0.020833333333333332
4 0.0732421875 0.9921875 0.078125 0.015625
0 0.5 0.9791666666666666 0.970703125 0.041666666666666664
2 0.5029296875 0.9921875 0.76171875 0.015625
0 0.9345703125 0.9921875 0.0625 0.015625
4 0.951171875 0.9348958333333334 0.02734375 0.041666666666666664
0 0.951171875 0.9348958333333334 0.05859375 0.078125