4 0.0595703125 0.036458333333333336 0.119140625 0.03125
2 0.28466796875 0.036458333333333336 0.3076171875 0.018229166666666668
6 0.5859375 0.03515625 0.126953125 0.0234375
6 0.69580078125 0.03515625 0.0634765625 0.0234375
6 0.767578125 0.035807291666666664 0.05078125 0.02734375
1 0.90869140625 0.036458333333333336 0.1826171875 0.0390625
6 0.04443359375 0.08203125 0.0888671875 0.018229166666666668
6 0.14013671875 0.08203125 0.0634765625 0.018229166666666668
6 0.19970703125 0.08268229166666667 0.0166015625 0.02734375
6 0.1533203125 0.13346354166666666 0.025390625 0.02734375
6 0.2236328125 0.13346354166666666 0.076171875 0.02734375
6 0.306640625 0.13346354166666666 0.05078125 0.02734375
6 0.37060546875 0.13346354166666666 0.0380859375 0.02734375
6 0.4345703125 0.13346354166666666 0.05078125 0.02734375
6 0.517578125 0.13346354166666666 0.076171875 0.02734375
6 0.61328125 0.13346354166666666 0.076171875 0.02734375
6 0.71533203125 0.13346354166666666 0.0888671875 0.02734375
6 0.8046875 0.13346354166666666 0.05078125 0.02734375
6 0.86865234375 0.13346354166666666 0.0380859375 0.02734375
6 0.9326171875 0.13346354166666666 0.05078125 0.02734375
4 0.244140625 0.22265625 0.15234375 0.049479166666666664
7 0.244140625 0.22265625 0.15234375 0.049479166666666664
7 0.396484375 0.22265625 0.15234375 0.049479166666666664
7 0.548828125 0.22265625 0.15234375 0.049479166666666664
7 0.701171875 0.22265625 0.15234375 0.049479166666666664
7 0.853515625 0.22265625 0.15234375 0.049479166666666664
0 0.99560546875 0.22265625 0.0087890625 0.049479166666666664
7 0.013671875 0.2838541666666667 0.0234375 0.03125
0 0.09033203125 0.4205729166666667 0.1767578125 0.3046875
4 0.09033203125 0.3470052083333333 0.1767578125 0.15755208333333334
6 0.09033203125 0.4576822916666667 0.1572265625 0.08463541666666667
6 0.09033203125 0.5123697916666666 0.1572265625 0.01953125
6 0.09033203125 0.5338541666666666 0.1572265625 0.018229166666666668
6 0.09033203125 0.5559895833333334 0.1572265625 0.015625
7 0.09033203125 0.5110677083333334 0.1572265625 0.01953125
6 0.09423828125 0.533203125 0.1650390625 0.02734375
7 0.09033203125 0.5559895833333334 0.1572265625 0.015625
7 0.197265625 0.2838541666666667 0.0234375 0.03125
0 0.27392578125 0.4205729166666667 0.1767578125 0.3046875
4 0.27392578125 0.3470052083333333 0.1767578125 0.15755208333333334
6 0.27392578125 0.4576822916666667 0.1572265625 0.08463541666666667
6 0.27392578125 0.5123697916666666 0.1572265625 0.01953125
6 0.27392578125 0.5338541666666666 0.1572265625 0.018229166666666668
6 0.27392578125 0.5559895833333334 0.1572265625 0.015625
7 0.27392578125 0.5110677083333334 0.1572265625 0.01953125
6 0.240234375 0.533203125 0.08984375 0.02734375
7 0.27392578125 0.5559895833333334 0.1572265625 0.015625
7 0.380859375 0.2838541666666667 0.0234375 0.03125
0 0.45751953125 0.4205729166666667 0.1767578125 0.3046875
4 0.45751953125 0.3470052083333333 0.1767578125 0.15755208333333334
6 0.45751953125 0.4576822916666667 0.1572265625 0.08463541666666667
6 0.45751953125 0.5123697916666666 0.1572265625 0.01953125
6 0.45751953125 0.5338541666666666 0.1572265625 0.018229166666666668
6 0.45751953125 0.5559895833333334 0.1572265625 0.015625
7 0.45751953125 0.5110677083333334 0.1572265625 0.01953125
6 0.4423828125 0.533203125 0.126953125 0.02734375
7 0.45751953125 0.5559895833333334 0.1572265625 0.015625
7 0.564453125 0.2838541666666667 0.0234375 0.03125
0 0.64111328125 0.4205729166666667 0.1767578125 0.3046875
4 0.64111328125 0.3470052083333333 0.1767578125 0.15755208333333334
6 0.64111328125 0.4576822916666667 0.1572265625 0.08463541666666667
6 0.64111328125 0.5123697916666666 0.1572265625 0.01953125
6 0.64111328125 0.5338541666666666 0.1572265625 0.018229166666666668
6 0.64111328125 0.5559895833333334 0.1572265625 0.015625
7 0.64111328125 0.5110677083333334 0.1572265625 0.01953125
6 0.61962890625 0.533203125 0.1142578125 0.02734375
7 0.64111328125 0.5559895833333334 0.1572265625 0.015625
7 0.748046875 0.2838541666666667 0.0234375 0.03125
0 0.82470703125 0.4205729166666667 0.1767578125 0.3046875
4 0.82470703125 0.3470052083333333 0.1767578125 0.15755208333333334
6 0.82470703125 0.4576822916666667 0.1572265625 0.08463541666666667
6 0.82470703125 0.5123697916666666 0.1572265625 0.01953125
6 0.82470703125 0.5338541666666666 0.1572265625 0.018229166666666668
6 0.82470703125 0.5559895833333334 0.1572265625 0.015625
7 0.82470703125 0.5110677083333334 0.1572265625 0.01953125
6 0.80322265625 0.533203125 0.1142578125 0.02734375
7 0.82470703125 0.5559895833333334 0.1572265625 0.015625
7 0.931640625 0.2838541666666667 0.0234375 0.03125
0 0.9599609375 0.4205729166666667 0.080078125 0.3046875
4 0.9599609375 0.3470052083333333 0.080078125 0.15755208333333334
6 0.96484375 0.4576822916666667 0.0703125 0.08463541666666667
6 0.96484375 0.5123697916666666 0.0703125 0.01953125
6 0.96484375 0.5338541666666666 0.0703125 0.018229166666666668
6 0.96484375 0.5559895833333334 0.0703125 0.015625
7 0.96484375 0.5110677083333334 0.0703125 0.01953125
6 0.96484375 0.533203125 0.0703125 0.02734375
7 0.96484375 0.5559895833333334 0.0703125 0.015625
2 0.3798828125 0.6686197916666666 0.759765625 0.03515625
2 0.12939453125 0.76171875 0.2587890625 0.0859375
0 0.185546875 0.78515625 0.37109375 0.1328125
6 0.12939453125 0.818359375 0.2587890625 0.01953125
7 0.12939453125 0.83984375 0.2587890625 0.0234375
4 0.322265625 0.7623697916666666 0.09765625 0.08723958333333333
0 0.08203125 0.8411458333333334 0.1640625 0.0234375
2 0.51806640625 0.76171875 0.2587890625 0.0859375
0 0.57421875 0.78515625 0.37109375 0.1328125
6 0.51806640625 0.818359375 0.2587890625 0.01953125
7 0.51806640625 0.83984375 0.2587890625 0.0234375
4 0.7109375 0.7623697916666666 0.09765625 0.08723958333333333
0 0.44140625 0.8411458333333334 0.10546875 0.0234375
2 0.12939453125 0.9322916666666666 0.2587890625 0.0859375
0 0.185546875 0.9446614583333334 0.37109375 0.11067708333333333
6 0.12939453125 0.9889322916666666 0.2587890625 0.01953125
7 0.12939453125 0.9993489583333334 0.2587890625 0.0013020833333333333
4 0.322265625 0.9329427083333334 0.09765625 0.08723958333333333
0 0.064453125 1 0.12890625 0
2 0.51806640625 0.9322916666666666 0.2587890625 0.0859375
0 0.57421875 0.9446614583333334 0.37109375 0.11067708333333333
6 0.51806640625 0.9889322916666666 0.2587890625 0.01953125
7 0.51806640625 0.9993489583333334 0.2587890625 0.0013020833333333333
4 0.7109375 0.9329427083333334 0.09765625 0.08723958333333333
0 0.44921875 1 0.12109375 0
2 0.91552734375 0.6822916666666666 0.1689453125 0.03125
0 0.89892578125 0.8255208333333334 0.2021484375 0.3489583333333333
2 0.9306640625 0.7135416666666666 0.138671875 0.03125
4 0.84228515625 0.7766927083333334 0.0537109375 0.053385416666666664
6 0.9345703125 0.7604166666666666 0.130859375 0.020833333333333332
6 0.9345703125 0.7864583333333334 0.130859375 0.033854166666666664
4 0.84228515625 0.8561197916666666 0.0537109375 0.053385416666666664
6 0.9345703125 0.83984375 0.130859375 0.020833333333333332
6 0.9345703125 0.8658854166666666 0.130859375 0.033854166666666664
4 0.84228515625 0.935546875 0.0537109375 0.053385416666666664
6 0.90673828125 0.9192708333333334 0.0751953125 0.020833333333333332
6 0.90673828125 0.9453125 0.0751953125 0.033854166666666664
4 0.84228515625 0.9967447916666666 0.0537109375 0.006510416666666667
6 0.9345703125 0.994140625 0.130859375 0.01171875