2 0.1279296875 0.044270833333333336 0.1640625 0.046875
0 0.3291015625 0.045572916666666664 0.140625 0.0546875
0 0.48046875 0.045572916666666664 0.0859375 0.0546875
0 0.60791015625 0.045572916666666664 0.0927734375 0.0546875
0 0.72509765625 0.045572916666666664 0.0654296875 0.0546875
0 0.85986328125 0.045572916666666664 0.0283203125 0.0390625
0 0.9443359375 0.044270833333333336 0.01953125 0.0390625
4 0.5 0.322265625 0.908203125 0.46484375
2 0.26318359375 0.45703125 0.2744140625 0.109375
2 0.49853515625 0.4303385416666667 0.1025390625 0.029947916666666668
2 0.7421875 0.4303385416666667 0.10546875 0.05859375
2 0.5361328125 0.5006510416666666 0.177734375 0.029947916666666668
2 0.74267578125 0.5006510416666666 0.1064453125 0.05859375
2 0.18408203125 0.6087239583333334 0.1826171875 0.04296875
4 0.423828125 0.6126302083333334 0.017578125 0.024739583333333332
7 0.46435546875 0.6126302083333334 0.0634765625 0.022135416666666668
7 0.5478515625 0.6126302083333334 0.103515625 0.022135416666666668
0 0.14208984375 0.6647135416666666 0.0986328125 0.06640625
1 0.39501953125 0.6647135416666666 0.4091796875 0.06640625
2 0.7509765625 0.6087239583333334 0.150390625 0.037760416666666664
0 0.76416015625 0.6647135416666666 0.1767578125 0.06640625
7 0.873046875 0.6634114583333334 0.017578125 0.024739583333333332
6 0.90087890625 0.6634114583333334 0.0380859375 0.024739583333333332
2 0.1787109375 0.8717447916666666 0.265625 0.2565104166666667
4 0.1162109375 0.91015625 0.140625 0.1796875
2 0.23388671875 0.9088541666666666 0.0478515625 0.18229166666666666
2 0.3974609375 0.8834635416666666 0.375 0.07682291666666667
7 0.21826171875 0.931640625 0.0166015625 0.022135416666666668
6 0.2626953125 0.931640625 0.072265625 0.022135416666666668
7 0.353515625 0.931640625 0.109375 0.022135416666666668
6 0.47021484375 0.931640625 0.1240234375 0.022135416666666668
7 0.4208984375 0.9765625 0.421875 0.046875
2 0.8076171875 0.7623697916666666 0.29296875 0.037760416666666664
4 0.69775390625 0.8697916666666666 0.0732421875 0.09895833333333333
7 0.85205078125 0.8671875 0.2041015625 0.08333333333333333
0 0.8076171875 0.8697916666666666 0.29296875 0.09895833333333333
4 0.69775390625 0.9720052083333334 0.0732421875 0.055989583333333336
7 0.85205078125 0.9817708333333334 0.2041015625 0.036458333333333336
0 0.8076171875 0.9720052083333334 0.29296875 0.055989583333333336