4 0.5 0.052083333333333336 1 0.10416666666666667
7 0.93408203125 0.15755208333333334 0.0048828125 0.020833333333333332
0 0.95458984375 0.15755208333333334 0.0380859375 0.020833333333333332
7 0.97509765625 0.15755208333333334 0.0048828125 0.020833333333333332
7 0.35302734375 0.23567708333333334 0.1591796875 0.049479166666666664
7 0.4482421875 0.23567708333333334 0.03515625 0.049479166666666664
7 0.5302734375 0.23567708333333334 0.130859375 0.049479166666666664
7 0.32080078125 0.2805989583333333 0.1201171875 0.02734375
6 0.39697265625 0.2805989583333333 0.0341796875 0.02734375
7 0.43212890625 0.2805989583333333 0.0400390625 0.02734375
6 0.5283203125 0.2805989583333333 0.15234375 0.02734375
7 0.60546875 0.2805989583333333 0.005859375 0.02734375
7 0.74853515625 0.216796875 0.0615234375 0.022135416666666668
7 0.81494140625 0.216796875 0.0732421875 0.022135416666666668
6 0.88037109375 0.216796875 0.0615234375 0.022135416666666668
7 0.7666015625 0.24544270833333334 0.03515625 0.022135416666666668
7 0.8310546875 0.24544270833333334 0.095703125 0.022135416666666668
6 0.7177734375 0.283203125 0.03515625 0.022135416666666668
6 0.765625 0.283203125 0.037109375 0.022135416666666668
6 0.82666015625 0.283203125 0.0634765625 0.022135416666666668
6 0.89453125 0.283203125 0.052734375 0.022135416666666668
6 0.81494140625 0.3118489583333333 0.0439453125 0.022135416666666668
7 0.24365234375 0.4016927083333333 0.0244140625 0.01953125
7 0.330078125 0.4016927083333333 0.056640625 0.01953125
7 0.41552734375 0.4016927083333333 0.0419921875 0.01953125
7 0.501953125 0.4016927083333333 0.046875 0.01953125
7 0.5869140625 0.4016927083333333 0.0546875 0.01953125
7 0.673828125 0.4016927083333333 0.04296875 0.01953125
7 0.7587890625 0.4016927083333333 0.064453125 0.01953125
7 0.84521484375 0.4016927083333333 0.0595703125 0.01953125
7 0.9306640625 0.4016927083333333 0.060546875 0.01953125
7 0.326171875 0.4772135416666667 0.20703125 0.037760416666666664
7 0.72216796875 0.4772135416666667 0.1572265625 0.037760416666666664
4 0.5322265625 0.5983072916666666 0.146484375 0.11328125
6 0.23095703125 0.556640625 0.0458984375 0.022135416666666668
7 0.296875 0.556640625 0.0859375 0.022135416666666668
7 0.32470703125 0.5709635416666666 0.2333984375 0.05078125
7 0.30224609375 0.5852864583333334 0.0498046875 0.022135416666666668
6 0.29541015625 0.599609375 0.1748046875 0.05078125
6 0.3154296875 0.6139322916666666 0.04296875 0.022135416666666668
7 0.3779296875 0.6139322916666666 0.083984375 0.022135416666666668
6 0.26123046875 0.642578125 0.1064453125 0.022135416666666668
7 0.32177734375 0.6569010416666666 0.2275390625 0.05078125
6 0.32763671875 0.6712239583333334 0.0966796875 0.022135416666666668
7 0.3193359375 0.685546875 0.22265625 0.05078125
6 0.32470703125 0.6998697916666666 0.1005859375 0.022135416666666668
7 0.42578125 0.6998697916666666 0.1015625 0.022135416666666668
6 0.50830078125 0.6998697916666666 0.0673828125 0.022135416666666668
7 0.54638671875 0.6998697916666666 0.0087890625 0.022135416666666668
6 0.56884765625 0.6998697916666666 0.0380859375 0.022135416666666668
7 0.59326171875 0.6998697916666666 0.0126953125 0.022135416666666668
6 0.25146484375 0.728515625 0.0869140625 0.022135416666666668
7 0.3349609375 0.728515625 0.08203125 0.022135416666666668
6 0.4248046875 0.728515625 0.099609375 0.022135416666666668
7 0.39794921875 0.7428385416666666 0.3798828125 0.05078125
6 0.47998046875 0.7571614583333334 0.1396484375 0.022135416666666668
7 0.38671875 0.771484375 0.357421875 0.05078125
6 0.43994140625 0.7858072916666666 0.0576171875 0.022135416666666668
7 0.52392578125 0.7858072916666666 0.1123046875 0.022135416666666668
6 0.40576171875 0.8001302083333334 0.3955078125 0.05078125
7 0.3828125 0.8287760416666666 0.349609375 0.05078125
6 0.40771484375 0.857421875 0.3994140625 0.05078125
7 0.37451171875 0.8717447916666666 0.0283203125 0.022135416666666668
6 0.36572265625 0.8860677083333334 0.3154296875 0.05078125
7 0.42431640625 0.900390625 0.2783203125 0.022135416666666668
6 0.23193359375 0.9290364583333334 0.0478515625 0.022135416666666668
7 0.26953125 0.9290364583333334 0.02734375 0.022135416666666668
6 0.33740234375 0.9290364583333334 0.1103515625 0.022135416666666668
7 0.40478515625 0.943359375 0.3935546875 0.05078125
6 0.3720703125 0.9576822916666666 0.119140625 0.022135416666666668
7 0.43896484375 0.9576822916666666 0.0166015625 0.022135416666666668
6 0.45654296875 0.9576822916666666 0.0224609375 0.022135416666666668
7 0.4794921875 0.9576822916666666 0.0234375 0.022135416666666668
6 0.53515625 0.9576822916666666 0.091796875 0.022135416666666668
7 0.396484375 0.9720052083333334 0.376953125 0.05078125
6 0.4892578125 0.986328125 0.03515625 0.022135416666666668
7 0.50830078125 0.986328125 0.0048828125 0.022135416666666668
6 0.79638671875 0.5592447916666666 0.1513671875 0.022135416666666668
6 0.66552734375 0.5846354166666666 0.0400390625 0.018229166666666668
6 0.7080078125 0.5846354166666666 0.02734375 0.018229166666666668
6 0.759765625 0.5846354166666666 0.060546875 0.018229166666666668
6 0.82666015625 0.5846354166666666 0.0556640625 0.018229166666666668
7 0.857421875 0.5846354166666666 0.0078125 0.018229166666666668
6 0.8740234375 0.5846354166666666 0.025390625 0.018229166666666668
7 0.88818359375 0.5846354166666666 0.0048828125 0.018229166666666668
6 0.919921875 0.5846354166666666 0.04296875 0.018229166666666668
6 0.73291015625 0.6080729166666666 0.0478515625 0.018229166666666668
6 0.8056640625 0.6080729166666666 0.08203125 0.018229166666666668
6 0.8701171875 0.6080729166666666 0.03125 0.018229166666666668
4 0.8916015625 0.6985677083333334 0.146484375 0.13151041666666666
7 0.68017578125 0.6477864583333334 0.0595703125 0.022135416666666668
6 0.736328125 0.6477864583333334 0.0546875 0.022135416666666668
7 0.771484375 0.6477864583333334 0.01953125 0.022135416666666668
6 0.6953125 0.6764322916666666 0.08984375 0.022135416666666668
7 0.72119140625 0.705078125 0.1416015625 0.07942708333333333
6 0.72509765625 0.7337239583333334 0.0556640625 0.022135416666666668
7 0.6533203125 0.7623697916666666 0.005859375 0.022135416666666668
7 0.68017578125 0.7623697916666666 0.0498046875 0.022135416666666668
7 0.74853515625 0.7766927083333334 0.1962890625 0.05078125
6 0.71044921875 0.822265625 0.1201171875 0.022135416666666668
7 0.78173828125 0.822265625 0.0263671875 0.022135416666666668
6 0.84130859375 0.822265625 0.0927734375 0.022135416666666668
7 0.80615234375 0.8509114583333334 0.3115234375 0.07942708333333333
7 0.79638671875 0.9095052083333334 0.2919921875 0.022135416666666668
6 0.69140625 0.9381510416666666 0.08203125 0.022135416666666668
7 0.7880859375 0.9381510416666666 0.115234375 0.022135416666666668
6 0.79736328125 0.9524739583333334 0.2939453125 0.05078125
7 0.75927734375 0.966796875 0.0048828125 0.022135416666666668
7 0.79150390625 0.9928385416666666 0.2822265625 0.014322916666666666
2 0.0625 0.5052083333333334 0.125 0.9895833333333334
7 0.65771484375 0.020833333333333332 0.1025390625 0.026041666666666668
6 0.74462890625 0.024739583333333332 0.0556640625 0.018229166666666668
6 0.8154296875 0.024739583333333332 0.072265625 0.018229166666666668
6 0.90185546875 0.024739583333333332 0.0849609375 0.018229166666666668
6 0.96826171875 0.024739583333333332 0.0322265625 0.018229166666666668
0 0.22607421875 0.078125 0.1064453125 0.052083333333333336
0 0.31591796875 0.078125 0.0751953125 0.052083333333333336
0 0.56591796875 0.078125 0.0341796875 0.052083333333333336
0 0.63671875 0.078125 0.109375 0.052083333333333336
0 0.73388671875 0.078125 0.0869140625 0.052083333333333336
1 0.884765625 0.08072916666666667 0.201171875 0.036458333333333336
1 0.9716796875 0.08072916666666667 0.0234375 0.033854166666666664
1 0.9716796875 0.08072916666666667 0.0234375 0.033854166666666664
4 0.0859375 0.10416666666666667 0.15625 0.20833333333333334
6 0.06884765625 0.251953125 0.0849609375 0.01953125
6 0.0810546875 0.2766927083333333 0.109375 0.01953125
6 0.0654296875 0.3014322916666667 0.078125 0.01953125
6 0.0546875 0.326171875 0.056640625 0.01953125
6 0.0693359375 0.3509114583333333 0.0859375 0.01953125
6 0.04541015625 0.3756510416666667 0.0380859375 0.01953125
6 0.07080078125 0.400390625 0.0888671875 0.01953125
6 0.0732421875 0.4251302083333333 0.09375 0.01953125
2 0.0908203125 0.4694010416666667 0.12890625 0.01953125
6 0.05908203125 0.5006510416666666 0.0654296875 0.01953125
6 0.0419921875 0.525390625 0.03125 0.01953125
6 0.07080078125 0.5501302083333334 0.0888671875 0.01953125
6 0.07421875 0.5748697916666666 0.095703125 0.01953125
6 0.078125 0.599609375 0.103515625 0.01953125
6 0.05908203125 0.6243489583333334 0.0654296875 0.01953125
6 0.05908203125 0.6490885416666666 0.0654296875 0.01953125
6 0.0654296875 0.673828125 0.078125 0.01953125
6 0.04736328125 0.6985677083333334 0.0419921875 0.01953125
6 0.05322265625 0.7233072916666666 0.0537109375 0.01953125
2 0.0908203125 0.767578125 0.12890625 0.01953125
6 0.08251953125 0.798828125 0.1123046875 0.01953125
6 0.05419921875 0.8235677083333334 0.0556640625 0.01953125
6 0.05322265625 0.8483072916666666 0.0537109375 0.01953125
6 0.05810546875 0.873046875 0.0634765625 0.01953125
6 0.0517578125 0.8977864583333334 0.05078125 0.01953125
6 0.04931640625 0.9225260416666666 0.0458984375 0.01953125
6 0.05419921875 0.947265625 0.0556640625 0.01953125
6 0.05810546875 0.9720052083333334 0.0634765625 0.01953125
6 0.052734375 0.9934895833333334 0.052734375 0.013020833333333334