7 0.4853515625 0.8567708333333334 0.34765625 0.059895833333333336
6 0.45166015625 0.873046875 0.1552734375 0.02734375
7 0.53173828125 0.873046875 0.0048828125 0.02734375
0 0.38037109375 0.9290364583333334 0.1376953125 0.032552083333333336
0 0.5361328125 0.9296875 0.17578125 0.0390625
4 0.09423828125 0.059895833333333336 0.1416015625 0.049479166666666664
0 0.09423828125 0.059895833333333336 0.1416015625 0.049479166666666664
7 0.26806640625 0.059244791666666664 0.0693359375 0.02734375
4 0.31787109375 0.057942708333333336 0.0126953125 0.016927083333333332
7 0.392578125 0.059244791666666664 0.083984375 0.02734375
4 0.44970703125 0.057942708333333336 0.0126953125 0.016927083333333332
6 0.54736328125 0.059244791666666664 0.1298828125 0.02734375
6 0.65576171875 0.059244791666666664 0.0341796875 0.02734375
7 0.7265625 0.059244791666666664 0.0546875 0.02734375
4 0.76904296875 0.057942708333333336 0.0126953125 0.016927083333333332
6 0.84033203125 0.059244791666666664 0.0517578125 0.02734375
0 0.9326171875 0.059895833333333336 0.087890625 0.057291666666666664
0 0.9326171875 0.059244791666666664 0.087890625 0.02734375
2 0.224609375 0.3046875 0.361328125 0.203125
7 0.2265625 0.5104166666666666 0.365234375 0.14583333333333334
0 0.142578125 0.6536458333333334 0.197265625 0.057291666666666664
0 0.142578125 0.6529947916666666 0.197265625 0.02734375
0 0.32275390625 0.6536458333333334 0.1337890625 0.057291666666666664
0 0.32275390625 0.6529947916666666 0.1337890625 0.02734375
0 0.56787109375 0.23111979166666666 0.2587890625 0.055989583333333336
0 0.82666015625 0.23111979166666666 0.2587890625 0.055989583333333336
2 0.697265625 0.3111979166666667 0.486328125 0.036458333333333336
0 0.4892578125 0.3684895833333333 0.0703125 0.057291666666666664
0 0.55859375 0.3684895833333333 0.0703125 0.057291666666666664
0 0.6279296875 0.3684895833333333 0.0703125 0.057291666666666664
0 0.697265625 0.3684895833333333 0.0703125 0.057291666666666664
0 0.7666015625 0.3684895833333333 0.0703125 0.057291666666666664
0 0.8359375 0.3684895833333333 0.0703125 0.057291666666666664
0 0.9052734375 0.3684895833333333 0.0703125 0.057291666666666664
7 0.568359375 0.4440104166666667 0.130859375 0.020833333333333332
7 0.68359375 0.4440104166666667 0.099609375 0.020833333333333332
7 0.7412109375 0.4440104166666667 0.017578125 0.020833333333333332
7 0.79052734375 0.4440104166666667 0.0830078125 0.020833333333333332
7 0.84375 0.4440104166666667 0.025390625 0.020833333333333332
7 0.5556640625 0.4739583333333333 0.07421875 0.020833333333333332
7 0.60986328125 0.4739583333333333 0.0341796875 0.020833333333333332
7 0.6796875 0.4739583333333333 0.107421875 0.020833333333333332
7 0.7216796875 0.5045572916666666 0.4375 0.029947916666666668
2 0.697265625 0.6028645833333334 0.486328125 0.036458333333333336
0 0.51513671875 0.66015625 0.1220703125 0.057291666666666664
0 0.63623046875 0.66015625 0.1220703125 0.057291666666666664
0 0.75830078125 0.66015625 0.1220703125 0.057291666666666664
0 0.87939453125 0.66015625 0.1220703125 0.057291666666666664
7 0.51513671875 0.7356770833333334 0.0244140625 0.020833333333333332
7 0.642578125 0.7356770833333334 0.23046875 0.020833333333333332
7 0.806640625 0.7356770833333334 0.099609375 0.020833333333333332
7 0.8642578125 0.7356770833333334 0.017578125 0.020833333333333332
7 0.55615234375 0.765625 0.1064453125 0.020833333333333332
7 0.65087890625 0.765625 0.0830078125 0.020833333333333332
7 0.7001953125 0.765625 0.017578125 0.020833333333333332
7 0.7412109375 0.765625 0.06640625 0.020833333333333332
7 0.7783203125 0.765625 0.009765625 0.020833333333333332
7 0.7978515625 0.765625 0.033203125 0.020833333333333332
7 0.8232421875 0.765625 0.017578125 0.020833333333333332
7 0.8359375 0.765625 0.009765625 0.020833333333333332
7 0.53564453125 0.7955729166666666 0.0654296875 0.020833333333333332
7 0.70849609375 0.7955729166666666 0.2802734375 0.020833333333333332
7 0.9169921875 0.7955729166666666 0.140625 0.020833333333333332
7 0.7216796875 0.826171875 0.4375 0.029947916666666668
0 0.51220703125 0.9075520833333334 0.1162109375 0.057291666666666664
0 0.51220703125 0.9069010416666666 0.1162109375 0.02734375