7 0.0615234375 0.044921875 0.037109375 0.022135416666666668
0 0.0615234375 0.044921875 0.060546875 0.08984375
7 0.1201171875 0.044921875 0.02734375 0.022135416666666668
0 0.1201171875 0.044921875 0.05078125 0.08984375
2 0.4697265625 0.16927083333333334 0.876953125 0.0703125
4 0.353515625 0.5553385416666666 0.625 0.5559895833333334
2 0.26416015625 0.9427083333333334 0.3681640625 0.11458333333333333
2 0.8125 0.34765625 0.21484375 0.036458333333333336
6 0.7978515625 0.4309895833333333 0.185546875 0.059895833333333336
7 0.8037109375 0.4479166666666667 0.09375 0.026041666666666668
6 0.80126953125 0.5143229166666666 0.1923828125 0.026041666666666668
7 0.751953125 0.5481770833333334 0.09375 0.026041666666666668
6 0.7890625 0.6315104166666666 0.16796875 0.059895833333333336
7 0.79931640625 0.6484375 0.0849609375 0.026041666666666668
6 0.80078125 0.7317708333333334 0.19140625 0.059895833333333336
7 0.79931640625 0.7486979166666666 0.0849609375 0.026041666666666668
6 0.7998046875 0.83203125 0.189453125 0.059895833333333336
7 0.798828125 0.8658854166666666 0.1875 0.059895833333333336