4 0.0234375 0.034505208333333336 0.01171875 0.016927083333333332
4 0.0595703125 0.035807291666666664 0.013671875 0.01953125
0 0.0927734375 0.035807291666666664 0.103515625 0.07161458333333333
6 0.17919921875 0.035807291666666664 0.0458984375 0.07161458333333333
6 0.265625 0.035807291666666664 0.080078125 0.07161458333333333
4 0.5 0.035807291666666664 0.138671875 0.029947916666666668
0 0.5 0.035807291666666664 0.138671875 0.029947916666666668
6 0.68310546875 0.035807291666666664 0.0654296875 0.07161458333333333
6 0.7626953125 0.035807291666666664 0.046875 0.07161458333333333
7 0.87744140625 0.035807291666666664 0.1357421875 0.037760416666666664
0 0.87744140625 0.035807291666666664 0.1591796875 0.07161458333333333
4 0.9755859375 0.035807291666666664 0.013671875 0.01953125
4 0.32373046875 0.298828125 0.3916015625 0.34765625
0 0.32373046875 0.298828125 0.3916015625 0.34765625
2 0.32373046875 0.544921875 0.5498046875 0.055989583333333336
0 0.32373046875 0.6256510416666666 0.5498046875 0.21744791666666666
6 0.32373046875 0.666015625 0.5498046875 0.13671875
7 0.2255859375 0.7877604166666666 0.013671875 0.028645833333333332
0 0.32373046875 0.7884114583333334 0.5498046875 0.05859375
7 0.32373046875 0.7877604166666666 0.1845703125 0.028645833333333332
7 0.421875 0.7877604166666666 0.013671875 0.028645833333333332
0 0.181640625 0.865234375 0.265625 0.05859375
7 0.46630859375 0.8645833333333334 0.0771484375 0.028645833333333332
0 0.4658203125 0.865234375 0.265625 0.05859375
4 0.32373046875 0.97265625 0.5498046875 0.0546875
2 0.77587890625 0.18489583333333334 0.1572265625 0.020833333333333332
4 0.82421875 0.361328125 0.25390625 0.19140625
0 0.82421875 0.4010416666666667 0.25390625 0.2708333333333333
2 0.82421875 0.4876302083333333 0.25390625 0.04296875
7 0.71630859375 0.5247395833333334 0.0380859375 0.0234375
4 0.82421875 0.68359375 0.25390625 0.19270833333333334
0 0.82421875 0.7337239583333334 0.25390625 0.29296875
2 0.82421875 0.8209635416666666 0.25390625 0.06380208333333333
7 0.71630859375 0.8684895833333334 0.0380859375 0.0234375
4 0.82421875 0.9654947916666666 0.25390625 0.06901041666666667
0 0.82421875 0.9654947916666666 0.25390625 0.06901041666666667