0 0.04248046875 0.044921875 0.0458984375 0.08984375
6 0.13623046875 0.044921875 0.1044921875 0.08984375
6 0.23095703125 0.044921875 0.0576171875 0.08984375
6 0.32568359375 0.044921875 0.1044921875 0.08984375
6 0.43505859375 0.044921875 0.0869140625 0.08984375
6 0.51806640625 0.044921875 0.0517578125 0.08984375
6 0.5947265625 0.044921875 0.07421875 0.08984375
6 0.689453125 0.044921875 0.087890625 0.08984375
1 0.81982421875 0.045572916666666664 0.1357421875 0.046875
0 0.86962890625 0.045572916666666664 0.0361328125 0.046875
0 0.94091796875 0.044921875 0.0791015625 0.08984375
0 0.33984375 0.4231770833333333 0.640625 0.4817708333333333
4 0.33984375 0.421875 0.640625 0.4947916666666667
2 0.23388671875 0.6315104166666666 0.4072265625 0.03125
0 0.81982421875 0.30078125 0.3212890625 0.23697916666666666
4 0.82177734375 0.3001302083333333 0.3173828125 0.23828125
2 0.82177734375 0.3834635416666667 0.2958984375 0.05078125
0 0.81982421875 0.5436197916666666 0.3212890625 0.23828125
4 0.82177734375 0.5436197916666666 0.3173828125 0.23828125
2 0.82177734375 0.626953125 0.2958984375 0.05078125
2 0.0556640625 0.7669270833333334 0.072265625 0.026041666666666668
0 0.12841796875 0.91015625 0.2177734375 0.1796875
4 0.12841796875 0.90234375 0.2177734375 0.16927083333333334
0 0.35986328125 0.91015625 0.2177734375 0.1796875
4 0.35986328125 0.9029947916666666 0.2177734375 0.16536458333333334
0 0.59130859375 0.91015625 0.2177734375 0.1796875
4 0.59130859375 0.9029947916666666 0.2177734375 0.16536458333333334
2 0.8564453125 0.779296875 0.234375 0.05078125
0 0.97998046875 0.7545572916666666 0.0009765625 0.0013020833333333333
4 0.85986328125 0.9225260416666666 0.2412109375 0.15494791666666666
2 0.5 0.7552083333333334 0.703125 0.026041666666666668
7 0.49560546875 0.806640625 0.6943359375 0.07421875
6 0.2333984375 0.8639322916666666 0.169921875 0.022135416666666668
4 0.6201171875 0.9225260416666666 0.017578125 0.016927083333333332
0 0.67919921875 0.9231770833333334 0.3447265625 0.0625
7 0.689453125 0.9231770833333334 0.11328125 0.0234375
0 0.32080078125 0.9231770833333334 0.3447265625 0.0625