4 0.06494140625 0.0390625 0.1103515625 0.044270833333333336
0 0.06494140625 0.0546875 0.1103515625 0.0234375
0 0.94921875 0.040364583333333336 0.1015625 0.052083333333333336
7 0.03857421875 0.047526041666666664 0.0771484375 0.024739583333333332
0 0.04345703125 0.048177083333333336 0.0869140625 0.057291666666666664
0 0.23681640625 0.048177083333333336 0.1767578125 0.057291666666666664
7 0.42578125 0.047526041666666664 0.078125 0.024739583333333332
0 0.4306640625 0.048177083333333336 0.087890625 0.057291666666666664
0 0.603515625 0.048177083333333336 0.134765625 0.057291666666666664
0 0.79541015625 0.048177083333333336 0.1279296875 0.057291666666666664
0 0.96044921875 0.048177083333333336 0.0791015625 0.057291666666666664
4 0.03759765625 0.18489583333333334 0.0751953125 0.0390625
7 0.19384765625 0.18229166666666666 0.1767578125 0.0390625
0 0.29541015625 0.18229166666666666 0.0068359375 0.0234375
7 0.2734375 0.3502604166666667 0.546875 0.15625
7 0.2734375 0.4830729166666667 0.546875 0.044270833333333336
7 0.2734375 0.6067708333333334 0.546875 0.125
7 0.8154296875 0.19596354166666666 0.169921875 0.032552083333333336
7 0.94921875 0.19596354166666666 0.099609375 0.03515625
7 0.9990234375 0.19596354166666666 0.001953125 0.032552083333333336
4 0.810546875 0.2786458333333333 0.076171875 0.06510416666666667
7 0.810546875 0.341796875 0.17578125 0.022135416666666668
4 0.974609375 0.2786458333333333 0.05078125 0.06510416666666667
7 0.94970703125 0.341796875 0.1005859375 0.022135416666666668
4 0.8134765625 0.4583333333333333 0.017578125 0.059895833333333336
0 0.861328125 0.45703125 0.27734375 0.059895833333333336
7 0.91455078125 0.4576822916666667 0.1533203125 0.02734375
7 0.91015625 0.5319010416666666 0.173828125 0.02734375
0 0.861328125 0.5299479166666666 0.27734375 0.059895833333333336
7 0.91162109375 0.6048177083333334 0.1455078125 0.02734375
0 0.861328125 0.6028645833333334 0.27734375 0.059895833333333336
7 0.8984375 0.6653645833333334 0.013671875 0.018229166666666668
1 0.861328125 0.7291666666666666 0.27734375 0.059895833333333336
1 0.861328125 0.8020833333333334 0.27734375 0.059895833333333336
1 0.861328125 0.875 0.27734375 0.059895833333333336
6 0.8984375 0.9381510416666666 0.173828125 0.02734375
7 0.7939453125 0.9921875 0.13671875 0.015625
6 0.9150390625 0.9921875 0.107421875 0.015625
7 0.9814453125 0.9921875 0.02734375 0.015625
6 0.9970703125 0.9921875 0.005859375 0.015625
4 0.29833984375 0.85546875 0.5966796875 0.046875
7 0.5 1 1 0