4 0.08056640625 0.032552083333333336 0.0224609375 0.026041666666666668
0 0.1416015625 0.032552083333333336 0.14453125 0.06510416666666667
7 0.1279296875 0.032552083333333336 0.0546875 0.026041666666666668
6 0.25537109375 0.032552083333333336 0.0361328125 0.06510416666666667
6 0.328125 0.032552083333333336 0.052734375 0.06510416666666667
6 0.39892578125 0.032552083333333336 0.0322265625 0.06510416666666667
6 0.4833984375 0.032552083333333336 0.080078125 0.06510416666666667
1 0.62548828125 0.032552083333333336 0.0205078125 0.033854166666666664
0 0.6845703125 0.032552083333333336 0.072265625 0.033854166666666664
4 0.74169921875 0.032552083333333336 0.0244140625 0.03125
0 0.77978515625 0.032552083333333336 0.1201171875 0.044270833333333336
7 0.79541015625 0.032552083333333336 0.0693359375 0.020833333333333332
7 0.88037109375 0.032552083333333336 0.0439453125 0.020833333333333332
0 0.8896484375 0.032552083333333336 0.08203125 0.033854166666666664
4 0.9130859375 0.031901041666666664 0.015625 0.01953125
2 0.5 0.17643229166666666 0.861328125 0.06640625
7 0.5 0.23697916666666666 0.861328125 0.0546875
0 0.42431640625 0.3411458333333333 0.1298828125 0.049479166666666664
7 0.5673828125 0.3404947916666667 0.115234375 0.022135416666666668
0 0.5751953125 0.3411458333333333 0.130859375 0.0234375
4 0.63720703125 0.33984375 0.0068359375 0.015625
2 0.2001953125 0.5807291666666666 0.26171875 0.09114583333333333
7 0.2001953125 0.7799479166666666 0.26171875 0.2552083333333333
7 0.2001953125 0.9733072916666666 0.26171875 0.053385416666666664
2 0.5 0.5807291666666666 0.26171875 0.09114583333333333
7 0.5 0.7252604166666666 0.26171875 0.14583333333333334
7 0.5 0.9186197916666666 0.26171875 0.16276041666666666
2 0.7998046875 0.5807291666666666 0.26171875 0.09114583333333333
7 0.7998046875 0.7434895833333334 0.26171875 0.18229166666666666
7 0.77783203125 0.927734375 0.2177734375 0.09765625
0 0.85595703125 0.96484375 0.0966796875 0.026041666666666668
7 0.90478515625 0.9641927083333334 0.0048828125 0.024739583333333332