4 0.109375 0.032552083333333336 0.15625 0.0390625
0 0.109375 0.032552083333333336 0.15625 0.06510416666666667
6 0.23828125 0.032552083333333336 0.0234375 0.044270833333333336
6 0.27587890625 0.032552083333333336 0.0205078125 0.044270833333333336
6 0.31591796875 0.032552083333333336 0.0283203125 0.044270833333333336
6 0.37548828125 0.032552083333333336 0.0595703125 0.044270833333333336
7 0.4609375 0.032552083333333336 0.080078125 0.026041666666666668
0 0.46533203125 0.032552083333333336 0.1044921875 0.06510416666666667
6 0.55419921875 0.032552083333333336 0.0576171875 0.044270833333333336
6 0.6474609375 0.032552083333333336 0.09765625 0.044270833333333336
4 0.7626953125 0.032552083333333336 0.0234375 0.03125
0 0.7626953125 0.032552083333333336 0.0390625 0.06510416666666667
6 0.80908203125 0.032552083333333336 0.0380859375 0.044270833333333336
7 0.8662109375 0.032552083333333336 0.044921875 0.026041666666666668
0 0.8662109375 0.032552083333333336 0.060546875 0.06510416666666667
6 0.9326171875 0.032552083333333336 0.056640625 0.044270833333333336
7 0.1845703125 0.09635416666666667 0.34375 0.020833333333333332
6 0.39111328125 0.09635416666666667 0.0693359375 0.020833333333333332
4 0.5 0.4557291666666667 1 0.6510416666666666
2 0.4912109375 0.2942708333333333 0.89453125 0.0859375
2 0.947265625 0.2779947916666667 0.017578125 0.02734375
7 0.5 0.3776041666666667 0.66796875 0.036458333333333336
0 0.23388671875 0.451171875 0.0380859375 0.040364583333333336
0 0.3154296875 0.451171875 0.046875 0.040364583333333336
0 0.43359375 0.451171875 0.111328125 0.040364583333333336
0 0.5703125 0.451171875 0.083984375 0.040364583333333336
0 0.69873046875 0.451171875 0.0947265625 0.040364583333333336
1 0.451171875 0.5423177083333334 0.56640625 0.07161458333333333
7 0.783203125 0.5423177083333334 0.09765625 0.07161458333333333
0 0.783203125 0.5423177083333334 0.09765625 0.07161458333333333
3 0.5 0.7161458333333334 1 0.13020833333333334
4 0.6884765625 0.9075520833333334 0.0234375 0.03125
0 0.8203125 0.9055989583333334 0.287109375 0.024739583333333332
7 0.755859375 0.9075520833333334 0.103515625 0.0234375
7 0.8857421875 0.9075520833333334 0.15625 0.0234375
2 0.5 0.908203125 0.9375 0.045572916666666664
2 0.1162109375 0.9479166666666666 0.169921875 0.0234375