7 0.34326171875 0.030598958333333332 0.6474609375 0.022135416666666668
4 0.03515625 0.030598958333333332 0.03125 0.04296875
0 0.0390625 0.03125 0.0390625 0.0625
4 0.11181640625 0.030598958333333332 0.0185546875 0.024739583333333332
1 0.40771484375 0.031901041666666664 0.6416015625 0.048177083333333336
0 0.79443359375 0.030598958333333332 0.0771484375 0.04296875
0 0.87841796875 0.030598958333333332 0.0849609375 0.04296875
4 0.94140625 0.030598958333333332 0.0234375 0.032552083333333336
0 0.95849609375 0.030598958333333332 0.0595703125 0.04296875
4 0.9697265625 0.030598958333333332 0.01953125 0.02734375
7 0.96484375 0.03125 0.0703125 0.0625
7 0.5 0.09505208333333333 0.921875 0.0234375
2 0.14990234375 0.23763020833333334 0.1982421875 0.029947916666666668
0 0.14990234375 0.23567708333333334 0.2216796875 0.23177083333333334
7 0.14990234375 0.2779947916666667 0.1982421875 0.053385416666666664
4 0.0576171875 0.32421875 0.013671875 0.018229166666666668
7 0.115234375 0.32421875 0.08203125 0.020833333333333332
2 0.38330078125 0.23763020833333334 0.1982421875 0.029947916666666668
0 0.38330078125 0.23567708333333334 0.2216796875 0.23177083333333334
7 0.38330078125 0.2779947916666667 0.1982421875 0.053385416666666664
4 0.291015625 0.32421875 0.013671875 0.018229166666666668
7 0.3525390625 0.32421875 0.08984375 0.020833333333333332
2 0.61669921875 0.23763020833333334 0.1982421875 0.029947916666666668
0 0.61669921875 0.23567708333333334 0.2216796875 0.23177083333333334
7 0.61669921875 0.2779947916666667 0.1982421875 0.053385416666666664
4 0.5244140625 0.32421875 0.013671875 0.018229166666666668
7 0.6015625 0.32421875 0.12109375 0.020833333333333332
2 0.85009765625 0.23763020833333334 0.1982421875 0.029947916666666668
0 0.85009765625 0.23567708333333334 0.2216796875 0.23177083333333334
7 0.85009765625 0.2779947916666667 0.1982421875 0.053385416666666664
4 0.7578125 0.32421875 0.013671875 0.018229166666666668
7 0.84716796875 0.32421875 0.1455078125 0.020833333333333332
2 0.216796875 0.4954427083333333 0.30859375 0.029947916666666668
0 0.23388671875 0.4674479166666667 0.3662109375 0.23177083333333334
7 0.216796875 0.5227864583333334 0.30859375 0.02734375
4 0.0693359375 0.5559895833333334 0.013671875 0.018229166666666668
7 0.150390625 0.5559895833333334 0.12890625 0.020833333333333332
2 0.61181640625 0.4694010416666667 0.3427734375 0.029947916666666668
0 0.61181640625 0.4674479166666667 0.3662109375 0.23177083333333334
7 0.61181640625 0.509765625 0.3427734375 0.053385416666666664
4 0.447265625 0.5559895833333334 0.013671875 0.018229166666666668
7 0.513671875 0.5559895833333334 0.099609375 0.020833333333333332
7 0.3359375 0.3984375 0.625 0.036458333333333336
7 0.19775390625 0.4583333333333333 0.3154296875 0.028645833333333332
4 0.6240234375 0.4583333333333333 0.015625 0.020833333333333332
7 0.3359375 0.5143229166666666 0.591796875 0.07291666666666667
0 0.12744140625 0.5716145833333334 0.1748046875 0.041666666666666664
4 0.0537109375 0.6666666666666666 0.01953125 0.026041666666666668
0 0.06884765625 0.6666666666666666 0.0654296875 0.041666666666666664
7 0.07861328125 0.6666666666666666 0.0224609375 0.0234375
7 0.1630859375 0.6666666666666666 0.091796875 0.0234375
0 0.169921875 0.6666666666666666 0.10546875 0.0234375
7 0.27783203125 0.6666666666666666 0.0654296875 0.0234375
0 0.28466796875 0.6666666666666666 0.0791015625 0.0234375
4 0.35693359375 0.6666666666666666 0.0205078125 0.026041666666666668
0 0.375 0.6666666666666666 0.072265625 0.041666666666666664
7 0.384765625 0.6666666666666666 0.029296875 0.0234375
4 0.43603515625 0.6666666666666666 0.0205078125 0.026041666666666668
0 0.451171875 0.6666666666666666 0.06640625 0.041666666666666664
7 0.4609375 0.6666666666666666 0.0234375 0.0234375
7 0.50732421875 0.6666666666666666 0.0322265625 0.044270833333333336
4 0.6064453125 0.6666666666666666 0.01953125 0.026041666666666668
0 0.6123046875 0.6666666666666666 0.03125 0.026041666666666668
7 0.0439453125 0.77734375 0.03125 0.020833333333333332
4 0.0810546875 0.7493489583333334 0.01953125 0.02734375
6 0.1279296875 0.748046875 0.06640625 0.01953125
7 0.197265625 0.748046875 0.052734375 0.01953125
6 0.28564453125 0.748046875 0.1181640625 0.01953125
0 0.37841796875 0.7486979166666666 0.0615234375 0.020833333333333332
4 0.5908203125 0.7513020833333334 0.013671875 0.018229166666666668
0 0.60888671875 0.7513020833333334 0.0615234375 0.03125
7 0.61328125 0.7513020833333334 0.03125 0.028645833333333332
2 0.240234375 0.7916666666666666 0.337890625 0.026041666666666668
7 0.13818359375 0.837890625 0.0947265625 0.016927083333333332
0 0.12841796875 0.8372395833333334 0.1220703125 0.033854166666666664
7 0.23291015625 0.8372395833333334 0.0322265625 0.015625
0 0.22314453125 0.8372395833333334 0.0595703125 0.03125
7 0.29150390625 0.8372395833333334 0.0263671875 0.020833333333333332
0 0.28271484375 0.8372395833333334 0.0517578125 0.033854166666666664
7 0.0439453125 0.92578125 0.02734375 0.020833333333333332
4 0.0810546875 0.8977864583333334 0.01953125 0.02734375
6 0.138671875 0.896484375 0.087890625 0.01953125
7 0.21875 0.896484375 0.052734375 0.01953125
6 0.28515625 0.896484375 0.07421875 0.01953125
0 0.35595703125 0.8971354166666666 0.0615234375 0.020833333333333332
4 0.4013671875 0.8977864583333334 0.015625 0.022135416666666668
4 0.4228515625 0.8977864583333334 0.015625 0.022135416666666668
4 0.4443359375 0.8977864583333334 0.015625 0.022135416666666668
4 0.4658203125 0.8977864583333334 0.015625 0.022135416666666668
2 0.26904296875 0.9609375 0.3955078125 0.078125
4 0.5908203125 0.8997395833333334 0.013671875 0.018229166666666668
0 0.60888671875 0.8997395833333334 0.0615234375 0.03125
7 0.61328125 0.8997395833333334 0.03125 0.028645833333333332
0 0.5693359375 0.9680989583333334 0.140625 0.06380208333333333
2 0.810546875 0.4986979166666667 0.244140625 0.026041666666666668
7 0.6943359375 0.5533854166666666 0.01953125 0.0234375
0 0.82421875 0.5533854166666666 0.302734375 0.0625
4 0.716796875 0.5533854166666666 0.009765625 0.013020833333333334
4 0.7451171875 0.5533854166666666 0.03125 0.041666666666666664
7 0.7978515625 0.5533854166666666 0.05859375 0.0234375
7 0.6943359375 0.6171875 0.01953125 0.0234375
0 0.82421875 0.6171875 0.302734375 0.0625
4 0.716796875 0.6171875 0.009765625 0.013020833333333334
4 0.7451171875 0.6171875 0.03125 0.041666666666666664
7 0.81689453125 0.6171875 0.0966796875 0.0234375
7 0.6943359375 0.6809895833333334 0.01953125 0.0234375
0 0.82421875 0.6809895833333334 0.302734375 0.0625
4 0.716796875 0.6809895833333334 0.009765625 0.013020833333333334
4 0.744140625 0.6796875 0.0234375 0.03125
7 0.83544921875 0.6809895833333334 0.1337890625 0.0234375
7 0.6943359375 0.7447916666666666 0.01953125 0.0234375
0 0.82421875 0.7447916666666666 0.302734375 0.0625
4 0.716796875 0.7447916666666666 0.009765625 0.013020833333333334
4 0.7451171875 0.7447916666666666 0.03125 0.041666666666666664
7 0.828125 0.7447916666666666 0.119140625 0.0234375
7 0.6943359375 0.80859375 0.01953125 0.0234375
0 0.82421875 0.80859375 0.302734375 0.0625
4 0.716796875 0.80859375 0.009765625 0.013020833333333334
4 0.7451171875 0.80859375 0.03125 0.041666666666666664
7 0.79736328125 0.80859375 0.0576171875 0.0234375
0 0.82421875 0.8763020833333334 0.279296875 0.041666666666666664
0 0.7216796875 0.9440104166666666 0.05859375 0.041666666666666664
0 0.7900390625 0.9440104166666666 0.0546875 0.041666666666666664
0 0.861328125 0.9440104166666666 0.064453125 0.041666666666666664
0 0.9306640625 0.9440104166666666 0.05078125 0.041666666666666664