5 0.1181640625 0.033854166666666664 0.115234375 0.06770833333333333
0 0.1181640625 0.033854166666666664 0.14453125 0.06770833333333333
7 0.2333984375 0.033854166666666664 0.052734375 0.028645833333333332
0 0.23291015625 0.033854166666666664 0.0673828125 0.059895833333333336
7 0.3115234375 0.033854166666666664 0.076171875 0.028645833333333332
0 0.3115234375 0.033854166666666664 0.091796875 0.059895833333333336
7 0.44384765625 0.033854166666666664 0.1591796875 0.028645833333333332
0 0.4443359375 0.033854166666666664 0.17578125 0.059895833333333336
7 0.57177734375 0.033854166666666664 0.0654296875 0.028645833333333332
0 0.5712890625 0.033854166666666664 0.080078125 0.059895833333333336
7 0.69482421875 0.033854166666666664 0.0556640625 0.028645833333333332
0 0.6953125 0.033854166666666664 0.072265625 0.059895833333333336
7 0.7822265625 0.033854166666666664 0.087890625 0.028645833333333332
0 0.7880859375 0.033854166666666664 0.115234375 0.059895833333333336
7 0.89990234375 0.033854166666666664 0.0947265625 0.028645833333333332
0 0.8994140625 0.033854166666666664 0.109375 0.059895833333333336
2 0.5 0.12174479166666667 1 0.055989583333333336
1 0.451171875 0.19140625 0.65625 0.0625
0 0.82666015625 0.19140625 0.0986328125 0.0625
7 0.49951171875 0.2630208333333333 0.0634765625 0.028645833333333332
1 0.49951171875 0.3046875 0.2099609375 0.044270833333333336
1 0.49951171875 0.35546875 0.2099609375 0.044270833333333336
1 0.49951171875 0.40625 0.2099609375 0.044270833333333336
1 0.49951171875 0.45703125 0.2099609375 0.044270833333333336
1 0.49951171875 0.5078125 0.2099609375 0.044270833333333336
7 0.49951171875 0.5494791666666666 0.0771484375 0.020833333333333332
7 0.421875 0.59765625 0.126953125 0.020833333333333332
7 0.57568359375 0.5989583333333334 0.0576171875 0.015625
0 0.57568359375 0.5983072916666666 0.0576171875 0.02734375
7 0.6298828125 0.5989583333333334 0.037109375 0.015625
0 0.6298828125 0.5983072916666666 0.037109375 0.02734375
7 0.44482421875 0.6263020833333334 0.3603515625 0.015625
7 0.68017578125 0.6263020833333334 0.1123046875 0.015625
3 0.5 0.6979166666666666 0.7109375 0.1171875
7 0.26513671875 0.8268229166666666 0.1923828125 0.028645833333333332
7 0.1083984375 0.8658854166666666 0.046875 0.028645833333333332
7 0.115234375 0.9049479166666666 0.060546875 0.028645833333333332
7 0.13232421875 0.9440104166666666 0.0947265625 0.028645833333333332
7 0.123046875 0.9830729166666666 0.076171875 0.028645833333333332
7 0.38671875 0.8658854166666666 0.134765625 0.028645833333333332
7 0.38671875 0.9049479166666666 0.134765625 0.028645833333333332
7 0.35888671875 0.9440104166666666 0.0791015625 0.028645833333333332
7 0.392578125 0.9830729166666666 0.146484375 0.028645833333333332
3 0.734375 0.9036458333333334 0.33203125 0.19270833333333334