7 0.46826171875 0.018229166666666668 0.4013671875 0.018229166666666668
0 0.705078125 0.020833333333333332 0.052734375 0.013020833333333334
7 0.95361328125 0.020833333333333332 0.0107421875 0.013020833333333334
7 0.06640625 0.05859375 0.05078125 0.018229166666666668
7 0.13330078125 0.05859375 0.0830078125 0.018229166666666668
4 0.1875 0.059244791666666664 0.009765625 0.009114583333333334
2 0.5 0.07942708333333333 0.19921875 0.0546875
4 0.8896484375 0.0625 0.01953125 0.026041666666666668
0 0.89453125 0.0625 0.029296875 0.026041666666666668
4 0.9189453125 0.0625 0.01953125 0.026041666666666668
0 0.92431640625 0.0625 0.0302734375 0.026041666666666668
4 0.94921875 0.0625 0.01953125 0.026041666666666668
0 0.94921875 0.0625 0.01953125 0.026041666666666668
4 0.04833984375 0.130859375 0.0146484375 0.01953125
0 0.04833984375 0.13736979166666666 0.0146484375 0.037760416666666664
0 0.23828125 0.134765625 0.05078125 0.032552083333333336
0 0.30810546875 0.134765625 0.0478515625 0.032552083333333336
0 0.37060546875 0.134765625 0.0361328125 0.032552083333333336
0 0.43017578125 0.134765625 0.0419921875 0.032552083333333336
0 0.4853515625 0.134765625 0.02734375 0.032552083333333336
0 0.5615234375 0.134765625 0.083984375 0.032552083333333336
0 0.6455078125 0.134765625 0.04296875 0.032552083333333336
0 0.6982421875 0.134765625 0.021484375 0.032552083333333336
4 0.73779296875 0.1328125 0.0166015625 0.015625
0 0.73779296875 0.134765625 0.0166015625 0.032552083333333336
4 0.77685546875 0.1328125 0.0205078125 0.015625
0 0.77685546875 0.134765625 0.0205078125 0.032552083333333336
4 0.951171875 0.1328125 0.015625 0.020833333333333332
2 0.5 0.59375 1 0.8125
7 0.0673828125 0.24348958333333334 0.052734375 0.018229166666666668
0 0.0673828125 0.24348958333333334 0.052734375 0.018229166666666668
7 0.14404296875 0.24348958333333334 0.0478515625 0.018229166666666668
0 0.14404296875 0.24348958333333334 0.0478515625 0.018229166666666668
7 0.23876953125 0.24348958333333334 0.0888671875 0.018229166666666668
0 0.23876953125 0.24348958333333334 0.0888671875 0.018229166666666668
7 0.35009765625 0.24348958333333334 0.0810546875 0.018229166666666668
0 0.35009765625 0.24348958333333334 0.0810546875 0.018229166666666668
6 0.0732421875 0.2890625 0.0546875 0.0234375
7 0.140625 0.2890625 0.056640625 0.0234375
7 0.20068359375 0.2890625 0.0400390625 0.0234375
6 0.31396484375 0.2890625 0.0673828125 0.0234375
7 0.39013671875 0.2890625 0.0634765625 0.0234375
7 0.455078125 0.2890625 0.044921875 0.0234375
6 0.56494140625 0.2890625 0.0576171875 0.0234375
7 0.6298828125 0.2890625 0.05078125 0.0234375
7 0.68798828125 0.2890625 0.0439453125 0.0234375
6 0.8017578125 0.2890625 0.06640625 0.0234375
7 0.87451171875 0.2890625 0.0576171875 0.0234375
7 0.93408203125 0.2890625 0.0400390625 0.0234375
4 0.4609375 0.517578125 0.37109375 0.3294270833333333
2 0.453125 0.71484375 0.35546875 0.06770833333333333
7 0.4609375 0.8255208333333334 0.37109375 0.1171875
6 0.4482421875 0.9225260416666666 0.3203125 0.045572916666666664
6 0.46533203125 0.9680989583333334 0.3544921875 0.022135416666666668
2 0.0615234375 0.37109375 0.041015625 0.036458333333333336
0 0.1484375 0.369140625 0.21484375 0.032552083333333336
2 0.1064453125 0.3684895833333333 0.048828125 0.033854166666666664
4 0.05517578125 0.4459635416666667 0.0087890625 0.01171875
7 0.08740234375 0.4440104166666667 0.0439453125 0.020833333333333332
2 0.1435546875 0.4921875 0.185546875 0.0703125
4 0.05517578125 0.5826822916666666 0.0087890625 0.01171875
7 0.08740234375 0.5807291666666666 0.0439453125 0.020833333333333332
2 0.1435546875 0.62890625 0.185546875 0.0703125
4 0.05517578125 0.7194010416666666 0.0087890625 0.01171875
7 0.08984375 0.7174479166666666 0.048828125 0.020833333333333332
2 0.1435546875 0.765625 0.185546875 0.0703125
4 0.05517578125 0.8561197916666666 0.0087890625 0.01171875
7 0.08984375 0.8541666666666666 0.048828125 0.020833333333333332
2 0.1435546875 0.90234375 0.185546875 0.0703125
4 0.05517578125 0.9928385416666666 0.0087890625 0.01171875
7 0.08984375 0.990234375 0.048828125 0.01953125
4 0.248046875 0.6471354166666666 0.00390625 0.4270833333333333
7 0.8125 0.373046875 0.29296875 0.040364583333333336