7 0.5 0.01953125 1 0.026041666666666668
2 0.09619140625 0.18033854166666666 0.1611328125 0.06640625
6 0.72412109375 0.14192708333333334 0.1826171875 0.018229166666666668
6 0.8583984375 0.14192708333333334 0.04296875 0.018229166666666668
0 0.93505859375 0.142578125 0.0654296875 0.022135416666666668
0 0.99169921875 0.142578125 0.0166015625 0.022135416666666668
1 0.380859375 0.18489583333333334 0.3203125 0.044270833333333336
6 0.68212890625 0.19921875 0.1005859375 0.020833333333333332
6 0.779296875 0.19921875 0.017578125 0.020833333333333332
6 0.8466796875 0.19921875 0.0390625 0.020833333333333332
6 0.95166015625 0.19921875 0.0966796875 0.020833333333333332
7 0.06591796875 0.263671875 0.1123046875 0.024739583333333332
6 0.20849609375 0.263671875 0.1650390625 0.01953125
6 0.390625 0.263671875 0.18359375 0.01953125
6 0.53369140625 0.263671875 0.0830078125 0.01953125
6 0.646484375 0.263671875 0.125 0.01953125
4 0.17529296875 0.6334635416666666 0.0087890625 0.01171875
4 0.20166015625 0.6334635416666666 0.0087890625 0.01171875
4 0.22900390625 0.6334635416666666 0.0087890625 0.01171875
4 0.25537109375 0.6334635416666666 0.0087890625 0.01171875
4 0.28173828125 0.6334635416666666 0.0087890625 0.01171875
4 0.30810546875 0.6334635416666666 0.0087890625 0.01171875
4 0.33544921875 0.6334635416666666 0.0087890625 0.01171875
4 0.36181640625 0.6334635416666666 0.0087890625 0.01171875
7 0.2685546875 0.4485677083333333 0.537109375 0.4049479166666667
0 0.2685546875 0.4485677083333333 0.537109375 0.4049479166666667
2 0.07763671875 0.5201822916666666 0.0986328125 0.02734375
2 0.2158203125 0.5201822916666666 0.1796875 0.02734375
6 0.27001953125 0.5657552083333334 0.4833984375 0.048177083333333336
7 0.671875 0.4485677083333333 0.267578125 0.4049479166666667
0 0.671875 0.4485677083333333 0.267578125 0.4049479166666667
2 0.6728515625 0.5358072916666666 0.20703125 0.06380208333333333
6 0.6728515625 0.5970052083333334 0.20703125 0.048177083333333336
7 0.9033203125 0.4485677083333333 0.193359375 0.4049479166666667
0 0.9033203125 0.4485677083333333 0.193359375 0.4049479166666667
2 0.9189453125 0.5358072916666666 0.162109375 0.06380208333333333
6 0.9189453125 0.5970052083333334 0.162109375 0.048177083333333336
2 0.51171875 0.716796875 0.9765625 0.032552083333333336
2 0.1123046875 0.7623697916666666 0.1953125 0.02734375
0 0.97900390625 0.775390625 0.0419921875 0.053385416666666664