4 0.5 0.052083333333333336 1 0.10416666666666667
2 0.3447265625 0.20703125 0.248046875 0.041666666666666664
2 0.53955078125 0.20703125 0.1416015625 0.041666666666666664
2 0.6123046875 0.20703125 0.0078125 0.041666666666666664
6 0.3037109375 0.24609375 0.166015625 0.020833333333333332
7 0.41748046875 0.24609375 0.0634765625 0.020833333333333332
6 0.54443359375 0.24609375 0.1904296875 0.020833333333333332
7 0.64013671875 0.24609375 0.0048828125 0.020833333333333332
7 0.7763671875 0.16536458333333334 0.134765625 0.020833333333333332
6 0.89794921875 0.16536458333333334 0.1103515625 0.020833333333333332
7 0.8466796875 0.19401041666666666 0.01953125 0.020833333333333332
6 0.90185546875 0.19401041666666666 0.0927734375 0.020833333333333332
7 0.95068359375 0.19401041666666666 0.0048828125 0.020833333333333332
7 0.884765625 0.23958333333333334 0.134765625 0.041666666666666664
0 0.884765625 0.23763020833333334 0.134765625 0.022135416666666668
7 0.77587890625 0.23958333333333334 0.0849609375 0.041666666666666664
0 0.7763671875 0.23763020833333334 0.0859375 0.022135416666666668
7 0.9150390625 0.28125 0.076171875 0.041666666666666664
0 0.91455078125 0.279296875 0.0751953125 0.022135416666666668
7 0.3857421875 0.3763020833333333 0.330078125 0.0234375
2 0.25341796875 0.404296875 0.0654296875 0.032552083333333336
6 0.2451171875 0.447265625 0.048828125 0.022135416666666668
7 0.27294921875 0.447265625 0.0087890625 0.022135416666666668
6 0.30517578125 0.447265625 0.0556640625 0.022135416666666668
7 0.3583984375 0.447265625 0.044921875 0.022135416666666668
7 0.37646484375 0.4622395833333333 0.3115234375 0.052083333333333336
7 0.2431640625 0.505859375 0.044921875 0.022135416666666668
7 0.34521484375 0.505859375 0.1591796875 0.022135416666666668
7 0.447265625 0.505859375 0.046875 0.022135416666666668
7 0.47265625 0.505859375 0.0078125 0.022135416666666668
6 0.5048828125 0.505859375 0.056640625 0.022135416666666668
7 0.53466796875 0.505859375 0.0048828125 0.022135416666666668
6 0.2421875 0.5345052083333334 0.04296875 0.022135416666666668
7 0.27587890625 0.5345052083333334 0.0263671875 0.022135416666666668
6 0.34375 0.5345052083333334 0.109375 0.022135416666666668
7 0.36572265625 0.548828125 0.2900390625 0.05078125
6 0.3017578125 0.5631510416666666 0.044921875 0.022135416666666668
7 0.33154296875 0.5631510416666666 0.0166015625 0.022135416666666668
6 0.3671875 0.5631510416666666 0.05859375 0.022135416666666668
7 0.42578125 0.5631510416666666 0.060546875 0.022135416666666668
6 0.3681640625 0.5774739583333334 0.294921875 0.05078125
7 0.3125 0.591796875 0.08203125 0.022135416666666668
6 0.38427734375 0.591796875 0.0615234375 0.022135416666666668
7 0.470703125 0.591796875 0.11328125 0.022135416666666668
7 0.2431640625 0.6204427083333334 0.044921875 0.022135416666666668
7 0.37744140625 0.634765625 0.3134765625 0.05078125
6 0.4814453125 0.6490885416666666 0.05859375 0.022135416666666668
7 0.38427734375 0.6920572916666666 0.3271484375 0.10807291666666667
6 0.4609375 0.7350260416666666 0.0546875 0.022135416666666668
7 0.37451171875 0.7923177083333334 0.3076171875 0.13671875
6 0.3203125 0.849609375 0.052734375 0.022135416666666668
7 0.42578125 0.849609375 0.158203125 0.022135416666666668
6 0.259765625 0.8782552083333334 0.078125 0.022135416666666668
7 0.35546875 0.8782552083333334 0.11328125 0.022135416666666668
6 0.4423828125 0.8782552083333334 0.064453125 0.022135416666666668
7 0.38525390625 0.9069010416666666 0.3291015625 0.07942708333333333
7 0.43896484375 0.935546875 0.0458984375 0.022135416666666668
7 0.36572265625 0.9498697916666666 0.2900390625 0.05078125
6 0.40966796875 0.9641927083333334 0.1513671875 0.022135416666666668
7 0.384765625 0.9765625 0.328125 0.046875
7 0.30029296875 0.9908854166666666 0.0458984375 0.018229166666666668
7 0.3828125 0.9908854166666666 0.32421875 0.018229166666666668
7 0.787109375 0.3763020833333333 0.330078125 0.0234375
2 0.68310546875 0.404296875 0.1220703125 0.032552083333333336
4 0.9033203125 0.4765625 0.09765625 0.09375
6 0.6962890625 0.4446614583333333 0.10546875 0.022135416666666668
6 0.7021484375 0.4876302083333333 0.1171875 0.05078125
7 0.7314453125 0.509765625 0.033203125 0.016927083333333332
6 0.744140625 0.498046875 0.03125 0.016927083333333332
7 0.79052734375 0.501953125 0.0556640625 0.022135416666666668
7 0.69384765625 0.5305989583333334 0.1005859375 0.022135416666666668
6 0.7763671875 0.5305989583333334 0.06640625 0.022135416666666668
7 0.81201171875 0.5305989583333334 0.0048828125 0.022135416666666668
7 0.6748046875 0.560546875 0.0625 0.022135416666666668
6 0.75048828125 0.560546875 0.0888671875 0.022135416666666668
6 0.81201171875 0.560546875 0.0283203125 0.022135416666666668
7 0.83251953125 0.560546875 0.0166015625 0.022135416666666668
6 0.85400390625 0.560546875 0.0283203125 0.022135416666666668
7 0.79052734375 0.5748697916666666 0.2939453125 0.05078125
7 0.77734375 0.634765625 0.267578125 0.05078125
6 0.84765625 0.6490885416666666 0.1953125 0.022135416666666668
6 0.6806640625 0.677734375 0.07421875 0.022135416666666668
6 0.783203125 0.677734375 0.125 0.022135416666666668
7 0.794921875 0.6920572916666666 0.302734375 0.05078125
4 0.9033203125 0.8255208333333334 0.09765625 0.20833333333333334
7 0.64794921875 0.740234375 0.0087890625 0.022135416666666668
6 0.71533203125 0.740234375 0.1279296875 0.022135416666666668
7 0.71533203125 0.7545572916666666 0.1435546875 0.05078125
6 0.74072265625 0.783203125 0.1943359375 0.05078125
7 0.7333984375 0.7975260416666666 0.056640625 0.022135416666666668
7 0.76171875 0.7975260416666666 0.00390625 0.022135416666666668
6 0.6865234375 0.8274739583333334 0.0859375 0.022135416666666668
6 0.767578125 0.8274739583333334 0.0703125 0.022135416666666668
7 0.732421875 0.841796875 0.177734375 0.05078125
6 0.70068359375 0.8561197916666666 0.0478515625 0.022135416666666668
7 0.77978515625 0.8561197916666666 0.1142578125 0.022135416666666668
6 0.67626953125 0.8873697916666666 0.0654296875 0.022135416666666668
7 0.71044921875 0.9016927083333334 0.1337890625 0.05078125
7 0.66455078125 0.9459635416666666 0.0419921875 0.022135416666666668
6 0.71923828125 0.9459635416666666 0.0693359375 0.022135416666666668
7 0.73974609375 0.9602864583333334 0.1923828125 0.05078125
6 0.7841796875 0.974609375 0.107421875 0.022135416666666668
7 0.837890625 0.974609375 0.00390625 0.022135416666666668
6 0.6611328125 0.9973958333333334 0.03515625 0.005208333333333333
6 0.75341796875 0.9973958333333334 0.1435546875 0.005208333333333333
7 0.79248046875 0.9973958333333334 0.2978515625 0.005208333333333333
2 0.05810546875 0.5078125 0.1162109375 0.984375
7 0.591796875 0.020833333333333332 0.181640625 0.026041666666666668
6 0.72509765625 0.024739583333333332 0.0693359375 0.018229166666666668
6 0.78466796875 0.024739583333333332 0.0341796875 0.018229166666666668
6 0.87646484375 0.024739583333333332 0.1337890625 0.018229166666666668
6 0.96826171875 0.024739583333333332 0.0341796875 0.018229166666666668
0 0.21142578125 0.078125 0.0771484375 0.052083333333333336
0 0.29443359375 0.078125 0.0908203125 0.052083333333333336
0 0.57958984375 0.078125 0.0576171875 0.052083333333333336
0 0.65966796875 0.078125 0.1044921875 0.052083333333333336
0 0.744140625 0.078125 0.06640625 0.052083333333333336
1 0.884765625 0.08072916666666667 0.201171875 0.036458333333333336
1 0.9716796875 0.08072916666666667 0.0234375 0.033854166666666664
1 0.9716796875 0.08072916666666667 0.0234375 0.033854166666666664
4 0.0859375 0.10416666666666667 0.15625 0.20833333333333334
6 0.08203125 0.251953125 0.111328125 0.01953125
6 0.0595703125 0.2766927083333333 0.06640625 0.01953125
6 0.072265625 0.3014322916666667 0.091796875 0.01953125
6 0.0771484375 0.326171875 0.1015625 0.01953125
6 0.076171875 0.3509114583333333 0.099609375 0.01953125
6 0.0751953125 0.3756510416666667 0.09765625 0.01953125
2 0.0908203125 0.419921875 0.12890625 0.01953125
6 0.08544921875 0.451171875 0.1181640625 0.01953125
6 0.06103515625 0.4759114583333333 0.0693359375 0.01953125
6 0.044921875 0.5006510416666666 0.037109375 0.01953125
6 0.068359375 0.525390625 0.083984375 0.01953125
6 0.07275390625 0.5501302083333334 0.0927734375 0.01953125
6 0.0498046875 0.5748697916666666 0.046875 0.01953125
6 0.0654296875 0.599609375 0.078125 0.01953125
2 0.0908203125 0.6438802083333334 0.12890625 0.01953125
6 0.06298828125 0.6751302083333334 0.0732421875 0.01953125
6 0.07763671875 0.6998697916666666 0.1025390625 0.01953125
6 0.08642578125 0.724609375 0.1201171875 0.01953125
6 0.08056640625 0.7493489583333334 0.1083984375 0.01953125
6 0.08544921875 0.7740885416666666 0.1181640625 0.01953125
2 0.0908203125 0.818359375 0.12890625 0.01953125
6 0.06494140625 0.849609375 0.0771484375 0.01953125
6 0.072265625 0.8743489583333334 0.091796875 0.01953125
6 0.07861328125 0.8990885416666666 0.1044921875 0.01953125
2 0.0908203125 0.943359375 0.12890625 0.01953125
6 0.0556640625 0.9733072916666666 0.05859375 0.01953125
6 0.05712890625 0.994140625 0.0615234375 0.01171875