2 0.5 0.5 1 1
4 0.10546875 0.03515625 0.166015625 0.046875
0 0.1005859375 0.029296875 0.201171875 0.05859375
0 0.24365234375 0.029296875 0.0849609375 0.05859375
0 0.328125 0.029296875 0.0859375 0.05859375
0 0.41845703125 0.029296875 0.0966796875 0.05859375
0 0.52099609375 0.029296875 0.1103515625 0.05859375
0 0.86669921875 0.029296875 0.0595703125 0.05859375
0 0.94775390625 0.029296875 0.1044921875 0.05859375
2 0.5 0.5 1 1
2 0.98779296875 0.054036458333333336 0.0244140625 0.022135416666666668
7 0.98486328125 0.044921875 0.0302734375 0.01953125
0 0.98486328125 0.053385416666666664 0.0302734375 0.036458333333333336
7 0.98486328125 0.044921875 0.0302734375 0.01953125
0 0.98486328125 0.053385416666666664 0.0302734375 0.036458333333333336
0 0.98486328125 0.053385416666666664 0.0302734375 0.036458333333333336
2 0.98779296875 0.054036458333333336 0.0244140625 0.022135416666666668
0 0.98486328125 0.053385416666666664 0.0302734375 0.036458333333333336
0 0.98486328125 0.053385416666666664 0.0302734375 0.036458333333333336
0 0.98486328125 0.053385416666666664 0.0302734375 0.036458333333333336
0 0.98486328125 0.053385416666666664 0.0302734375 0.036458333333333336
0 0.98486328125 0.053385416666666664 0.0302734375 0.036458333333333336
0 0.98486328125 0.053385416666666664 0.0302734375 0.036458333333333336
2 0.98779296875 0.054036458333333336 0.0244140625 0.022135416666666668
0 0.98486328125 0.053385416666666664 0.0302734375 0.036458333333333336
0 0.98486328125 0.053385416666666664 0.0302734375 0.036458333333333336
0 0.98486328125 0.053385416666666664 0.0302734375 0.036458333333333336
0 0.98486328125 0.053385416666666664 0.0302734375 0.036458333333333336
2 0.98779296875 0.054036458333333336 0.0244140625 0.022135416666666668
0 0.98486328125 0.053385416666666664 0.0302734375 0.036458333333333336
0 0.98486328125 0.053385416666666664 0.0302734375 0.036458333333333336
0 0.98486328125 0.053385416666666664 0.0302734375 0.036458333333333336
2 0.5 0.29296875 1 0.10416666666666667
2 0.5 0.3971354166666667 1 0.10416666666666667
7 0.5 0.5052083333333334 1 0.033854166666666664
0 0.5 0.6139322916666666 0.208984375 0.06640625
4 0.11669921875 0.9440104166666666 0.1884765625 0.11197916666666667
4 0.53857421875 0.9016927083333334 0.4541015625 0.19661458333333334
4 0.9130859375 0.9557291666666666 0.09375 0.08854166666666667