7 0.06787109375 0.046223958333333336 0.0576171875 0.045572916666666664
0 0.06787109375 0.046223958333333336 0.0576171875 0.045572916666666664
0 0.47216796875 0.044921875 0.0869140625 0.02734375
7 0.54833984375 0.044921875 0.0498046875 0.022135416666666668
0 0.55322265625 0.044921875 0.0751953125 0.02734375
7 0.62158203125 0.044921875 0.0458984375 0.022135416666666668
0 0.62646484375 0.044921875 0.0712890625 0.02734375
7 0.705078125 0.044921875 0.0703125 0.022135416666666668
0 0.7099609375 0.044921875 0.095703125 0.02734375
7 0.86572265625 0.044921875 0.1884765625 0.037760416666666664
0 0.86572265625 0.044921875 0.1904296875 0.040364583333333336
0 0.06884765625 0.11328125 0.0791015625 0.059895833333333336
0 0.14990234375 0.11328125 0.0830078125 0.059895833333333336
0 0.224609375 0.11328125 0.06640625 0.059895833333333336
0 0.31982421875 0.11328125 0.1240234375 0.059895833333333336
0 0.41064453125 0.11328125 0.0576171875 0.059895833333333336
0 0.505859375 0.11328125 0.1328125 0.059895833333333336
0 0.64111328125 0.11328125 0.1376953125 0.059895833333333336
0 0.7939453125 0.11328125 0.16796875 0.059895833333333336
0 0.90966796875 0.11328125 0.0634765625 0.059895833333333336
0 0.970703125 0.11328125 0.05859375 0.059895833333333336
4 0.9521484375 0.10416666666666667 0.017578125 0.078125
0 0.08056640625 0.158203125 0.0830078125 0.032552083333333336
0 0.19921875 0.15625 0.0859375 0.049479166666666664
0 0.2822265625 0.15625 0.080078125 0.049479166666666664
0 0.38232421875 0.15625 0.1201171875 0.049479166666666664
0 0.47802734375 0.15625 0.0712890625 0.049479166666666664
0 0.57373046875 0.15625 0.1201171875 0.049479166666666664
7 0.68115234375 0.15690104166666666 0.0654296875 0.022135416666666668
0 0.6845703125 0.15625 0.1015625 0.049479166666666664
0 0.76513671875 0.15625 0.0595703125 0.049479166666666664
2 0.5 0.2682291666666667 0.921875 0.078125
2 0.5 0.3268229166666667 0.921875 0.0390625
7 0.1865234375 0.4244791666666667 0.29296875 0.036458333333333336
0 0.1865234375 0.4244791666666667 0.294921875 0.0390625
7 0.5 0.4244791666666667 0.29296875 0.036458333333333336
0 0.5 0.4244791666666667 0.294921875 0.0390625
7 0.3408203125 0.5345052083333334 0.580078125 0.024739583333333332
0 0.5 0.5651041666666666 1 0.125
2 0.3408203125 0.5631510416666666 0.580078125 0.032552083333333336
7 0.3408203125 0.59375 0.580078125 0.028645833333333332
7 0.87841796875 0.5631510416666666 0.0654296875 0.01953125
7 0.33642578125 0.8515625 0.5947265625 0.2864583333333333
3 0.8134765625 0.81640625 0.294921875 0.22135416666666666
4 0.8134765625 0.81640625 0.294921875 0.22135416666666666
0 0.81396484375 0.81640625 0.0595703125 0.078125
7 0.8134765625 0.9537760416666666 0.275390625 0.029947916666666668