6 0.49951171875 0.026041666666666668 0.8955078125 0.028645833333333332
0 0.16357421875 0.13736979166666666 0.0166015625 0.037760416666666664
1 0.8916015625 0.1015625 0.154296875 0.041666666666666664
0 0.697265625 0.10481770833333333 0.037109375 0.040364583333333336
0 0.7666015625 0.10481770833333333 0.091796875 0.040364583333333336
0 0.33349609375 0.16666666666666666 0.1064453125 0.041666666666666664
0 0.447265625 0.16666666666666666 0.12109375 0.041666666666666664
0 0.580078125 0.16666666666666666 0.14453125 0.041666666666666664
0 0.69677734375 0.16666666666666666 0.0888671875 0.041666666666666664
0 0.78759765625 0.16666666666666666 0.0927734375 0.041666666666666664
0 0.86962890625 0.16666666666666666 0.0712890625 0.041666666666666664
0 0.9375 0.16666666666666666 0.064453125 0.041666666666666664
2 0.5 0.2760416666666667 0.9375 0.028645833333333332
4 0.23046875 0.4778645833333333 0.341796875 0.2604166666666667
2 0.671875 0.3880208333333333 0.48828125 0.07291666666666667
2 0.56201171875 0.4765625 0.2685546875 0.026041666666666668
2 0.52685546875 0.5442708333333334 0.1982421875 0.026041666666666668
2 0.06982421875 0.736328125 0.0556640625 0.029947916666666668
2 0.07568359375 0.771484375 0.0673828125 0.029947916666666668
4 0.203125 0.7981770833333334 0.068359375 0.018229166666666668
2 0.30078125 0.736328125 0.03515625 0.029947916666666668
2 0.32373046875 0.771484375 0.0810546875 0.029947916666666668
4 0.44091796875 0.78515625 0.0615234375 0.018229166666666668
2 0.55419921875 0.736328125 0.0595703125 0.029947916666666668
2 0.5576171875 0.771484375 0.06640625 0.029947916666666668
4 0.68212890625 0.78515625 0.0615234375 0.018229166666666668
2 0.78564453125 0.736328125 0.0400390625 0.029947916666666668
2 0.814453125 0.771484375 0.09765625 0.029947916666666668
4 0.9267578125 0.7981770833333334 0.068359375 0.018229166666666668
2 0.5 0.8854166666666666 0.91796875 0.036458333333333336
2 0.2705078125 0.9895833333333334 0.44921875 0.020833333333333332
2 0.74365234375 0.9895833333333334 0.4208984375 0.020833333333333332