2 0.09228515625 0.05078125 0.1220703125 0.036458333333333336
1 0.8017578125 0.050130208333333336 0.14453125 0.01953125
7 0.884765625 0.049479166666666664 0.00390625 0.044270833333333336
4 0.93505859375 0.050130208333333336 0.0126953125 0.016927083333333332
0 0.93505859375 0.050130208333333336 0.0673828125 0.03515625
0 0.90869140625 0.13671875 0.1103515625 0.0390625
0 0.8056640625 0.13671875 0.07421875 0.0390625
0 0.7314453125 0.13671875 0.052734375 0.0390625
2 0.5 0.19010416666666666 0.9375 0.036458333333333336
7 0.5 0.26171875 0.9375 0.06510416666666667
7 0.5 0.3802083333333333 0.9375 0.13020833333333334
7 0.392578125 0.482421875 0.72265625 0.022135416666666668
0 0.791015625 0.4830729166666667 0.076171875 0.0234375
7 0.89501953125 0.482421875 0.1318359375 0.022135416666666668
0 0.12451171875 0.515625 0.1865234375 0.0234375
7 0.3017578125 0.5149739583333334 0.169921875 0.022135416666666668
0 0.41064453125 0.515625 0.0498046875 0.0234375
7 0.43701171875 0.5149739583333334 0.0048828125 0.022135416666666668
7 0.5 0.6009114583333334 0.9375 0.09765625
7 0.0888671875 0.6868489583333334 0.115234375 0.022135416666666668
0 0.18310546875 0.6875 0.0751953125 0.0234375
7 0.22216796875 0.6868489583333334 0.0048828125 0.022135416666666668
7 0.08935546875 0.740234375 0.1162109375 0.022135416666666668
0 0.20458984375 0.7408854166666666 0.1162109375 0.0234375
7 0.28955078125 0.740234375 0.0537109375 0.022135416666666668
0 0.36572265625 0.7408854166666666 0.1025390625 0.0234375
7 0.47021484375 0.740234375 0.1083984375 0.022135416666666668
0 0.92236328125 0.8411458333333334 0.0927734375 0.015625