4 0.05078125 0.029296875 0.0625 0.022135416666666668
0 0.15283203125 0.030598958333333332 0.1025390625 0.01953125
6 0.83642578125 0.029296875 0.0341796875 0.01953125
0 0.91357421875 0.029947916666666668 0.0908203125 0.020833333333333332
4 0.9775390625 0.03125 0.015625 0.020833333333333332
0 0.98095703125 0.033203125 0.0224609375 0.016927083333333332
4 0.083984375 0.10807291666666667 0.12890625 0.046875
0 0.083984375 0.10807291666666667 0.12890625 0.046875
4 0.96875 0.10807291666666667 0.0234375 0.03125
7 0.5 0.18294270833333334 0.26953125 0.024739583333333332
7 0.5 0.23893229166666666 0.7109375 0.016927083333333332
3 0.5 0.3059895833333333 0.7109375 0.1171875
4 0 0.6080729166666666 0 0.4453125
0 0 0.6080729166666666 0 0.4453125
4 0.5 0.6080729166666666 1 0.4453125
0 0.5 0.6080729166666666 1 0.4453125
2 0.22216796875 0.7662760416666666 0.3857421875 0.032552083333333336
7 0.91064453125 0.7630208333333334 0.1513671875 0.044270833333333336
4 1 0.6080729166666666 0 0.4453125
0 1 0.6080729166666666 0 0.4453125
7 0.015625 0.5657552083333334 0.03125 0.08463541666666667
7 0.984375 0.5657552083333334 0.03125 0.08463541666666667
7 0.97802734375 0.80078125 0.0166015625 0.0234375
0 0.0859375 0.9036458333333334 0.142578125 0.0703125
0 0.22607421875 0.9055989583333334 0.1337890625 0.06640625
4 0.13232421875 0.978515625 0.2060546875 0.04296875
4 0.3681640625 0.978515625 0.20703125 0.04296875
2 0.5810546875 0.9055989583333334 0.162109375 0.032552083333333336
4 0.52880859375 0.9524739583333334 0.0576171875 0.022135416666666668
7 0.53515625 0.9837239583333334 0.0703125 0.01953125
7 0.57373046875 0.9869791666666666 0.1474609375 0.026041666666666668
7 0.8388671875 0.8971354166666666 0.29296875 0.018229166666666668
3 0.8388671875 0.9524739583333334 0.29296875 0.09505208333333333
7 0.5 0.9967447916666666 1 0.006510416666666667