7 0.09130859375 0.035807291666666664 0.1630859375 0.07161458333333333
6 0.2548828125 0.035807291666666664 0.107421875 0.07161458333333333
6 0.37158203125 0.035807291666666664 0.0888671875 0.07161458333333333
6 0.46630859375 0.035807291666666664 0.0634765625 0.07161458333333333
6 0.54736328125 0.035807291666666664 0.0615234375 0.07161458333333333
6 0.6396484375 0.035807291666666664 0.0859375 0.07161458333333333
6 0.72216796875 0.035807291666666664 0.0419921875 0.07161458333333333
0 0.78857421875 0.035807291666666664 0.0732421875 0.07161458333333333
7 0.89697265625 0.035807291666666664 0.1025390625 0.07161458333333333
2 0.5 0.12109375 0.9609375 0.046875
4 0.21240234375 0.3919270833333333 0.3857421875 0.4427083333333333
0 0.21240234375 0.3919270833333333 0.3857421875 0.4427083333333333
0 0.0634765625 0.4615885416666667 0.064453125 0.016927083333333332
2 0.21240234375 0.5358072916666666 0.3623046875 0.12109375
4 0.556640625 0.2779947916666667 0.2734375 0.21484375
0 0.556640625 0.2779947916666667 0.2734375 0.21484375
0 0.453125 0.2740885416666667 0.04296875 0.016927083333333332
2 0.55615234375 0.3287760416666667 0.2490234375 0.08203125
4 0.84375 0.2779947916666667 0.2734375 0.21484375
0 0.84375 0.2779947916666667 0.2734375 0.21484375
0 0.75146484375 0.2740885416666667 0.0634765625 0.016927083333333332
2 0.84423828125 0.3287760416666667 0.2490234375 0.08203125
4 0.556640625 0.51171875 0.2734375 0.21614583333333334
0 0.556640625 0.51171875 0.2734375 0.21614583333333334
0 0.4638671875 0.5071614583333334 0.064453125 0.016927083333333332
2 0.55615234375 0.5618489583333334 0.2490234375 0.08203125
4 0.84375 0.51171875 0.2734375 0.21614583333333334
0 0.84375 0.51171875 0.2734375 0.21614583333333334
0 0.75 0.5071614583333334 0.060546875 0.016927083333333332
2 0.84423828125 0.5618489583333334 0.2490234375 0.08203125
2 0.33984375 0.7532552083333334 0.640625 0.061197916666666664
4 0.1396484375 0.9010416666666666 0.240234375 0.19791666666666666
0 0.1396484375 0.9010416666666666 0.240234375 0.19791666666666666
0 0.474609375 0.810546875 0.37109375 0.016927083333333332
2 0.474609375 0.9049479166666666 0.37109375 0.16145833333333334
7 0.474609375 0.9954427083333334 0.37109375 0.009114583333333334
2 0.83984375 0.7532552083333334 0.28125 0.061197916666666664
4 0.83984375 0.9010416666666666 0.28125 0.19791666666666666
0 0.83984375 0.9010416666666666 0.28125 0.19791666666666666
0 0.74267578125 0.9342447916666666 0.0673828125 0.016927083333333332
2 0.83984375 0.9739583333333334 0.26171875 0.052083333333333336