0 0.029296875 0.039713541666666664 0.01953125 0.032552083333333336
2 0.11474609375 0.036458333333333336 0.1123046875 0.033854166666666664
0 0.11474609375 0.033854166666666664 0.1123046875 0.06770833333333333
7 0.921875 0.035807291666666664 0.052734375 0.029947916666666668
0 0.921875 0.035807291666666664 0.1171875 0.05859375
2 0.5 0.16276041666666666 0.90234375 0.06510416666666667
2 0.5 0.22786458333333334 0.90234375 0.06510416666666667
2 0.5 0.29296875 0.90234375 0.06510416666666667
7 0.19091796875 0.361328125 0.2841796875 0.032552083333333336
7 0.125 0.3938802083333333 0.15234375 0.032552083333333336
7 0.162109375 0.458984375 0.166015625 0.029947916666666668
0 0.162109375 0.458984375 0.2265625 0.05859375
7 0.162109375 0.5045572916666666 0.2265625 0.032552083333333336
7 0.2197265625 0.59765625 0.341796875 0.0703125
6 0.15576171875 0.62109375 0.0341796875 0.0234375
7 0.17431640625 0.62109375 0.0029296875 0.0234375
4 0.685546875 0.4602864583333333 0.53125 0.6393229166666666
4 0.20703125 0.8567708333333334 0.033203125 0.046875
2 0.20703125 0.9153645833333334 0.17578125 0.03125
7 0.20703125 0.96484375 0.17578125 0.0546875
4 0.40234375 0.8515625 0.04296875 0.057291666666666664
2 0.40234375 0.9153645833333334 0.17578125 0.03125
7 0.40234375 0.96484375 0.17578125 0.0546875
4 0.59765625 0.8515625 0.04296875 0.057291666666666664
2 0.59765625 0.9153645833333334 0.17578125 0.03125
7 0.59765625 0.9544270833333334 0.17578125 0.033854166666666664
4 0.79296875 0.8515625 0.04296875 0.057291666666666664
2 0.79296875 0.9153645833333334 0.17578125 0.03125
7 0.79296875 0.9544270833333334 0.17578125 0.033854166666666664