0 0.23193359375 0.02734375 0.0771484375 0.028645833333333332
0 0.88427734375 0.02734375 0.0869140625 0.028645833333333332
4 0.1767578125 0.19791666666666666 0.294921875 0.22135416666666666
0 0.1767578125 0.28125 0.294921875 0.3880208333333333
7 0.1767578125 0.404296875 0.294921875 0.14192708333333334
7 0.1767578125 0.5110677083333334 0.294921875 0.07421875
0 0.1767578125 0.572265625 0.294921875 0.024739583333333332
7 0.38720703125 0.1328125 0.0693359375 0.09114583333333333
0 0.43603515625 0.08723958333333333 0.0009765625 0
7 0.51904296875 0.11197916666666667 0.1669921875 0.08072916666666667
0 0.5 0.1640625 0.294921875 0.0234375
7 0.38720703125 0.25 0.0693359375 0.09114583333333333
0 0.43603515625 0.20442708333333334 0.0009765625 0
7 0.52783203125 0.22916666666666666 0.1845703125 0.08072916666666667
0 0.5 0.28125 0.294921875 0.0234375
7 0.38720703125 0.3671875 0.0693359375 0.09114583333333333
0 0.43603515625 0.3216145833333333 0.0009765625 0
7 0.5322265625 0.3463541666666667 0.193359375 0.08072916666666667
0 0.5 0.3984375 0.294921875 0.0234375
7 0.38720703125 0.484375 0.0693359375 0.09114583333333333
0 0.43603515625 0.4388020833333333 0.0009765625 0
7 0.53173828125 0.4798177083333333 0.1923828125 0.11328125
0 0.5 0.5481770833333334 0.294921875 0.0234375
3 0.82275390625 0.25 0.2939453125 0.3255208333333333
7 0.82275390625 0.4453125 0.2451171875 0.028645833333333332
1 0.81884765625 0.5104166666666666 0.2373046875 0.044270833333333336
0 0.81884765625 0.5638020833333334 0.2373046875 0.044270833333333336
6 0.8212890625 0.6002604166666666 0.046875 0.015625
7 0.8466796875 0.6002604166666666 0.00390625 0.015625
3 0.5 0.7161458333333334 0.7109375 0.1171875
0 0.0751953125 0.8365885416666666 0.08203125 0.045572916666666664
2 0.43212890625 0.9322916666666666 0.3662109375 0.07291666666666667
7 0.4462890625 0.9830729166666666 0.39453125 0.033854166666666664
2 0.8193359375 0.8828125 0.29296875 0.033854166666666664
7 0.734375 0.9342447916666666 0.123046875 0.024739583333333332
6 0.86962890625 0.9342447916666666 0.1474609375 0.024739583333333332
7 0.736328125 0.9759114583333334 0.126953125 0.024739583333333332
6 0.86279296875 0.9759114583333334 0.1259765625 0.024739583333333332
7 0.49951171875 0.947265625 0.9697265625 0.048177083333333336
6 0.5498046875 0.9622395833333334 0.076171875 0.020833333333333332
7 0.5888671875 0.9622395833333334 0.00390625 0.020833333333333332
0 0.619140625 0.9635416666666666 0.037109375 0.033854166666666664