4 0.5 0.166015625 0.8828125 0.06640625
0 0.12255859375 0.16341145833333334 0.1357421875 0.061197916666666664
2 0.31494140625 0.162109375 0.2294921875 0.06901041666666667
0 0.31494140625 0.18684895833333334 0.2294921875 0.022135416666666668
7 0.5 0.22330729166666666 0.8828125 0.02734375
2 0.35986328125 0.451171875 0.6025390625 0.08203125
7 0.10400390625 0.5130208333333334 0.0908203125 0.026041666666666668
7 0.3623046875 0.626953125 0.607421875 0.06380208333333333
7 0.3505859375 0.732421875 0.583984375 0.06901041666666667
6 0.3134765625 0.7747395833333334 0.509765625 0.06770833333333333
7 0.36279296875 0.8912760416666666 0.6083984375 0.21744791666666666
1 0.8203125 0.4518229166666667 0.208984375 0.044270833333333336
4 0.7275390625 0.5319010416666666 0.0234375 0.032552083333333336
2 0.77392578125 0.5299479166666666 0.0400390625 0.03125
7 0.9130859375 0.5299479166666666 0.0234375 0.03125
7 0.7265625 0.6022135416666666 0.0234375 0.032552083333333336
2 0.7763671875 0.6009114583333334 0.044921875 0.032552083333333336
7 0.9130859375 0.6009114583333334 0.0234375 0.032552083333333336
4 0.7275390625 0.6712239583333334 0.0234375 0.032552083333333336
0 0.74951171875 0.666015625 0.0673828125 0.032552083333333336
2 0.7685546875 0.6712239583333334 0.029296875 0.032552083333333336
3 0.8203125 0.7727864583333334 0.166015625 0.06380208333333333
7 0.81982421875 0.8404947916666666 0.1005859375 0.016927083333333332
0 0.8203125 0.8404947916666666 0.115234375 0.029947916666666668
4 0.8037109375 0.8834635416666666 0.013671875 0.01953125
7 0.8310546875 0.88671875 0.03125 0.018229166666666668
7 0.7958984375 0.9641927083333334 0.142578125 0.022135416666666668
6 0.85546875 0.9765625 0.12109375 0.046875
7 0.84375 0.9889322916666666 0.00390625 0.022135416666666668