4 0.046875 0.03125 0.046875 0.03125
0 0.041015625 0.03125 0.08203125 0.0625
0 0.14404296875 0.03125 0.1005859375 0.0625
0 0.26025390625 0.03125 0.1318359375 0.0625
0 0.3828125 0.03125 0.11328125 0.0625
0 0.4677734375 0.03125 0.056640625 0.0625
1 0.875 0.03125 0.25 0.03125
1 0.875 0.03125 0.25 0.03125
7 0.375 0.14713541666666666 0.703125 0.0625
7 0.375 0.24088541666666666 0.703125 0.0625
2 0.875 0.13020833333333334 0.203125 0.0625
0 0.7978515625 0.17708333333333334 0.048828125 0.03125
7 0.82958984375 0.17708333333333334 0.0146484375 0.03125
6 0.87841796875 0.17903645833333334 0.0830078125 0.022135416666666668
7 0.92724609375 0.17708333333333334 0.0146484375 0.03125
6 0.80419921875 0.212890625 0.0615234375 0.022135416666666668
0 0.7978515625 0.24479166666666666 0.048828125 0.03125
7 0.82958984375 0.24479166666666666 0.0146484375 0.03125
6 0.87841796875 0.24674479166666666 0.0830078125 0.022135416666666668
7 0.92724609375 0.24479166666666666 0.0146484375 0.03125
6 0.80419921875 0.2805989583333333 0.0615234375 0.022135416666666668
0 0.7978515625 0.3125 0.048828125 0.03125
7 0.82958984375 0.3125 0.0146484375 0.03125
6 0.87841796875 0.314453125 0.0830078125 0.022135416666666668
7 0.92724609375 0.3125 0.0146484375 0.03125
6 0.80419921875 0.3483072916666667 0.0615234375 0.022135416666666668
7 0.68017578125 0.45703125 0.0849609375 0.0625
2 0.1337890625 0.45703125 0.220703125 0.036458333333333336
7 0.373046875 0.5559895833333334 0.69921875 0.0703125
7 0.373046875 0.6399739583333334 0.69921875 0.03515625
7 0.19970703125 0.7063802083333334 0.3525390625 0.024739583333333332
0 0.43359375 0.70703125 0.115234375 0.026041666666666668
7 0.36279296875 0.7239583333333334 0.6787109375 0.059895833333333336
0 0.2412109375 0.7421875 0.201171875 0.026041666666666668
7 0.4765625 0.7415364583333334 0.26953125 0.024739583333333332
0 0.6494140625 0.7421875 0.076171875 0.026041666666666668
7 0.689453125 0.7415364583333334 0.00390625 0.024739583333333332
7 0.68017578125 0.8515625 0.0849609375 0.0625
2 0.1337890625 0.8515625 0.220703125 0.036458333333333336
7 0.373046875 0.9505208333333334 0.69921875 0.0703125
0 0.875 0.443359375 0.203125 0.032552083333333336
0 0.88232421875 0.5065104166666666 0.1708984375 0.0234375
0 0.88330078125 0.5533854166666666 0.1728515625 0.0546875
0 0.83984375 0.6002604166666666 0.0859375 0.0234375
0 0.88330078125 0.6315104166666666 0.1728515625 0.0234375
0 0.875 0.6946614583333334 0.203125 0.032552083333333336
0 0.875 0.7584635416666666 0.203125 0.032552083333333336
7 0.875 0.822265625 0.203125 0.032552083333333336
7 0.86962890625 0.884765625 0.1025390625 0.024739583333333332
0 0.8583984375 0.8854166666666666 0.123046875 0.026041666666666668