4 0.1552734375 0.07552083333333333 0.25 0.125
0 0.19970703125 0.07552083333333333 0.3388671875 0.125
0 0.76611328125 0.037109375 0.1123046875 0.029947916666666668
0 0.8974609375 0.037109375 0.119140625 0.029947916666666668
0 0.52880859375 0.11263020833333333 0.2236328125 0.02734375
0 0.74072265625 0.11263020833333333 0.1630859375 0.02734375
0 0.9052734375 0.11263020833333333 0.12890625 0.02734375
4 0.1044921875 0.19596354166666666 0.126953125 0.06640625
4 0.2861328125 0.19596354166666666 0.205078125 0.06640625
4 0.4677734375 0.19596354166666666 0.126953125 0.06640625
4 0.6103515625 0.19596354166666666 0.126953125 0.06640625
4 0.7529296875 0.19596354166666666 0.126953125 0.06640625
4 0.8955078125 0.19596354166666666 0.126953125 0.06640625
4 0.5 0.478515625 0.9375 0.4700520833333333
4 0.984375 0.478515625 0.03125 0.4700520833333333
7 0.3046875 0.6139322916666666 0.28515625 0.037760416666666664
0 0.3046875 0.6315104166666666 0.3515625 0.11197916666666667
7 0.3046875 0.650390625 0.306640625 0.037760416666666664
7 0.6953125 0.6139322916666666 0.201171875 0.037760416666666664
0 0.6953125 0.6315104166666666 0.3515625 0.11197916666666667
7 0.6953125 0.650390625 0.251953125 0.037760416666666664
4 0.0712890625 0.478515625 0.01953125 0.061197916666666664
4 0.9287109375 0.478515625 0.01953125 0.061197916666666664
7 0.5 0.7662760416666666 0.7890625 0.05078125
7 0.5 0.80859375 0.794921875 0.036458333333333336
7 0.2119140625 0.90234375 0.28515625 0.044270833333333336
7 0.2119140625 0.9368489583333334 0.361328125 0.03515625
7 0.2119140625 0.9700520833333334 0.279296875 0.044270833333333336
4 0.470703125 0.9368489583333334 0.0859375 0.11588541666666667
0 0.470703125 0.939453125 0.1171875 0.12109375
4 0.607421875 0.9368489583333334 0.0859375 0.11588541666666667
0 0.607421875 0.939453125 0.1171875 0.12109375
4 0.744140625 0.9368489583333334 0.0859375 0.11588541666666667
0 0.744140625 0.939453125 0.1171875 0.12109375
4 0.880859375 0.9368489583333334 0.0859375 0.11588541666666667
0 0.880859375 0.939453125 0.1171875 0.12109375