2 0.13330078125 0.10416666666666667 0.1962890625 0.07552083333333333
0 0.13330078125 0.10416666666666667 0.1962890625 0.07552083333333333
6 0.71240234375 0.103515625 0.1689453125 0.024739583333333332
6 0.91455078125 0.103515625 0.1005859375 0.024739583333333332
7 0.80859375 0.026041666666666668 0.064453125 0.020833333333333332
0 0.79638671875 0.026041666666666668 0.0888671875 0.052083333333333336
4 0.87939453125 0.026041666666666668 0.0244140625 0.03125
0 0.916015625 0.026041666666666668 0.09765625 0.052083333333333336
7 0.93017578125 0.026041666666666668 0.0693359375 0.020833333333333332
7 0.46240234375 0.1875 0.5771484375 0.020833333333333332
6 0.78759765625 0.1875 0.0751953125 0.020833333333333332
4 0.5 0.5755208333333334 1 0.7135416666666666
2 0.5 0.52734375 0.80078125 0.14583333333333334
0 0.5 0.6614583333333334 0.2734375 0.0703125
7 0.5 0.8515625 0.033203125 0.020833333333333332
0 0.5 0.859375 0.078125 0.10416666666666667
4 0.5 0.9661458333333334 1 0.06770833333333333
6 0.2978515625 0.916015625 0.056640625 0.022135416666666668
6 0.37548828125 0.916015625 0.0498046875 0.022135416666666668
6 0.47802734375 0.916015625 0.1103515625 0.022135416666666668
6 0.59716796875 0.916015625 0.0810546875 0.022135416666666668
6 0.6962890625 0.916015625 0.068359375 0.022135416666666668
6 0.09521484375 0.9498697916666666 0.0576171875 0.01953125
6 0.1806640625 0.9498697916666666 0.07421875 0.01953125
6 0.29833984375 0.9498697916666666 0.1220703125 0.01953125
6 0.4130859375 0.9498697916666666 0.0703125 0.01953125
6 0.525390625 0.9498697916666666 0.115234375 0.01953125
6 0.65625 0.9498697916666666 0.10546875 0.01953125
7 0.8310546875 0.9498697916666666 0.205078125 0.022135416666666668
7 0.5 0.89453125 0.998046875 0.036458333333333336
7 0.06689453125 0.935546875 0.0927734375 0.024739583333333332
6 0.2431640625 0.935546875 0.259765625 0.024739583333333332
7 0.39990234375 0.9479166666666666 0.7587890625 0.049479166666666664
6 0.32275390625 0.9602864583333334 0.0869140625 0.024739583333333332
7 0.5126953125 0.9602864583333334 0.29296875 0.024739583333333332
7 0.9111328125 0.9518229166666666 0.13671875 0.041666666666666664
0 0.9111328125 0.9518229166666666 0.13671875 0.041666666666666664
7 0.7431640625 0.18880208333333334 0.05859375 0.0390625
7 0.30029296875 0.169921875 0.1455078125 0.024739583333333332
6 0.4951171875 0.169921875 0.244140625 0.024739583333333332
4 0.98681640625 0.75 0.0087890625 0.013020833333333334
0 0.98681640625 0.65234375 0.0263671875 0.046875
7 0.9892578125 0.66015625 0.021484375 0.0234375