4 0 0.001953125 0 0.00390625
0 0.033203125 0.022135416666666668 0.06640625 0.020833333333333332
7 0.0859375 0.022135416666666668 0.025390625 0.020833333333333332
7 0.13623046875 0.022135416666666668 0.0576171875 0.020833333333333332
4 0.1796875 0.022135416666666668 0.015625 0.020833333333333332
4 0.205078125 0.022135416666666668 0.015625 0.020833333333333332
4 0.23046875 0.021484375 0.015625 0.01953125
4 0.74609375 0.022135416666666668 0.013671875 0.0234375
0 0.77392578125 0.022135416666666668 0.0693359375 0.044270833333333336
7 0.783203125 0.022135416666666668 0.05078125 0.020833333333333332
4 0.8349609375 0.022135416666666668 0.017578125 0.0234375
7 0.8740234375 0.022135416666666668 0.05078125 0.044270833333333336
6 0.931640625 0.022135416666666668 0.025390625 0.044270833333333336
6 0.9775390625 0.022135416666666668 0.025390625 0.044270833333333336
4 0.0791015625 0.09375 0.158203125 0.06510416666666667
0 0.0986328125 0.099609375 0.197265625 0.07682291666666667
1 0.54443359375 0.09114583333333333 0.6689453125 0.044270833333333336
4 0.908203125 0.09114583333333333 0.013671875 0.018229166666666668
0 0.908203125 0.09114583333333333 0.05859375 0.044270833333333336
0 0.220703125 0.1328125 0.046875 0.018229166666666668
0 0.28271484375 0.1328125 0.0517578125 0.018229166666666668
0 0.34423828125 0.1328125 0.0478515625 0.018229166666666668
0 0.41162109375 0.1328125 0.0634765625 0.018229166666666668
0 0.47900390625 0.1328125 0.0478515625 0.018229166666666668
0 0.5517578125 0.1328125 0.07421875 0.018229166666666668
0 0.63623046875 0.1328125 0.0712890625 0.018229166666666668
4 0.9677734375 0.10026041666666667 0.025390625 0.033854166666666664
4 0.9306640625 0.8131510416666666 0.080078125 0.10807291666666667
0 0.9306640625 0.8131510416666666 0.080078125 0.10807291666666667
4 0.28271484375 0.4713541666666667 0.0087890625 0.010416666666666666
4 0.30029296875 0.4713541666666667 0.0087890625 0.010416666666666666
4 0.31787109375 0.4713541666666667 0.0087890625 0.010416666666666666
4 0.33544921875 0.4713541666666667 0.0087890625 0.010416666666666666
4 0.35302734375 0.4713541666666667 0.0087890625 0.010416666666666666
4 0.37060546875 0.4713541666666667 0.0087890625 0.010416666666666666
4 0.38818359375 0.4713541666666667 0.0087890625 0.010416666666666666
4 0.40576171875 0.4713541666666667 0.0087890625 0.010416666666666666
4 0.42333984375 0.4713541666666667 0.0087890625 0.010416666666666666
4 0.44091796875 0.4713541666666667 0.0087890625 0.010416666666666666
4 0.45849609375 0.4713541666666667 0.0087890625 0.010416666666666666
4 0.47607421875 0.4713541666666667 0.0087890625 0.010416666666666666
4 0.49365234375 0.4713541666666667 0.0087890625 0.010416666666666666
4 0.89111328125 0.2688802083333333 0.2177734375 0.14973958333333334
0 0.89111328125 0.2688802083333333 0.2177734375 0.14973958333333334
4 0.89111328125 0.4251302083333333 0.2177734375 0.14973958333333334
0 0.89111328125 0.4251302083333333 0.2177734375 0.14973958333333334
4 0.05859375 0.5657552083333334 0.044921875 0.05859375
0 0.05859375 0.5833333333333334 0.09765625 0.140625
7 0.05859375 0.6145833333333334 0.09765625 0.018229166666666668
4 0.17578125 0.5657552083333334 0.044921875 0.05859375
0 0.17578125 0.5833333333333334 0.09765625 0.140625
7 0.17578125 0.6145833333333334 0.09765625 0.018229166666666668
4 0.29296875 0.5657552083333334 0.044921875 0.05859375
0 0.29296875 0.5833333333333334 0.09765625 0.140625
7 0.29296875 0.6145833333333334 0.09765625 0.018229166666666668
4 0.41015625 0.5657552083333334 0.044921875 0.05859375
0 0.41015625 0.5833333333333334 0.09765625 0.140625
7 0.41015625 0.6145833333333334 0.09765625 0.018229166666666668
4 0.52734375 0.5657552083333334 0.044921875 0.05859375
0 0.52734375 0.5833333333333334 0.09765625 0.140625
7 0.52734375 0.6145833333333334 0.09765625 0.018229166666666668
4 0.64453125 0.5657552083333334 0.044921875 0.05859375
0 0.64453125 0.5833333333333334 0.09765625 0.140625
7 0.64453125 0.6145833333333334 0.09765625 0.018229166666666668
4 0.76171875 0.5657552083333334 0.044921875 0.05859375
0 0.76171875 0.5833333333333334 0.09765625 0.140625
7 0.76171875 0.6145833333333334 0.09765625 0.018229166666666668
4 0.87890625 0.5657552083333334 0.044921875 0.05859375
0 0.87890625 0.5833333333333334 0.09765625 0.140625
7 0.87890625 0.6145833333333334 0.09765625 0.018229166666666668
4 0.98681640625 0.5657552083333334 0.0263671875 0.05859375
0 0.9736328125 0.5833333333333334 0.052734375 0.140625
7 0.9736328125 0.6145833333333334 0.052734375 0.018229166666666668
4 0.5 0.7513020833333334 1 0.14322916666666666
7 0.509765625 0.8880208333333334 0.98046875 0.026041666666666668
4 0.05810546875 0.9713541666666666 0.0830078125 0.057291666666666664
0 0.05859375 0.9641927083333334 0.1171875 0.07161458333333333
4 0.17529296875 0.9713541666666666 0.0830078125 0.057291666666666664
0 0.17578125 0.9641927083333334 0.1171875 0.07161458333333333
4 0.29248046875 0.9713541666666666 0.0830078125 0.057291666666666664
0 0.29296875 0.9641927083333334 0.1171875 0.07161458333333333
4 0.40966796875 0.9713541666666666 0.0830078125 0.057291666666666664
0 0.41015625 0.9641927083333334 0.1171875 0.07161458333333333
4 0.52685546875 0.9713541666666666 0.0830078125 0.057291666666666664
0 0.52734375 0.9641927083333334 0.1171875 0.07161458333333333
4 0.64404296875 0.9713541666666666 0.0830078125 0.057291666666666664
0 0.64453125 0.9641927083333334 0.1171875 0.07161458333333333
4 0.76123046875 0.9713541666666666 0.0830078125 0.057291666666666664
0 0.76171875 0.9641927083333334 0.1171875 0.07161458333333333
4 0.87841796875 0.9713541666666666 0.0830078125 0.057291666666666664
0 0.87890625 0.9641927083333334 0.1171875 0.07161458333333333
4 0.97705078125 0.9713541666666666 0.0458984375 0.057291666666666664
0 0.96875 0.9641927083333334 0.0625 0.07161458333333333
4 0.5 0.5 1 1
4 0.5 0.5 0.33984375 0.5625
0 0.5 0.5 0.33984375 0.5625
4 0.6650390625 0.22526041666666666 0.01171875 0.015625