4 0.1025390625 0.03515625 0.158203125 0.03125
0 0.1025390625 0.036458333333333336 0.158203125 0.052083333333333336
7 0.22900390625 0.0390625 0.0478515625 0.0234375
0 0.23681640625 0.036458333333333336 0.0791015625 0.052083333333333336
7 0.31298828125 0.0390625 0.0576171875 0.0234375
0 0.32080078125 0.036458333333333336 0.0888671875 0.052083333333333336
7 0.40625 0.0390625 0.06640625 0.0234375
0 0.4140625 0.036458333333333336 0.09765625 0.052083333333333336
7 0.490234375 0.0390625 0.0390625 0.0234375
0 0.498046875 0.036458333333333336 0.0703125 0.052083333333333336
0 0.6474609375 0.036458333333333336 0.056640625 0.052083333333333336
7 0.73291015625 0.0390625 0.0439453125 0.028645833333333332
0 0.8125 0.036458333333333336 0.060546875 0.052083333333333336
0 0.88525390625 0.036458333333333336 0.0693359375 0.052083333333333336
0 0.9521484375 0.036458333333333336 0.048828125 0.052083333333333336
7 0.107421875 0.11458333333333333 0.0703125 0.046875
0 0.09716796875 0.11458333333333333 0.1455078125 0.0625
1 0.55029296875 0.11458333333333333 0.7587890625 0.0625
4 0.953125 0.11588541666666667 0.046875 0.0625
2 0.5 0.341796875 0.796875 0.06901041666666667
2 0.5 0.4251302083333333 0.796875 0.07942708333333333
0 0.5 0.5266927083333334 0.30859375 0.06380208333333333
0 0.5 0.58203125 0.796875 0.049479166666666664
4 0.5 0.41015625 1 0.8203125
4 0.5 0.7955729166666666 0.005859375 0.0078125
4 0.521484375 0.7955729166666666 0.005859375 0.0078125
2 0.5 0.8841145833333334 0.50390625 0.0390625
4 0.16357421875 0.9778645833333334 0.0888671875 0.0390625
4 0.3037109375 0.9778645833333334 0.052734375 0.0390625
4 0.4365234375 0.9778645833333334 0.07421875 0.0390625
4 0.59375 0.9778645833333334 0.1015625 0.0390625
4 0.79736328125 0.9778645833333334 0.1669921875 0.0390625
7 0.48828125 0.8502604166666666 0.486328125 0.0390625
0 0.5 0.921875 0.365234375 0.0625