4 0.1025390625 0.041666666666666664 0.142578125 0.041666666666666664
0 0.1025390625 0.041666666666666664 0.142578125 0.041666666666666664
0 0.44091796875 0.041666666666666664 0.0341796875 0.028645833333333332
0 0.53857421875 0.041666666666666664 0.0908203125 0.028645833333333332
0 0.63818359375 0.041666666666666664 0.0380859375 0.028645833333333332
0 0.71923828125 0.041666666666666664 0.0537109375 0.028645833333333332
0 0.802734375 0.041666666666666664 0.04296875 0.028645833333333332
0 0.90966796875 0.041666666666666664 0.1181640625 0.057291666666666664
2 0.5 0.18880208333333334 1 0.0703125
7 0.5 0.2890625 0.6640625 0.08333333333333333
0 0.5 0.4055989583333333 0.26953125 0.055989583333333336
4 0.103515625 0.5234375 0.13671875 0.0390625
4 0.34814453125 0.5234375 0.2275390625 0.0390625
4 0.56884765625 0.5234375 0.0888671875 0.0390625
4 0.73779296875 0.5234375 0.1240234375 0.0390625
4 0.9140625 0.5234375 0.103515625 0.0390625
1 0.4833984375 0.7200520833333334 0.703125 0.0703125
4 0.2001953125 0.9368489583333334 0.169921875 0.12630208333333334
0 0.2001953125 0.9368489583333334 0.169921875 0.12630208333333334
4 0.40380859375 0.9368489583333334 0.1689453125 0.12630208333333334
0 0.40380859375 0.9368489583333334 0.1689453125 0.12630208333333334
4 0.607421875 0.9368489583333334 0.169921875 0.12630208333333334
0 0.607421875 0.9368489583333334 0.169921875 0.12630208333333334
4 0.8115234375 0.9368489583333334 0.169921875 0.12630208333333334
0 0.8115234375 0.9368489583333334 0.169921875 0.12630208333333334
4 0.96533203125 0.9368489583333334 0.0693359375 0.12630208333333334
0 0.96533203125 0.9368489583333334 0.0693359375 0.12630208333333334
3 0.9658203125 0.9427083333333334 0.068359375 0.078125