4 0.08837890625 0.035807291666666664 0.1181640625 0.032552083333333336
0 0.08837890625 0.0390625 0.1181640625 0.0390625
0 0.201171875 0.0390625 0.068359375 0.07552083333333333
0 0.30908203125 0.0390625 0.1103515625 0.07552083333333333
0 0.43310546875 0.0390625 0.1005859375 0.07552083333333333
4 0.6123046875 0.0390625 0.017578125 0.0234375
0 0.6123046875 0.0390625 0.017578125 0.0390625
4 0.6494140625 0.0390625 0.017578125 0.0234375
0 0.6494140625 0.0390625 0.017578125 0.0390625
7 0.712890625 0.0390625 0.0390625 0.020833333333333332
0 0.712890625 0.0390625 0.0703125 0.041666666666666664
7 0.8076171875 0.0390625 0.048828125 0.020833333333333332
0 0.8076171875 0.0390625 0.080078125 0.041666666666666664
7 0.93017578125 0.0390625 0.0498046875 0.020833333333333332
0 0.9189453125 0.0390625 0.103515625 0.041666666666666664
2 0.28564453125 0.3841145833333333 0.3662109375 0.2994791666666667
2 0.33349609375 0.3756510416666667 0.4619140625 0.10546875
0 0.1611328125 0.50390625 0.1171875 0.059895833333333336
3 0.75 0.3385416666666667 0.5 0.6770833333333334
4 0.208984375 0.8072916666666666 0.173828125 0.13020833333333334
2 0.208984375 0.9518229166666666 0.26171875 0.059895833333333336
7 0.208984375 0.9973958333333334 0.26171875 0.005208333333333333
4 0.5 0.8072916666666666 0.177734375 0.13020833333333334
2 0.5 0.9518229166666666 0.26171875 0.059895833333333336
7 0.5 0.9973958333333334 0.26171875 0.005208333333333333
4 0.791015625 0.8072916666666666 0.1796875 0.13020833333333334
2 0.791015625 0.9518229166666666 0.26171875 0.059895833333333336
7 0.791015625 0.9973958333333334 0.26171875 0.005208333333333333
7 0.44677734375 0.94140625 0.8349609375 0.049479166666666664
6 0.154296875 0.9537760416666666 0.087890625 0.024739583333333332
7 0.2001953125 0.9537760416666666 0.00390625 0.024739583333333332
7 0.9326171875 0.94140625 0.044921875 0.020833333333333332
0 0.9326171875 0.94140625 0.076171875 0.041666666666666664