4 0.03271484375 0.029296875 0.0244140625 0.032552083333333336
7 0.396484375 0.028645833333333332 0.685546875 0.020833333333333332
0 0.94677734375 0.029296875 0.0654296875 0.03515625
7 0.216796875 0.09114583333333333 0.052734375 0.028645833333333332
0 0.21484375 0.095703125 0.068359375 0.07161458333333333
0 0.28955078125 0.091796875 0.0810546875 0.06380208333333333
0 0.369140625 0.09244791666666667 0.072265625 0.06510416666666667
7 0.8056640625 0.09375 0.0859375 0.020833333333333332
0 0.80615234375 0.09375 0.1181640625 0.06770833333333333
7 0.90087890625 0.09375 0.0400390625 0.020833333333333332
0 0.9033203125 0.09375 0.076171875 0.06770833333333333
2 0.2646484375 0.3274739583333333 0.353515625 0.18880208333333334
2 0.2646484375 0.4583333333333333 0.353515625 0.049479166666666664
7 0.18798828125 0.5130208333333334 0.2001953125 0.020833333333333332
6 0.3271484375 0.5130208333333334 0.078125 0.020833333333333332
7 0.3798828125 0.5130208333333334 0.029296875 0.020833333333333332
6 0.26171875 0.525390625 0.34765625 0.045572916666666664
7 0.14794921875 0.5377604166666666 0.0048828125 0.020833333333333332
7 0.1806640625 0.6393229166666666 0.125 0.0234375
0 0.18115234375 0.6399739583333334 0.1865234375 0.06640625
6 0.1787109375 0.6953125 0.083984375 0.0234375
7 0.25732421875 0.91796875 0.4560546875 0.1640625
0 0.25732421875 0.91796875 0.4560546875 0.1640625
7 0.74267578125 0.91796875 0.4560546875 0.1640625
0 0.74267578125 0.91796875 0.4560546875 0.1640625