7 0.41943359375 0.94921875 0.7900390625 0.0546875
0 0.2861328125 0.96484375 0.078125 0.036458333333333336
0 0.90673828125 0.9505208333333334 0.1376953125 0.046875
4 0.04638671875 0.042317708333333336 0.0439453125 0.05859375
0 0.041015625 0.044270833333333336 0.04296875 0.057291666666666664
4 0.04345703125 0.042317708333333336 0.0439453125 0.05859375
4 0.041015625 0.044270833333333336 0.04296875 0.057291666666666664
4 0.109375 0.04296875 0.078125 0.0390625
7 0.50244140625 0.04296875 0.1181640625 0.028645833333333332
0 0.50244140625 0.04296875 0.1416015625 0.0546875
7 0.6142578125 0.04296875 0.048828125 0.028645833333333332
0 0.6142578125 0.04296875 0.072265625 0.0546875
7 0.697265625 0.04296875 0.060546875 0.028645833333333332
0 0.697265625 0.04296875 0.083984375 0.0546875
7 0.77880859375 0.04296875 0.0458984375 0.028645833333333332
0 0.77880859375 0.04296875 0.0693359375 0.0546875
7 0.87646484375 0.04296875 0.0419921875 0.028645833333333332
0 0.87646484375 0.04296875 0.0654296875 0.0546875
7 0.9521484375 0.04296875 0.052734375 0.028645833333333332
0 0.9521484375 0.04296875 0.076171875 0.0546875
4 0.5 0.5 1 1
2 0.24609375 0.3079427083333333 0.443359375 0.13671875
2 0.24609375 0.4264322916666667 0.443359375 0.05078125
0 0.09423828125 0.5260416666666666 0.1396484375 0.07291666666666667
0 0.2568359375 0.5260416666666666 0.138671875 0.07291666666666667
7 0.19775390625 0.6145833333333334 0.2548828125 0.020833333333333332
0 0.1787109375 0.615234375 0.30859375 0.03515625
4 0.4921875 0.20572916666666666 0.0078125 0.010416666666666666
4 0.5029296875 0.20572916666666666 0.0078125 0.010416666666666666
4 0.513671875 0.20572916666666666 0.0078125 0.010416666666666666
4 0.84912109375 0.4830729166666667 0.0595703125 0.078125
4 0.85302734375 0.4153645833333333 0.0595703125 0.078125
4 0.83349609375 0.3528645833333333 0.0595703125 0.078125
4 0.86474609375 0.2838541666666667 0.0595703125 0.078125
4 0.80615234375 0.2916666666666667 0.0595703125 0.078125
4 0.77294921875 0.3359375 0.0673828125 0.06770833333333333
4 0.88720703125 0.3606770833333333 0.0673828125 0.06770833333333333
4 0.66650390625 0.3580729166666667 0.0595703125 0.078125
4 0.75341796875 0.2643229166666667 0.0595703125 0.078125
4 0.69287109375 0.24609375 0.0595703125 0.078125
4 0.65283203125 0.2760416666666667 0.0673828125 0.06770833333333333
4 0.72314453125 0.3372395833333333 0.0595703125 0.078125
4 0.60205078125 0.3580729166666667 0.0595703125 0.078125
4 0.60595703125 0.2786458333333333 0.0595703125 0.078125
4 0.55224609375 0.3190104166666667 0.0673828125 0.06770833333333333
4 0.82666015625 0.5299479166666666 0.0595703125 0.078125
4 0.80224609375 0.56640625 0.0615234375 0.08072916666666667
4 0.91357421875 0.23958333333333334 0.0595703125 0.078125
4 0.86181640625 0.21484375 0.0673828125 0.06770833333333333
4 0.93798828125 0.3151041666666667 0.0595703125 0.078125
4 0.97119140625 0.24348958333333334 0.0576171875 0.06770833333333333
4 0.54052734375 0.23697916666666666 0.0595703125 0.078125
4 0.48681640625 0.2591145833333333 0.0673828125 0.06770833333333333
4 0.79833984375 0.20833333333333334 0.0595703125 0.078125
4 0.75341796875 0.5872395833333334 0.1103515625 0.11979166666666667
4 0.76025390625 0.5807291666666666 0.0673828125 0.08854166666666667
4 0.77685546875 0.5755208333333334 0.0673828125 0.08854166666666667
2 0.75830078125 0.474609375 0.1943359375 0.12109375
2 0.7509765625 0.4869791666666667 0.2265625 0.06510416666666667
4 0.72998046875 0.544921875 0.0068359375 0.009114583333333334
4 0.49072265625 0.9388020833333334 0.0361328125 0.0078125
0 0.5 0.9518229166666666 0.1953125 0.09635416666666667
4 0.51416015625 0.9388020833333334 0.0361328125 0.0078125