4 0.109375 0.033203125 0.1328125 0.048177083333333336
0 0.111328125 0.032552083333333336 0.13671875 0.020833333333333332
0 0.7724609375 0.033203125 0.078125 0.040364583333333336
0 0.85546875 0.031901041666666664 0.06640625 0.06380208333333333
0 0.92138671875 0.031901041666666664 0.0751953125 0.06380208333333333
1 0.33251953125 0.032552083333333336 0.2451171875 0.0390625
0 0.43896484375 0.031901041666666664 0.0322265625 0.037760416666666664
6 0.06103515625 0.08268229166666667 0.0341796875 0.01953125
6 0.11865234375 0.08268229166666667 0.0439453125 0.01953125
6 0.5888671875 0.08268229166666667 0.123046875 0.01953125
6 0.72705078125 0.08268229166666667 0.1162109375 0.01953125
7 0.830078125 0.08268229166666667 0.017578125 0.01953125
6 0.89013671875 0.08268229166666667 0.1025390625 0.01953125
2 0.5 0.17513020833333334 1 0.06380208333333333
2 0.5 0.23046875 1 0.0390625
2 0.50048828125 0.3138020833333333 0.2255859375 0.03125
4 0.1875 0.5162760416666666 0.29296875 0.22005208333333334
0 0.1875 0.515625 0.29296875 0.2942708333333333
6 0.10986328125 0.689453125 0.1181640625 0.022135416666666668
0 0.1875 0.7311197916666666 0.2734375 0.055989583333333336
7 0.0927734375 0.8059895833333334 0.083984375 0.028645833333333332
0 0.22607421875 0.806640625 0.0439453125 0.029947916666666668
6 0.2666015625 0.806640625 0.0234375 0.029947916666666668
0 0.30517578125 0.806640625 0.0380859375 0.029947916666666668
4 0.49951171875 0.5162760416666666 0.2939453125 0.22005208333333334
0 0.49951171875 0.515625 0.2939453125 0.2942708333333333
6 0.416015625 0.689453125 0.107421875 0.022135416666666668
0 0.49951171875 0.7311197916666666 0.2744140625 0.055989583333333336
7 0.404296875 0.8059895833333334 0.083984375 0.028645833333333332
0 0.53857421875 0.806640625 0.0439453125 0.029947916666666668
6 0.5791015625 0.806640625 0.0234375 0.029947916666666668
0 0.61767578125 0.806640625 0.0380859375 0.029947916666666668
4 0.81201171875 0.5162760416666666 0.2939453125 0.27734375
0 0.81201171875 0.515625 0.2939453125 0.2942708333333333
6 0.7412109375 0.689453125 0.1328125 0.022135416666666668
0 0.81201171875 0.7311197916666666 0.2744140625 0.055989583333333336
7 0.716796875 0.8059895833333334 0.083984375 0.028645833333333332
0 0.85107421875 0.806640625 0.0439453125 0.029947916666666668
6 0.8916015625 0.806640625 0.0234375 0.029947916666666668
0 0.93017578125 0.806640625 0.0380859375 0.029947916666666668
2 0.1591796875 0.9231770833333334 0.236328125 0.046875
6 0.9384765625 0.9231770833333334 0.0390625 0.020833333333333332
0 0.1875 0.986328125 0.29296875 0.02734375
0 0.49951171875 0.986328125 0.2939453125 0.02734375
3 0.81494140625 0.98828125 0.2939453125 0.0234375