4 0.1513671875 0.07356770833333333 0.1953125 0.07161458333333333
0 0.1513671875 0.07356770833333333 0.1953125 0.07161458333333333
0 0.7685546875 0.07356770833333333 0.09375 0.040364583333333336
0 0.86376953125 0.07356770833333333 0.0751953125 0.040364583333333336
0 0.9541015625 0.07356770833333333 0.083984375 0.040364583333333336
4 0.201171875 0.2643229166666667 0.126953125 0.16927083333333334
0 0.201171875 0.2786458333333333 0.1875 0.2421875
7 0.201171875 0.4010416666666667 0.080078125 0.028645833333333332
4 0.388671875 0.2643229166666667 0.126953125 0.16927083333333334
0 0.388671875 0.2786458333333333 0.1875 0.2421875
7 0.388671875 0.4010416666666667 0.052734375 0.028645833333333332
4 0.576171875 0.2643229166666667 0.126953125 0.16927083333333334
0 0.576171875 0.2786458333333333 0.1875 0.2421875
7 0.576171875 0.4010416666666667 0.080078125 0.028645833333333332
4 0.763671875 0.2643229166666667 0.126953125 0.16927083333333334
0 0.763671875 0.2786458333333333 0.1875 0.2421875
7 0.763671875 0.4010416666666667 0.0390625 0.028645833333333332
4 0.94384765625 0.2643229166666667 0.1123046875 0.16927083333333334
0 0.9287109375 0.2786458333333333 0.142578125 0.2421875
7 0.951171875 0.4010416666666667 0.064453125 0.028645833333333332
2 0.52685546875 0.5143229166666666 0.9462890625 0.052083333333333336
7 0.576171875 0.5794270833333334 0.60546875 0.052083333333333336
7 0.56787109375 0.6256510416666666 0.0751953125 0.02734375
0 0.576171875 0.6256510416666666 0.146484375 0.02734375
4 0.6162109375 0.625 0.01171875 0.015625
0 0.576171875 0.67578125 0.12890625 0.0390625
2 0.212890625 0.830078125 0.29296875 0.02734375
7 0.52734375 0.8151041666666666 0.068359375 0.026041666666666668
6 0.59228515625 0.8151041666666666 0.0615234375 0.026041666666666668
7 0.74658203125 0.8274739583333334 0.5068359375 0.05078125
2 0.212890625 0.947265625 0.29296875 0.02734375
7 0.212890625 0.9869791666666666 0.29296875 0.026041666666666668
5 0.72412109375 0.9466145833333334 0.5517578125 0.026041666666666668
1 0.72412109375 0.984375 0.5517578125 0.03125
7 0.4267578125 0.9700520833333334 0.365234375 0.020833333333333332
0 0.6484375 0.9720052083333334 0.080078125 0.029947916666666668
7 0.7216796875 0.9720052083333334 0.048828125 0.01953125
0 0.7265625 0.9720052083333334 0.05859375 0.01953125
4 0.75048828125 0.9739583333333334 0.0107421875 0.015625