7 0.06640625 0.0625 0.072265625 0.03125
7 0.142578125 0.0625 0.04296875 0.03125
7 0.21875 0.0625 0.072265625 0.03125
0 0.54833984375 0.046875 0.1962890625 0.09114583333333333
6 0.818359375 0.06575520833333333 0.01171875 0.01953125
0 0.81640625 0.06380208333333333 0.021484375 0.028645833333333332
6 0.841796875 0.064453125 0.021484375 0.029947916666666668
0 0.841796875 0.06380208333333333 0.021484375 0.028645833333333332
6 0.86767578125 0.06380208333333333 0.0224609375 0.028645833333333332
0 0.8671875 0.06380208333333333 0.021484375 0.028645833333333332
6 0.8935546875 0.06770833333333333 0.015625 0.015625
0 0.892578125 0.06380208333333333 0.021484375 0.028645833333333332
6 0.943359375 0.06380208333333333 0.021484375 0.015625
0 0.943359375 0.06380208333333333 0.021484375 0.028645833333333332
6 0.97802734375 0.064453125 0.0205078125 0.022135416666666668
0 0.97802734375 0.06575520833333333 0.0263671875 0.03515625
0 0.0478515625 0.14713541666666666 0.068359375 0.0546875
0 0.1337890625 0.14713541666666666 0.046875 0.0546875
0 0.20751953125 0.14713541666666666 0.0439453125 0.0546875
0 0.2861328125 0.14713541666666666 0.056640625 0.0546875
0 0.3876953125 0.14713541666666666 0.08984375 0.0546875
0 0.48046875 0.14713541666666666 0.0390625 0.0546875
0 0.583984375 0.14713541666666666 0.111328125 0.0546875
0 0.68994140625 0.14713541666666666 0.0439453125 0.0546875
0 0.75634765625 0.14713541666666666 0.0322265625 0.0546875
0 0.81982421875 0.14713541666666666 0.0380859375 0.0546875
7 0.89794921875 0.14713541666666666 0.0615234375 0.028645833333333332
0 0.89794921875 0.14713541666666666 0.0615234375 0.049479166666666664
0 0.97216796875 0.14713541666666666 0.0302734375 0.049479166666666664
0 0.06884765625 0.4680989583333333 0.0888671875 0.11848958333333333
0 0.93115234375 0.4680989583333333 0.0888671875 0.11848958333333333
4 0.5 0.5071614583333334 0.96875 0.6028645833333334
0 0.5 0.5071614583333334 0.96875 0.6028645833333334
2 0.5 0.2688802083333333 0.931640625 0.07942708333333333
4 0.1279296875 0.9192708333333334 0.224609375 0.16145833333333334
0 0.1279296875 0.9192708333333334 0.224609375 0.16145833333333334
7 0.40771484375 0.8548177083333334 0.3056640625 0.032552083333333336
2 0.396484375 0.908203125 0.275390625 0.05859375
3 0.74951171875 0.9368489583333334 0.2939453125 0.12630208333333334
4 0.8369140625 0.24153645833333334 0.025390625 0.03515625
0 0.8369140625 0.24153645833333334 0.03515625 0.048177083333333336
4 0.33935546875 0.3600260416666667 0.2646484375 0.10286458333333333
7 0.3798828125 0.474609375 0.345703125 0.07421875
7 0.4287109375 0.525390625 0.443359375 0.07421875
1 0.37353515625 0.626953125 0.3291015625 0.048177083333333336
0 0.62158203125 0.626953125 0.1455078125 0.048177083333333336
6 0.25048828125 0.6881510416666666 0.0849609375 0.024739583333333332
7 0.2958984375 0.6881510416666666 0.0078125 0.024739583333333332
6 0.337890625 0.6881510416666666 0.078125 0.024739583333333332
7 0.3857421875 0.6881510416666666 0.01953125 0.024739583333333332
6 0.435546875 0.6881510416666666 0.08203125 0.024739583333333332
7 0.47802734375 0.6881510416666666 0.0048828125 0.024739583333333332
4 0.95703125 0.9427083333333334 0.046875 0.0625