7 0.12841796875 0.042317708333333336 0.1357421875 0.061197916666666664
0 0.1435546875 0.032552083333333336 0.1953125 0.06510416666666667
7 0.21142578125 0.042317708333333336 0.0302734375 0.061197916666666664
7 0.3759765625 0.042317708333333336 0.240234375 0.045572916666666664
0 0.6064453125 0.042317708333333336 0.107421875 0.08463541666666667
0 0.73583984375 0.042317708333333336 0.1513671875 0.08463541666666667
0 0.84521484375 0.042317708333333336 0.0673828125 0.08463541666666667
0 0.91650390625 0.042317708333333336 0.0751953125 0.08463541666666667
7 0.24609375 0.3059895833333333 0.234375 0.10677083333333333
7 0.38916015625 0.3059895833333333 0.0537109375 0.10677083333333333
2 0.6630859375 0.3059895833333333 0.32421875 0.109375
7 0.5 0.5240885416666666 0.751953125 0.05859375
7 0.17919921875 0.5891927083333334 0.1103515625 0.05078125
7 0.345703125 0.5891927083333334 0.22265625 0.05078125
7 0.4599609375 0.5891927083333334 0.005859375 0.05078125
7 0.5 0.654296875 0.751953125 0.05859375
7 0.17919921875 0.7194010416666666 0.1103515625 0.05078125
7 0.28369140625 0.7194010416666666 0.0986328125 0.05078125
7 0.46728515625 0.7194010416666666 0.2685546875 0.05078125
7 0.8076171875 0.794921875 0.109375 0.024739583333333332
7 0.87646484375 0.794921875 0.0283203125 0.024739583333333332
7 0.24658203125 0.890625 0.1552734375 0.028645833333333332
7 0.37158203125 0.890625 0.0966796875 0.028645833333333332
7 0.52001953125 0.890625 0.2021484375 0.028645833333333332
7 0.6533203125 0.890625 0.06640625 0.028645833333333332
7 0.75830078125 0.890625 0.1455078125 0.028645833333333332