4 0.09814453125 0.057942708333333336 0.1142578125 0.05078125
7 0.6982421875 0.061848958333333336 0.037109375 0.04296875
0 0.6982421875 0.061848958333333336 0.06640625 0.04296875
7 0.77001953125 0.061848958333333336 0.0478515625 0.04296875
0 0.77001953125 0.061848958333333336 0.0771484375 0.04296875
7 0.83984375 0.061848958333333336 0.033203125 0.04296875
0 0.83984375 0.061848958333333336 0.0625 0.04296875
7 0.9228515625 0.06315104166666667 0.041015625 0.04296875
0 0.9228515625 0.06315104166666667 0.072265625 0.045572916666666664
2 0.5 0.15299479166666666 0.603515625 0.045572916666666664
2 0.5 0.20768229166666666 0.564453125 0.032552083333333336
7 0.37939453125 0.310546875 0.1298828125 0.029947916666666668
0 0.3681640625 0.3111979166666667 0.234375 0.0625
0 0.63134765625 0.3125 0.2353515625 0.06510416666666667
4 0.5 0.6015625 0.603515625 0.4140625
0 0.39013671875 0.9361979166666666 0.2216796875 0.0546875
0 0.61328125 0.9361979166666666 0.220703125 0.0546875
3 0.9267578125 0.9544270833333334 0.107421875 0.06510416666666667