4 0.04638671875 0.07877604166666667 0.0732421875 0.05078125
0 0.04638671875 0.07877604166666667 0.0732421875 0.061197916666666664
1 0.45703125 0.08463541666666667 0.716796875 0.06510416666666667
0 0.16357421875 0.15364583333333334 0.1298828125 0.049479166666666664
0 0.28173828125 0.15364583333333334 0.1064453125 0.049479166666666664
0 0.384765625 0.15364583333333334 0.099609375 0.049479166666666664
0 0.466796875 0.15364583333333334 0.064453125 0.049479166666666664
0 0.54931640625 0.15364583333333334 0.1005859375 0.049479166666666664
0 0.6279296875 0.15364583333333334 0.056640625 0.049479166666666664
0 0.68798828125 0.15364583333333334 0.0634765625 0.049479166666666664
0 0.75537109375 0.15364583333333334 0.0712890625 0.049479166666666664
0 0.138671875 0.203125 0.080078125 0.049479166666666664
0 0.228515625 0.203125 0.099609375 0.049479166666666664
0 0.90771484375 0.08463541666666667 0.1650390625 0.06510416666666667
7 0.07958984375 0.23307291666666666 0.0986328125 0.026041666666666668
7 0.23291015625 0.23307291666666666 0.2080078125 0.026041666666666668
4 0.5 0.5266927083333334 1 0.50390625
0 0.5 0.5266927083333334 1 0.50390625
2 0.5 0.4466145833333333 0.921875 0.13541666666666666
6 0.5 0.5611979166666666 0.921875 0.07291666666666667
0 0.087890625 0.646484375 0.09765625 0.055989583333333336
7 0.5 0.888671875 1 0.19661458333333334