7 0.39453125 0.923828125 0.75 0.045572916666666664
6 0.57470703125 0.9361979166666666 0.0849609375 0.020833333333333332
7 0.6455078125 0.9361979166666666 0.056640625 0.020833333333333332
6 0.71826171875 0.9361979166666666 0.0888671875 0.020833333333333332
7 0.392578125 0.9485677083333334 0.74609375 0.045572916666666664
0 0.86572265625 0.9368489583333334 0.0927734375 0.045572916666666664
4 0.9560546875 0.9368489583333334 0.01953125 0.02734375
7 0.5 0.2265625 0.5703125 0.06510416666666667
7 0.5 0.3020833333333333 0.517578125 0.06510416666666667
0 0.384765625 0.3997395833333333 0.16015625 0.059895833333333336
0 0.59228515625 0.3997395833333333 0.2060546875 0.059895833333333336
2 0.1396484375 0.052083333333333336 0.1796875 0.059895833333333336
0 0.67236328125 0.05078125 0.0751953125 0.0390625
0 0.7841796875 0.05078125 0.130859375 0.0390625
0 0.8994140625 0.052083333333333336 0.080078125 0.0390625
1 0.39013671875 0.6848958333333334 0.5869140625 0.059895833333333336
0 0.65869140625 0.6848958333333334 0.0498046875 0.059895833333333336
7 0.708984375 0.68359375 0.025390625 0.0390625
0 0.8193359375 0.6848958333333334 0.16796875 0.059895833333333336
7 0.5 0.7649739583333334 0.8984375 0.06901041666666667
4 0.11767578125 0.9192708333333334 0.1337890625 0.16145833333333334
4 0.2705078125 0.9192708333333334 0.134765625 0.16145833333333334
4 0.42333984375 0.9192708333333334 0.1337890625 0.16145833333333334
4 0.576171875 0.9192708333333334 0.134765625 0.16145833333333334
4 0.7294921875 0.9192708333333334 0.134765625 0.16145833333333334
4 0.88232421875 0.9192708333333334 0.1337890625 0.16145833333333334