4 0.06982421875 0.03125 0.0927734375 0.041666666666666664
0 0.06982421875 0.03125 0.0927734375 0.041666666666666664
6 0.20556640625 0.03125 0.0380859375 0.0625
6 0.2919921875 0.03125 0.041015625 0.0625
6 0.38671875 0.03125 0.0546875 0.0625
1 0.5712890625 0.03125 0.1953125 0.046875
0 0.74365234375 0.03125 0.1181640625 0.046875
0 0.86572265625 0.03125 0.0947265625 0.046875
0 0.95263671875 0.03125 0.0634765625 0.046875
7 0.34423828125 0.11979166666666667 0.6416015625 0.0625
0 0.92041015625 0.11979166666666667 0.1123046875 0.046875
4 0.18505859375 0.3671875 0.2919921875 0.2760416666666667
2 0.18505859375 0.5670572916666666 0.2919921875 0.04296875
7 0.18505859375 0.6608072916666666 0.2919921875 0.09505208333333333
0 0.1337890625 0.7415364583333334 0.205078125 0.048177083333333336
4 0.5 0.3671875 0.29296875 0.2760416666666667
2 0.5 0.5670572916666666 0.29296875 0.04296875
7 0.5 0.6608072916666666 0.29296875 0.09505208333333333
0 0.42626953125 0.7415364583333334 0.1611328125 0.048177083333333336
4 0.8154296875 0.3671875 0.29296875 0.2760416666666667
2 0.8154296875 0.5670572916666666 0.29296875 0.04296875
7 0.8154296875 0.6608072916666666 0.29296875 0.09505208333333333
0 0.71435546875 0.7415364583333334 0.1064453125 0.048177083333333336
4 0.8544921875 0.9290364583333334 0.212890625 0.14192708333333334
2 0.3818359375 0.884765625 0.685546875 0.053385416666666664
7 0.37744140625 0.9694010416666666 0.6767578125 0.061197916666666664