4 0.1064453125 0.044921875 0.12890625 0.040364583333333336
7 0.916015625 0.039713541666666664 0.052734375 0.07942708333333333
7 0.81591796875 0.038411458333333336 0.0576171875 0.022135416666666668
4 0.85400390625 0.038411458333333336 0.0087890625 0.01171875
6 0.74169921875 0.038411458333333336 0.0244140625 0.024739583333333332
0 0.74169921875 0.0390625 0.0244140625 0.03125
4 0.5751953125 0.0390625 0.0234375 0.03125
4 0.6083984375 0.0390625 0.0234375 0.03125
4 0.6416015625 0.0390625 0.0234375 0.03125
4 0.6748046875 0.0390625 0.0234375 0.03125
4 0.7080078125 0.0390625 0.0234375 0.03125
7 0.11376953125 0.10807291666666667 0.0400390625 0.028645833333333332
0 0.11376953125 0.10807291666666667 0.0712890625 0.057291666666666664
7 0.1826171875 0.10807291666666667 0.03515625 0.028645833333333332
0 0.1826171875 0.10807291666666667 0.06640625 0.057291666666666664
7 0.27197265625 0.10807291666666667 0.0810546875 0.028645833333333332
0 0.27197265625 0.10807291666666667 0.1123046875 0.057291666666666664
7 0.42236328125 0.10807291666666667 0.1572265625 0.028645833333333332
0 0.42236328125 0.10807291666666667 0.1884765625 0.057291666666666664
7 0.58642578125 0.10807291666666667 0.1083984375 0.028645833333333332
0 0.58642578125 0.10807291666666667 0.1396484375 0.057291666666666664
7 0.71728515625 0.10807291666666667 0.0908203125 0.028645833333333332
0 0.71728515625 0.10807291666666667 0.1220703125 0.057291666666666664
7 0.822265625 0.10807291666666667 0.056640625 0.028645833333333332
0 0.822265625 0.10807291666666667 0.087890625 0.057291666666666664
7 0.9033203125 0.10807291666666667 0.04296875 0.028645833333333332
3 0.5 0.22135416666666666 0.7109375 0.1171875
7 0.09912109375 0.3450520833333333 0.0791015625 0.052083333333333336
0 0.20556640625 0.3450520833333333 0.1337890625 0.052083333333333336
0 0.3291015625 0.3450520833333333 0.109375 0.052083333333333336
0 0.42919921875 0.3450520833333333 0.0869140625 0.052083333333333336
0 0.5732421875 0.3450520833333333 0.197265625 0.052083333333333336
0 0.7099609375 0.3450520833333333 0.072265625 0.052083333333333336
0 0.81494140625 0.3450520833333333 0.1337890625 0.052083333333333336
7 0.39501953125 0.4088541666666667 0.6904296875 0.0234375
6 0.77392578125 0.4088541666666667 0.0673828125 0.0234375
2 0.76416015625 0.4856770833333333 0.1044921875 0.028645833333333332
2 0.8056640625 0.5859375 0.291015625 0.1015625
0 0.8056640625 0.5859375 0.291015625 0.12239583333333333
2 0.8056640625 0.7057291666666666 0.291015625 0.09375
0 0.8056640625 0.7057291666666666 0.291015625 0.11458333333333333
2 0.8056640625 0.8216145833333334 0.291015625 0.09375
0 0.8056640625 0.8216145833333334 0.291015625 0.11458333333333333
2 0.8056640625 0.9192708333333334 0.291015625 0.057291666666666664
0 0.8056640625 0.9192708333333334 0.291015625 0.078125
4 0.34765625 0.669921875 0.595703125 0.4466145833333333
0 0.34765625 0.7233072916666666 0.595703125 0.5533854166666666
7 0.33984375 0.9440104166666666 0.541015625 0.08333333333333333
4 0.9541015625 0.828125 0.0625 0.08333333333333333