4 0.5 0.042317708333333336 1 0.08463541666666667
7 0.12548828125 0.04296875 0.1298828125 0.044270833333333336
6 0.37548828125 0.042317708333333336 0.0498046875 0.024739583333333332
6 0.4423828125 0.042317708333333336 0.0390625 0.024739583333333332
6 0.49755859375 0.042317708333333336 0.0263671875 0.024739583333333332
6 0.56689453125 0.042317708333333336 0.0673828125 0.024739583333333332
0 0.8798828125 0.042317708333333336 0.04296875 0.032552083333333336
0 0.7841796875 0.04296875 0.103515625 0.046875
2 0.5 0.2708333333333333 1 0.16145833333333334
7 0.5 0.3873697916666667 1 0.045572916666666664
0 0.41943359375 0.4759114583333333 0.1533203125 0.053385416666666664
0 0.5830078125 0.4759114583333333 0.1484375 0.053385416666666664
4 0.13671875 0.73046875 0.25390625 0.3385416666666667
0 0.13671875 0.5286458333333334 0 0
6 0.13671875 0.9225260416666666 0.25390625 0.01953125
4 0.41015625 0.73046875 0.25390625 0.3385416666666667
0 0.41015625 0.5286458333333334 0 0
6 0.41015625 0.9225260416666666 0.25390625 0.01953125
4 0.68359375 0.8040364583333334 0.25390625 0.19140625
0 0.68359375 0.5286458333333334 0 0
4 0.68359375 0.7994791666666666 0.064453125 0.0859375
6 0.68359375 0.9225260416666666 0.25390625 0.01953125
4 0.9150390625 0.7727864583333334 0.169921875 0.25390625
0 0.95703125 0.5286458333333334 0 0
6 0.9150390625 0.9225260416666666 0.169921875 0.01953125
0 0.5 0.9986979166666666 1 0.0026041666666666665