7 0.29296875 0.8841145833333334 0.48828125 0.13020833333333334
6 0.22314453125 0.9524739583333334 0.3486328125 0.048177083333333336
6 0.23779296875 0.9661458333333334 0.0927734375 0.020833333333333332
0 0.90673828125 0.8984375 0.0341796875 0.020833333333333332
0 0.791015625 0.9010416666666666 0.083984375 0.0234375
3 0.5 0.18229166666666666 0.947265625 0.3255208333333333
1 0.1337890625 0.3997395833333333 0.15234375 0.03125
4 0.5 0.3971354166666667 0.134765625 0.0390625
0 0.5 0.3958333333333333 0.134765625 0.026041666666666668
0 0.7001953125 0.3997395833333333 0.07421875 0.018229166666666668
0 0.7666015625 0.3997395833333333 0.056640625 0.018229166666666668
0 0.83251953125 0.3997395833333333 0.0732421875 0.018229166666666668
0 0.900390625 0.3997395833333333 0.060546875 0.018229166666666668
0 0.95263671875 0.3997395833333333 0.0419921875 0.018229166666666668
0 0.12646484375 0.455078125 0.0888671875 0.01953125
0 0.20458984375 0.455078125 0.0673828125 0.01953125
0 0.26806640625 0.455078125 0.0595703125 0.01953125
0 0.345703125 0.455078125 0.095703125 0.01953125
0 0.423828125 0.455078125 0.060546875 0.01953125
0 0.482421875 0.455078125 0.056640625 0.01953125
0 0.55615234375 0.455078125 0.0908203125 0.01953125
0 0.63330078125 0.455078125 0.0634765625 0.01953125
0 0.693359375 0.455078125 0.056640625 0.01953125
0 0.81982421875 0.455078125 0.1962890625 0.01953125
7 0.08740234375 0.521484375 0.1220703125 0.04296875
0 0.5 0.521484375 0.947265625 0.04296875
7 0.5 0.521484375 0.947265625 0.04296875
7 0.5 0.5826822916666666 0.947265625 0.029947916666666668
0 0.5 0.7838541666666666 0.947265625 0.4322916666666667
2 0.3603515625 0.62890625 0.66796875 0.0625
4 0.5 0.8372395833333334 0.9765625 0.3255208333333333