4 0.197265625 0.05078125 0.29296875 0.06510416666666667
1 0.27001953125 0.11848958333333333 0.4365234375 0.044270833333333336
1 0.51416015625 0.11848958333333333 0.0517578125 0.046875
7 0.830078125 0.025390625 0.00390625 0.014322916666666666
0 0.830078125 0.022786458333333332 0.00390625 0.014322916666666666
0 0.87060546875 0.020833333333333332 0.0576171875 0.015625
0 0.93701171875 0.020833333333333332 0.0712890625 0.015625
0 0.0859375 0.19010416666666666 0.0703125 0.046875
0 0.16357421875 0.19010416666666666 0.0869140625 0.046875
0 0.2490234375 0.19010416666666666 0.0859375 0.046875
0 0.35205078125 0.19010416666666666 0.1220703125 0.046875
0 0.4560546875 0.19010416666666666 0.087890625 0.046875
7 0.5625 0.3326822916666667 0.587890625 0.14713541666666666
6 0.5166015625 0.384765625 0.087890625 0.04296875
7 0.56640625 0.384765625 0.015625 0.04296875
6 0.63671875 0.384765625 0.126953125 0.04296875
7 0.724609375 0.384765625 0.05078125 0.04296875
6 0.79638671875 0.384765625 0.0947265625 0.04296875
7 0.84814453125 0.384765625 0.0087890625 0.04296875
2 0.515625 0.4661458333333333 0.494140625 0.028645833333333332
2 0.5966796875 0.5696614583333334 0.654296875 0.037760416666666664
7 0.060546875 0.6412760416666666 0.0390625 0.02734375
7 0.11865234375 0.6712239583333334 0.1552734375 0.08723958333333333
6 0.1142578125 0.701171875 0.103515625 0.02734375
7 0.16748046875 0.701171875 0.0048828125 0.02734375
7 0.05859375 0.7610677083333334 0.03515625 0.02734375
7 0.14501953125 0.8059895833333334 0.2080078125 0.1171875
6 0.1455078125 0.8658854166666666 0.208984375 0.057291666666666664
7 0.14453125 0.93359375 0.20703125 0.1328125
4 0.3154296875 0.728515625 0.09375 0.16796875
4 0.4296875 0.7278645833333334 0.09375 0.16666666666666666
4 0.5439453125 0.7265625 0.09375 0.1640625
4 0.6572265625 0.7337239583333334 0.09375 0.17838541666666666
4 0.771484375 0.73828125 0.09375 0.1875
4 0.8857421875 0.7330729166666666 0.09375 0.17708333333333334
2 0.60400390625 0.900390625 0.6708984375 0.022135416666666668
7 0.31298828125 0.9270833333333334 0.0615234375 0.020833333333333332
0 0.30615234375 0.927734375 0.0751953125 0.022135416666666668
7 0.34033203125 0.9557291666666666 0.1162109375 0.020833333333333332
0 0.33349609375 0.9563802083333334 0.1298828125 0.022135416666666668
7 0.34130859375 0.9830729166666666 0.1181640625 0.020833333333333332
0 0.33447265625 0.9837239583333334 0.1318359375 0.022135416666666668
7 0.578125 0.9270833333333334 0.12890625 0.020833333333333332
0 0.5712890625 0.927734375 0.142578125 0.022135416666666668
7 0.5341796875 0.9557291666666666 0.041015625 0.020833333333333332
0 0.52734375 0.9563802083333334 0.0546875 0.022135416666666668
7 0.5478515625 0.9830729166666666 0.068359375 0.020833333333333332
0 0.541015625 0.9837239583333334 0.08203125 0.022135416666666668
7 0.7802734375 0.9270833333333334 0.072265625 0.020833333333333332
0 0.77392578125 0.927734375 0.0869140625 0.022135416666666668
7 0.77001953125 0.9557291666666666 0.0517578125 0.020833333333333332
0 0.76318359375 0.9563802083333334 0.0654296875 0.022135416666666668
7 0.775390625 0.9830729166666666 0.0625 0.020833333333333332
0 0.76904296875 0.9837239583333334 0.0771484375 0.022135416666666668