4 0.38232421875 0.031901041666666664 0.0166015625 0.022135416666666668
0 0.5 0.03125 0.251953125 0.026041666666666668
7 0.478515625 0.03125 0.166015625 0.026041666666666668
7 0.59375 0.03125 0.064453125 0.026041666666666668
4 0.072265625 0.10286458333333333 0.0859375 0.028645833333333332
0 0.072265625 0.10286458333333333 0.115234375 0.08072916666666667
0 0.2744140625 0.10286458333333333 0.08984375 0.08072916666666667
0 0.37255859375 0.10286458333333333 0.1083984375 0.08072916666666667
0 0.47802734375 0.10286458333333333 0.1044921875 0.08072916666666667
0 0.57861328125 0.10286458333333333 0.0986328125 0.08072916666666667
0 0.67431640625 0.10286458333333333 0.0947265625 0.08072916666666667
0 0.8544921875 0.10286458333333333 0.06640625 0.08072916666666667
0 0.9150390625 0.10286458333333333 0.0546875 0.08072916666666667
4 0.9638671875 0.10286458333333333 0.0234375 0.03125
0 0.9638671875 0.10286458333333333 0.04296875 0.08072916666666667
2 0.24853515625 0.2825520833333333 0.3447265625 0.0703125
2 0.330078125 0.3502604166666667 0.5078125 0.0703125
2 0.30078125 0.41796875 0.44921875 0.0703125
0 0.138671875 0.5208333333333334 0.125 0.06510416666666667
7 0.2490234375 0.5234375 0.056640625 0.0234375
7 0.298828125 0.5234375 0.04296875 0.0234375