4 0.13916015625 0.06575520833333333 0.2001953125 0.040364583333333336
7 0.35107421875 0.068359375 0.0810546875 0.01953125
0 0.35888671875 0.068359375 0.0966796875 0.13671875
4 0.40185546875 0.068359375 0.0107421875 0.01171875
6 0.48779296875 0.068359375 0.0849609375 0.13671875
7 0.61279296875 0.068359375 0.0888671875 0.01953125
0 0.62060546875 0.068359375 0.1044921875 0.13671875
4 0.66748046875 0.068359375 0.0107421875 0.01171875
6 0.7685546875 0.068359375 0.05078125 0.01953125
0 0.896484375 0.068359375 0.12890625 0.06380208333333333
7 0.5 0.4166666666666667 1 0.8333333333333334
7 0.66015625 0.263671875 0.44140625 0.01953125
7 0.81494140625 0.3001302083333333 0.0888671875 0.03515625
7 0.66015625 0.416015625 0.216796875 0.061197916666666664
7 0.66015625 0.4498697916666667 0.115234375 0.01953125
2 0.154296875 0.3372395833333333 0.23046875 0.06510416666666667
2 0.19140625 0.40234375 0.3046875 0.06510416666666667
0 0.103515625 0.4973958333333333 0.12890625 0.0625
2 0.263671875 0.4869791666666667 0.150390625 0.020833333333333332
2 0.265625 0.5078125 0.154296875 0.020833333333333332
7 0.5 0.9270833333333334 0.390625 0.020833333333333332
2 0.5 0.9765625 0.390625 0.046875