7 0.0732421875 0.034505208333333336 0.029296875 0.04296875
4 0.49365234375 0.036458333333333336 0.1279296875 0.041666666666666664
0 0.49365234375 0.038411458333333336 0.1279296875 0.045572916666666664
6 0.74755859375 0.038411458333333336 0.0517578125 0.024739583333333332
0 0.876953125 0.038411458333333336 0.099609375 0.037760416666666664
4 0.962890625 0.0390625 0.015625 0.020833333333333332
4 0.5 0.21549479166666666 0.3671875 0.07942708333333333
7 0.5 0.2819010416666667 0.439453125 0.048177083333333336
0 0.4951171875 0.3587239583333333 0.154296875 0.055989583333333336
4 0.16455078125 0.58984375 0.1240234375 0.0546875
4 0.16455078125 0.712890625 0.2880859375 0.09765625
2 0.18701171875 0.697265625 0.1650390625 0.06380208333333333
7 0.1123046875 0.751953125 0.015625 0.016927083333333332
7 0.162109375 0.751953125 0.0859375 0.016927083333333332
4 0.28857421875 0.7467447916666666 0.0126953125 0.016927083333333332
7 0.30419921875 0.7467447916666666 0.0107421875 0.014322916666666666
4 0.16455078125 0.8359375 0.2880859375 0.09895833333333333
2 0.18603515625 0.8203125 0.1630859375 0.06510416666666667
7 0.1123046875 0.8743489583333334 0.015625 0.016927083333333332
7 0.14111328125 0.8743489583333334 0.0439453125 0.016927083333333332
4 0.28857421875 0.869140625 0.0126953125 0.016927083333333332
7 0.30419921875 0.869140625 0.0107421875 0.014322916666666666
4 0.05712890625 0.955078125 0.0732421875 0.08984375
2 0.18212890625 0.9440104166666666 0.1552734375 0.06510416666666667
7 0.1123046875 0.9947916666666666 0.015625 0.010416666666666666
7 0.1572265625 0.9947916666666666 0.076171875 0.010416666666666666
4 0.29345703125 0.9921875 0.0126953125 0.015625
7 0.306640625 0.9928385416666666 0.005859375 0.014322916666666666
4 0.4921875 0.58984375 0.16796875 0.0546875
4 0.49169921875 0.712890625 0.2880859375 0.09765625
2 0.51416015625 0.697265625 0.1650390625 0.06380208333333333
7 0.439453125 0.751953125 0.015625 0.016927083333333332
7 0.49267578125 0.751953125 0.0927734375 0.016927083333333332
4 0.61572265625 0.7467447916666666 0.0126953125 0.016927083333333332
7 0.63134765625 0.7467447916666666 0.0107421875 0.014322916666666666
4 0.49169921875 0.8359375 0.2880859375 0.09895833333333333
2 0.50830078125 0.8203125 0.1533203125 0.06510416666666667
7 0.43896484375 0.8743489583333334 0.0146484375 0.016927083333333332
7 0.4892578125 0.8743489583333334 0.087890625 0.016927083333333332
4 0.61572265625 0.869140625 0.0126953125 0.016927083333333332
7 0.63134765625 0.869140625 0.0107421875 0.014322916666666666
4 0.38427734375 0.955078125 0.0732421875 0.08984375
2 0.513671875 0.9440104166666666 0.1640625 0.06510416666666667
7 0.439453125 0.9947916666666666 0.015625 0.010416666666666666
7 0.49072265625 0.9947916666666666 0.0888671875 0.010416666666666666
4 0.61572265625 0.9921875 0.0126953125 0.015625
7 0.63134765625 0.9928385416666666 0.0107421875 0.014322916666666666
4 0.81884765625 0.58984375 0.2255859375 0.0546875
4 0.81884765625 0.712890625 0.2880859375 0.09765625
2 0.8359375 0.6861979166666666 0.154296875 0.041666666666666664
7 0.7666015625 0.7298177083333334 0.015625 0.016927083333333332
7 0.826171875 0.7298177083333334 0.10546875 0.016927083333333332
4 0.94287109375 0.724609375 0.0126953125 0.016927083333333332
7 0.95849609375 0.724609375 0.0107421875 0.014322916666666666
4 0.81884765625 0.8359375 0.2880859375 0.09895833333333333
2 0.83349609375 0.8313802083333334 0.1494140625 0.08723958333333333
7 0.7666015625 0.896484375 0.015625 0.016927083333333332
7 0.806640625 0.896484375 0.06640625 0.016927083333333332
4 0.94775390625 0.8912760416666666 0.0126953125 0.016927083333333332
7 0.9609375 0.8912760416666666 0.005859375 0.014322916666666666
4 0.81884765625 0.9609375 0.2880859375 0.078125
2 0.8349609375 0.9446614583333334 0.15234375 0.04296875
7 0.7666015625 0.9876302083333334 0.015625 0.016927083333333332
7 0.8056640625 0.9876302083333334 0.064453125 0.016927083333333332
4 0.93798828125 0.982421875 0.0126953125 0.016927083333333332
7 0.95556640625 0.982421875 0.0146484375 0.014322916666666666
4 0.033203125 0.953125 0.046875 0.0625