7 0.1240234375 0.031901041666666664 0.146484375 0.040364583333333336
0 0.1240234375 0.034505208333333336 0.162109375 0.061197916666666664
0 0.248046875 0.034505208333333336 0.08203125 0.037760416666666664
0 0.3388671875 0.034505208333333336 0.09375 0.037760416666666664
0 0.43408203125 0.034505208333333336 0.0908203125 0.037760416666666664
1 0.671875 0.034505208333333336 0.359375 0.04296875
0 0.89501953125 0.034505208333333336 0.0576171875 0.04296875
0 0.95947265625 0.034505208333333336 0.0654296875 0.04296875
7 0.318359375 0.96484375 0.42578125 0.020833333333333332
6 0.56884765625 0.96484375 0.0771484375 0.020833333333333332
7 0.609375 0.96484375 0.0078125 0.020833333333333332
6 0.65283203125 0.96484375 0.0791015625 0.020833333333333332
7 0.71875 0.96484375 0.0546875 0.020833333333333332
6 0.7919921875 0.96484375 0.095703125 0.020833333333333332
7 0.8408203125 0.96484375 0.00390625 0.020833333333333332
2 0.25146484375 0.2779947916666667 0.0927734375 0.09505208333333333
2 0.330078125 0.287109375 0.06640625 0.08203125
2 0.578125 0.2779947916666667 0.43359375 0.09505208333333333
7 0.5 0.4069010416666667 0.412109375 0.10546875
0 0.42919921875 0.5201822916666666 0.1376953125 0.05859375
0 0.572265625 0.5201822916666666 0.134765625 0.055989583333333336
2 0.5 0.828125 0.900390625 0.057291666666666664
4 0.5 0.8932291666666666 0.0625 0.010416666666666666
7 0.322265625 0.9440104166666666 0.140625 0.028645833333333332
6 0.45068359375 0.9440104166666666 0.1162109375 0.028645833333333332
7 0.5 0.96484375 0.5078125 0.0703125