4 0.087890625 0.043619791666666664 0.146484375 0.053385416666666664
0 0.087890625 0.048177083333333336 0.146484375 0.0625
6 0.73681640625 0.041015625 0.0419921875 0.029947916666666668
0 0.806640625 0.041666666666666664 0.076171875 0.057291666666666664
4 0.87646484375 0.041666666666666664 0.0419921875 0.0546875
0 0.87646484375 0.041666666666666664 0.0419921875 0.0546875
4 0.92529296875 0.041666666666666664 0.0419921875 0.0546875
0 0.92529296875 0.041666666666666664 0.0576171875 0.0546875
1 0.412109375 0.13151041666666666 0.29296875 0.052083333333333336
1 0.8740234375 0.13151041666666666 0.220703125 0.052083333333333336
4 0.2861328125 0.19205729166666666 0.0234375 0.032552083333333336
0 0.2900390625 0.19986979166666666 0.03125 0.02734375
6 0.34375 0.19075520833333334 0.076171875 0.024739583333333332
7 0.39453125 0.19075520833333334 0.021484375 0.024739583333333332
7 0.42431640625 0.19140625 0.0341796875 0.020833333333333332
7 0.4501953125 0.19075520833333334 0.01171875 0.024739583333333332
6 0.49853515625 0.19075520833333334 0.0810546875 0.024739583333333332
7 0.54345703125 0.19075520833333334 0.0107421875 0.024739583333333332
7 0.5859375 0.19075520833333334 0.076171875 0.024739583333333332
2 0.46142578125 0.22395833333333334 0.3740234375 0.0234375
6 0.611328125 0.24934895833333334 0.673828125 0.024739583333333332
4 0.287109375 0.2936197916666667 0.017578125 0.024739583333333332
4 0.31103515625 0.2936197916666667 0.0185546875 0.024739583333333332
7 0.33203125 0.2903645833333333 0.009765625 0.026041666666666668
7 0.345703125 0.2903645833333333 0.021484375 0.026041666666666668
7 0.36474609375 0.2903645833333333 0.0185546875 0.026041666666666668
4 0.38232421875 0.2962239583333333 0.0185546875 0.024739583333333332
4 0.4150390625 0.2936197916666667 0.017578125 0.024739583333333332
7 0.43701171875 0.2903645833333333 0.0205078125 0.026041666666666668
4 0.48828125 0.2936197916666667 0.017578125 0.024739583333333332
7 0.5029296875 0.2903645833333333 0.0078125 0.026041666666666668
4 0.54736328125 0.2936197916666667 0.0185546875 0.024739583333333332
4 0.2861328125 0.3522135416666667 0.0234375 0.032552083333333336
0 0.2900390625 0.3600260416666667 0.03125 0.02734375
6 0.34375 0.3509114583333333 0.076171875 0.024739583333333332
7 0.39453125 0.3509114583333333 0.021484375 0.024739583333333332
7 0.42431640625 0.3515625 0.0341796875 0.020833333333333332
7 0.4501953125 0.3509114583333333 0.01171875 0.024739583333333332
6 0.49853515625 0.3509114583333333 0.0810546875 0.024739583333333332
7 0.54345703125 0.3509114583333333 0.0107421875 0.024739583333333332
7 0.5771484375 0.3509114583333333 0.05859375 0.024739583333333332
2 0.462890625 0.3841145833333333 0.376953125 0.0234375
6 0.58447265625 0.4095052083333333 0.6201171875 0.024739583333333332
4 0.287109375 0.4537760416666667 0.017578125 0.024739583333333332
4 0.31103515625 0.4537760416666667 0.0185546875 0.024739583333333332
7 0.33203125 0.4505208333333333 0.009765625 0.026041666666666668
7 0.345703125 0.4505208333333333 0.021484375 0.026041666666666668
7 0.36474609375 0.4505208333333333 0.0185546875 0.026041666666666668
4 0.38232421875 0.4563802083333333 0.0185546875 0.024739583333333332
4 0.4150390625 0.4537760416666667 0.017578125 0.024739583333333332
7 0.43701171875 0.4505208333333333 0.0205078125 0.026041666666666668
4 0.48828125 0.4537760416666667 0.017578125 0.024739583333333332
7 0.5029296875 0.4505208333333333 0.0078125 0.026041666666666668
4 0.54736328125 0.4537760416666667 0.0185546875 0.024739583333333332
4 0.2861328125 0.5123697916666666 0.0234375 0.032552083333333336
0 0.2900390625 0.5201822916666666 0.03125 0.02734375
6 0.357421875 0.5110677083333334 0.103515625 0.024739583333333332
7 0.421875 0.5110677083333334 0.021484375 0.024739583333333332
7 0.43994140625 0.5110677083333334 0.0107421875 0.024739583333333332
6 0.49609375 0.5110677083333334 0.095703125 0.024739583333333332
7 0.548828125 0.5110677083333334 0.009765625 0.024739583333333332
7 0.58251953125 0.5110677083333334 0.0576171875 0.024739583333333332
4 0.337890625 0.5833333333333334 0.126953125 0.09635416666666667
0 0.337890625 0.6256510416666666 0.126953125 0.02734375
2 0.6396484375 0.5442708333333334 0.44921875 0.0234375
6 0.70751953125 0.5696614583333334 0.5849609375 0.024739583333333332
4 0.427734375 0.6126302083333334 0.017578125 0.024739583333333332
4 0.45166015625 0.6126302083333334 0.0185546875 0.024739583333333332
7 0.47265625 0.6106770833333334 0.009765625 0.026041666666666668
7 0.48291015625 0.6106770833333334 0.0146484375 0.026041666666666668
7 0.49853515625 0.6106770833333334 0.0185546875 0.026041666666666668
4 0.51611328125 0.615234375 0.0185546875 0.024739583333333332
4 0.548828125 0.6126302083333334 0.017578125 0.024739583333333332
7 0.57080078125 0.6106770833333334 0.0205078125 0.026041666666666668
4 0.6220703125 0.6126302083333334 0.017578125 0.024739583333333332
7 0.64013671875 0.6106770833333334 0.0146484375 0.026041666666666668
4 0.68798828125 0.6126302083333334 0.0185546875 0.024739583333333332
4 0.2861328125 0.681640625 0.0234375 0.032552083333333336
0 0.2900390625 0.689453125 0.03125 0.02734375
6 0.33203125 0.6803385416666666 0.052734375 0.024739583333333332
7 0.37109375 0.6803385416666666 0.021484375 0.024739583333333332
7 0.38916015625 0.6803385416666666 0.0107421875 0.024739583333333332
6 0.45849609375 0.6803385416666666 0.1220703125 0.024739583333333332
7 0.5244140625 0.6803385416666666 0.009765625 0.024739583333333332
7 0.56689453125 0.6803385416666666 0.0751953125 0.024739583333333332
4 0.337890625 0.7526041666666666 0.126953125 0.0859375
0 0.337890625 0.794921875 0.126953125 0.02734375
2 0.59521484375 0.7135416666666666 0.3603515625 0.0234375
6 0.70751953125 0.7389322916666666 0.5849609375 0.024739583333333332
4 0.427734375 0.783203125 0.017578125 0.024739583333333332
4 0.45166015625 0.783203125 0.0185546875 0.024739583333333332
7 0.47265625 0.7799479166666666 0.009765625 0.026041666666666668
7 0.48291015625 0.7799479166666666 0.0146484375 0.026041666666666668
7 0.49853515625 0.7799479166666666 0.0185546875 0.026041666666666668
4 0.51611328125 0.7858072916666666 0.0185546875 0.024739583333333332
4 0.548828125 0.783203125 0.017578125 0.024739583333333332
7 0.57080078125 0.7799479166666666 0.0205078125 0.026041666666666668
4 0.6220703125 0.783203125 0.017578125 0.024739583333333332
7 0.63671875 0.7799479166666666 0.0078125 0.026041666666666668
4 0.68115234375 0.783203125 0.0185546875 0.024739583333333332
4 0.2861328125 0.8509114583333334 0.0234375 0.032552083333333336
0 0.2900390625 0.8587239583333334 0.03125 0.02734375
6 0.35986328125 0.849609375 0.1083984375 0.024739583333333332
7 0.4267578125 0.849609375 0.021484375 0.024739583333333332
7 0.45654296875 0.8502604166666666 0.0341796875 0.020833333333333332
7 0.482421875 0.849609375 0.01171875 0.024739583333333332
6 0.5400390625 0.849609375 0.099609375 0.024739583333333332
7 0.59423828125 0.849609375 0.0107421875 0.024739583333333332
7 0.63671875 0.849609375 0.076171875 0.024739583333333332
4 0.337890625 0.9205729166666666 0.126953125 0.15885416666666666
0 0.337890625 0.9641927083333334 0.126953125 0.02734375
2 0.61181640625 0.8828125 0.3935546875 0.0234375
6 0.70751953125 0.908203125 0.5849609375 0.024739583333333332
4 0.427734375 0.9524739583333334 0.017578125 0.024739583333333332
4 0.45166015625 0.9524739583333334 0.0185546875 0.024739583333333332
7 0.47265625 0.9505208333333334 0.009765625 0.026041666666666668
7 0.48291015625 0.9505208333333334 0.0146484375 0.026041666666666668
7 0.49853515625 0.9505208333333334 0.0185546875 0.026041666666666668
4 0.51611328125 0.955078125 0.0185546875 0.024739583333333332
4 0.548828125 0.9524739583333334 0.017578125 0.024739583333333332
7 0.57080078125 0.9505208333333334 0.0205078125 0.026041666666666668
4 0.6220703125 0.9524739583333334 0.017578125 0.024739583333333332
7 0.63671875 0.9505208333333334 0.0078125 0.026041666666666668
4 0.68115234375 0.9524739583333334 0.0185546875 0.024739583333333332
6 0.08056640625 0.15559895833333334 0.0654296875 0.029947916666666668
7 0.1328125 0.21158854166666666 0.169921875 0.032552083333333336
6 0.125 0.24348958333333334 0.154296875 0.026041666666666668
6 0.06689453125 0.2760416666666667 0.0380859375 0.026041666666666668
6 0.1171875 0.30859375 0.138671875 0.026041666666666668
6 0.0693359375 0.3411458333333333 0.04296875 0.026041666666666668
6 0.07177734375 0.3736979166666667 0.0478515625 0.026041666666666668
6 0.09326171875 0.40625 0.0908203125 0.026041666666666668
6 0.0625 0.4388020833333333 0.029296875 0.026041666666666668
6 0.06689453125 0.4713541666666667 0.0380859375 0.026041666666666668
6 0.08544921875 0.50390625 0.0751953125 0.026041666666666668
6 0.11767578125 0.5364583333333334 0.1396484375 0.026041666666666668
6 0.083984375 0.5690104166666666 0.072265625 0.026041666666666668
6 0.09423828125 0.6015625 0.0927734375 0.026041666666666668
7 0.12548828125 0.6549479166666666 0.1552734375 0.026041666666666668