0 0.7998046875 0.035807291666666664 0.060546875 0.04296875
0 0.90771484375 0.035807291666666664 0.1376953125 0.04296875
7 0.10009765625 0.037760416666666664 0.0341796875 0.020833333333333332
0 0.1005859375 0.037760416666666664 0.064453125 0.07291666666666667
7 0.1630859375 0.037760416666666664 0.033203125 0.020833333333333332
0 0.16259765625 0.037760416666666664 0.0615234375 0.07291666666666667
7 0.22705078125 0.037760416666666664 0.0400390625 0.020833333333333332
0 0.2275390625 0.037760416666666664 0.0703125 0.07291666666666667
7 0.3046875 0.037760416666666664 0.056640625 0.020833333333333332
0 0.30419921875 0.037760416666666664 0.0849609375 0.07291666666666667
7 0.38427734375 0.037760416666666664 0.0478515625 0.020833333333333332
0 0.384765625 0.037760416666666664 0.078125 0.07291666666666667
7 0.46630859375 0.037760416666666664 0.0576171875 0.020833333333333332
0 0.46630859375 0.037760416666666664 0.0869140625 0.07291666666666667
7 0.56640625 0.037760416666666664 0.0859375 0.020833333333333332
0 0.56640625 0.037760416666666664 0.115234375 0.07291666666666667
7 0.669921875 0.037760416666666664 0.064453125 0.020833333333333332
0 0.669921875 0.037760416666666664 0.09375 0.07291666666666667
2 0.130859375 0.12825520833333334 0.111328125 0.022135416666666668
4 0.03564453125 0.14127604166666666 0.0302734375 0.08463541666666667
0 0.03564453125 0.14127604166666666 0.0302734375 0.08463541666666667
2 0.14697265625 0.15234375 0.1435546875 0.020833333333333332
4 0.5 0.12565104166666666 0.341796875 0.05078125
7 0.4580078125 0.177734375 0.1328125 0.016927083333333332
6 0.57470703125 0.177734375 0.0673828125 0.01953125
7 0.94091796875 0.13541666666666666 0.0791015625 0.041666666666666664
0 0.90771484375 0.14583333333333334 0.1455078125 0.07291666666666667
7 0.94091796875 0.16927083333333334 0.0791015625 0.026041666666666668
4 0.03662109375 0.24739583333333334 0.0537109375 0.041666666666666664
0 0.03662109375 0.24739583333333334 0.0537109375 0.041666666666666664
2 0.14892578125 0.255859375 0.1416015625 0.05859375
4 0.29150390625 0.24739583333333334 0.0537109375 0.041666666666666664
0 0.29150390625 0.24739583333333334 0.0537109375 0.041666666666666664
2 0.36767578125 0.255859375 0.2060546875 0.05859375
4 0.54638671875 0.24739583333333334 0.0537109375 0.041666666666666664
0 0.54638671875 0.24739583333333334 0.0537109375 0.041666666666666664
2 0.65576171875 0.255859375 0.1357421875 0.05859375
4 0.8017578125 0.24739583333333334 0.0546875 0.041666666666666664
0 0.8017578125 0.24739583333333334 0.0546875 0.041666666666666664
2 0.90576171875 0.255859375 0.1259765625 0.05859375
3 0.5 0.4108072916666667 0.7109375 0.11848958333333333
2 0.06298828125 0.5559895833333334 0.0341796875 0.0234375
0 0.06298828125 0.5559895833333334 0.0341796875 0.0234375
2 0.38232421875 0.5553385416666666 0.5634765625 0.02734375
4 0.5 0.7291666666666666 0.3046875 0.22916666666666666
0 0.5 0.7291666666666666 0.3046875 0.22916666666666666
2 0.5 0.9342447916666666 0.27734375 0.13151041666666666
4 0.25927734375 0.6516927083333334 0.0966796875 0.07421875
0 0.25927734375 0.6516927083333334 0.0966796875 0.07421875
6 0.05810546875 0.7864583333333334 0.0869140625 0.34375
2 0.14599609375 0.728515625 0.2626953125 0.17838541666666666
7 0.05419921875 0.83203125 0.0791015625 0.015625
7 0.1298828125 0.8313802083333334 0.052734375 0.01953125
7 0.1611328125 0.8912760416666666 0.29296875 0.07942708333333333
4 0.25927734375 0.9915364583333334 0.0966796875 0.016927083333333332
0 0.25927734375 0.9915364583333334 0.0966796875 0.016927083333333332
6 0.0595703125 0.9915364583333334 0.08984375 0.016927083333333332
3 0.8388671875 0.7779947916666666 0.29296875 0.3268229166666667
2 0.76318359375 0.986328125 0.1416015625 0.02734375