0 0.044921875 0.03125 0.0703125 0.0625
0 0.12939453125 0.03125 0.0986328125 0.0625
0 0.21484375 0.03125 0.072265625 0.0625
0 0.28564453125 0.03125 0.0693359375 0.0625
0 0.365234375 0.03125 0.08984375 0.0625
0 0.43310546875 0.03125 0.0458984375 0.0625
0 0.49755859375 0.03125 0.0830078125 0.0625
0 0.578125 0.03125 0.078125 0.0625
0 0.90576171875 0.03125 0.0673828125 0.0625
4 0.5 0.39453125 1 0.6640625
4 0.1025390625 0.11067708333333333 0.166015625 0.044270833333333336
7 0.9267578125 0.10807291666666667 0.06640625 0.0234375
0 0.93701171875 0.10872395833333333 0.0869140625 0.02734375
2 0.5 0.31640625 0.845703125 0.06770833333333333
1 0.18896484375 0.4420572916666667 0.1103515625 0.07682291666666667
1 0.5302734375 0.4420572916666667 0.5703125 0.07682291666666667
6 0.87451171875 0.625 0.0185546875 0.026041666666666668
6 0.91748046875 0.625 0.0673828125 0.026041666666666668
7 0.4423828125 0.7747395833333334 0.291015625 0.0390625
0 0.6552734375 0.7747395833333334 0.095703125 0.041666666666666664
2 0.5 0.8776041666666666 0.205078125 0.0234375
7 0.5 0.947265625 0.30078125 0.10546875