7 0.46826171875 0.03125 0.8740234375 0.026041666666666668
6 0.951171875 0.03125 0.08203125 0.026041666666666668
4 0.03515625 0.09830729166666667 0.0234375 0.032552083333333336
0 0.03515625 0.10091145833333333 0.0234375 0.037760416666666664
0 0.09228515625 0.09830729166666667 0.0439453125 0.02734375
0 0.15625 0.09830729166666667 0.044921875 0.02734375
0 0.224609375 0.09830729166666667 0.052734375 0.02734375
0 0.3076171875 0.09830729166666667 0.07421875 0.02734375
0 0.41015625 0.09830729166666667 0.091796875 0.02734375
0 0.51953125 0.09830729166666667 0.087890625 0.02734375
4 0.82421875 0.09830729166666667 0.0234375 0.032552083333333336
0 0.82421875 0.09830729166666667 0.0234375 0.032552083333333336
4 0.87109375 0.09830729166666667 0.0234375 0.032552083333333336
0 0.87109375 0.10091145833333333 0.0234375 0.02734375
4 0.91796875 0.09830729166666667 0.0234375 0.032552083333333336
0 0.91796875 0.09700520833333333 0.0234375 0.02734375
4 0.96484375 0.09830729166666667 0.0234375 0.032552083333333336
0 0.96484375 0.09830729166666667 0.0234375 0.032552083333333336
4 0.5 0.4231770833333333 1 0.5755208333333334
4 0.5 0.4283854166666667 1 0.5859375
4 0.09423828125 0.6608072916666666 0.0107421875 0.014322916666666666
0 0.09423828125 0.6608072916666666 0.0107421875 0.014322916666666666
4 0.12548828125 0.6634114583333334 0.0107421875 0.014322916666666666
0 0.12548828125 0.6634114583333334 0.0107421875 0.014322916666666666
4 0.15478515625 0.6634114583333334 0.0107421875 0.014322916666666666
0 0.15478515625 0.6634114583333334 0.0107421875 0.014322916666666666
4 0.18408203125 0.6634114583333334 0.0107421875 0.014322916666666666
0 0.18408203125 0.6634114583333334 0.0107421875 0.014322916666666666
4 0.21337890625 0.6634114583333334 0.0107421875 0.014322916666666666
0 0.21337890625 0.6634114583333334 0.0107421875 0.014322916666666666
7 0.240234375 0.32421875 0.30078125 0.0234375
7 0.240234375 0.396484375 0.30078125 0.08463541666666667
7 0.140625 0.5 0.07421875 0.026041666666666668
0 0.140625 0.5 0.1015625 0.046875
4 0.087890625 0.8639322916666666 0.1171875 0.15755208333333334
0 0.087890625 0.892578125 0.17578125 0.21484375
7 0.087890625 0.966796875 0.078125 0.024739583333333332
4 0.263671875 0.8639322916666666 0.1171875 0.15755208333333334
0 0.263671875 0.892578125 0.17578125 0.21484375
7 0.263671875 0.966796875 0.107421875 0.024739583333333332
4 0.439453125 0.8639322916666666 0.1171875 0.15755208333333334
0 0.439453125 0.892578125 0.17578125 0.21484375
7 0.439453125 0.966796875 0.1015625 0.024739583333333332
4 0.615234375 0.8639322916666666 0.1171875 0.15755208333333334
0 0.615234375 0.892578125 0.17578125 0.21484375
7 0.615234375 0.966796875 0.099609375 0.024739583333333332
4 0.791015625 0.8639322916666666 0.1171875 0.15755208333333334
0 0.791015625 0.892578125 0.17578125 0.21484375
7 0.791015625 0.966796875 0.060546875 0.024739583333333332
4 0.9541015625 0.8639322916666666 0.091796875 0.15755208333333334
0 0.939453125 0.892578125 0.12109375 0.21484375
7 0.94677734375 0.966796875 0.1064453125 0.024739583333333332