7 0.14599609375 0.9069010416666666 0.2138671875 0.07682291666666667
6 0.18994140625 0.9342447916666666 0.0869140625 0.022135416666666668
7 0.2353515625 0.9342447916666666 0.00390625 0.022135416666666668
0 0.2666015625 0.8763020833333334 0.0234375 0.03125
4 0.08740234375 0.035807291666666664 0.0927734375 0.02734375
0 0.92333984375 0.035807291666666664 0.0712890625 0.040364583333333336
2 0.5 0.21419270833333334 0.91796875 0.07421875
4 0.3017578125 0.6145833333333334 0.365234375 0.5182291666666666
0 0.697265625 0.4244791666666667 0.240234375 0.09635416666666667
0 0.697265625 0.5286458333333334 0.240234375 0.0703125
0 0.697265625 0.6197916666666666 0.240234375 0.0703125
7 0.697265625 0.6848958333333334 0.03515625 0.0234375
0 0.697265625 0.75390625 0.240234375 0.0703125
7 0.69775390625 0.8170572916666666 0.2197265625 0.01953125
6 0.63134765625 0.8430989583333334 0.0908203125 0.01953125
7 0.7041015625 0.8430989583333334 0.056640625 0.01953125
6 0.7685546875 0.8430989583333334 0.07421875 0.01953125
7 0.80712890625 0.8430989583333334 0.0048828125 0.01953125
7 0.681640625 0.8951822916666666 0.10546875 0.01953125
6 0.75 0.8951822916666666 0.033203125 0.01953125