4 0.5 0.033854166666666664 1 0.06770833333333333
0 0.5 0.033854166666666664 1 0.06770833333333333
7 0.4111328125 0.033854166666666664 0.5703125 0.03125
0 0.7900390625 0.033854166666666664 0.16796875 0.041666666666666664
4 0.9775390625 0.033854166666666664 0.015625 0.020833333333333332
4 0.03369140625 0.031901041666666664 0.0478515625 0.06380208333333333
4 0.08251953125 0.043619791666666664 0.0986328125 0.024739583333333332
0 0.08251953125 0.043619791666666664 0.0986328125 0.024739583333333332
7 0.1748046875 0.042317708333333336 0.048828125 0.024739583333333332
7 0.26318359375 0.042317708333333336 0.0615234375 0.024739583333333332
6 0.36572265625 0.042317708333333336 0.0576171875 0.024739583333333332
6 0.45068359375 0.042317708333333336 0.0478515625 0.024739583333333332
6 0.52197265625 0.042317708333333336 0.0380859375 0.024739583333333332
6 0.828125 0.042317708333333336 0.048828125 0.024739583333333332
0 0.9208984375 0.042317708333333336 0.091796875 0.045572916666666664
4 0.5 0.3131510416666667 1 0.44921875
2 0.5 0.18815104166666666 0.9765625 0.06640625
7 0.4189453125 0.24153645833333334 0.05859375 0.024739583333333332
7 0.47021484375 0.24153645833333334 0.0458984375 0.024739583333333332
7 0.5087890625 0.24153645833333334 0.033203125 0.024739583333333332
7 0.5673828125 0.24153645833333334 0.0859375 0.024739583333333332
1 0.390625 0.3098958333333333 0.42578125 0.06770833333333333
0 0.71875 0.3098958333333333 0.20703125 0.06770833333333333
4 0.5 0.5865885416666666 1 0.3190104166666667
2 0.259765625 0.521484375 0.45703125 0.055989583333333336
7 0.259765625 0.5729166666666666 0.45703125 0.03125
7 0.259765625 0.6041666666666666 0.45703125 0.03125
7 0.259765625 0.6354166666666666 0.45703125 0.03125
4 0.54638671875 0.5384114583333334 0.0224609375 0.029947916666666668
7 0.609375 0.5397135416666666 0.09765625 0.029947916666666668
4 0.54638671875 0.5852864583333334 0.0224609375 0.029947916666666668
7 0.65234375 0.5865885416666666 0.18359375 0.029947916666666668
4 0.54638671875 0.6321614583333334 0.0224609375 0.029947916666666668
7 0.654296875 0.6334635416666666 0.1875 0.029947916666666668
7 0.2265625 0.83984375 0.15625 0.0234375
6 0.33251953125 0.83984375 0.0576171875 0.0234375
7 0.36376953125 0.83984375 0.0068359375 0.0234375
6 0.3916015625 0.83984375 0.05078125 0.0234375
7 0.4296875 0.83984375 0.02734375 0.0234375
6 0.47265625 0.83984375 0.060546875 0.0234375
7 0.62744140625 0.83984375 0.2509765625 0.0234375
6 0.8017578125 0.83984375 0.099609375 0.0234375
7 0.0830078125 0.9576822916666666 0.03515625 0.022135416666666668
7 0.0830078125 0.9759114583333334 0.03515625 0.016927083333333332
4 0.24951171875 0.9596354166666666 0.0302734375 0.0390625
0 0.25 0.9674479166666666 0.16796875 0.06510416666666667
7 0.25 0.986328125 0.16796875 0.016927083333333332
4 0.41650390625 0.9674479166666666 0.0302734375 0.0390625
0 0.41650390625 0.9674479166666666 0.1669921875 0.06510416666666667
4 0.58349609375 0.9674479166666666 0.0302734375 0.0390625
0 0.5830078125 0.9674479166666666 0.16796875 0.06510416666666667
4 0.74951171875 0.9674479166666666 0.0302734375 0.0390625
0 0.75 0.9674479166666666 0.16796875 0.06510416666666667
4 0.91650390625 0.9674479166666666 0.0302734375 0.0390625
0 0.91650390625 0.9674479166666666 0.1669921875 0.06510416666666667