4 0.03515625 0.03125 0.0234375 0.03125
0 0.08984375 0.036458333333333336 0.1328125 0.041666666666666664
7 0.115234375 0.036458333333333336 0.083984375 0.0234375
7 0.23974609375 0.036458333333333336 0.0751953125 0.03125
7 0.337890625 0.036458333333333336 0.046875 0.03125
0 0.451171875 0.036458333333333336 0.103515625 0.033854166666666664
7 0.89697265625 0.03515625 0.0244140625 0.03125
0 0.9423828125 0.03515625 0.044921875 0.03125
4 0.8193359375 0.38671875 0.361328125 0.7734375
2 0.11865234375 0.20833333333333334 0.0595703125 0.078125
2 0.220703125 0.3020833333333333 0.263671875 0.140625
1 0.69384765625 0.3359375 0.3408203125 0.08072916666666667
4 0.71728515625 0.3782552083333333 0.3876953125 0.00390625
4 0.88720703125 0.3346354166666667 0.0478515625 0.0625
0 0.88720703125 0.3359375 0.0478515625 0.08072916666666667
6 0.5 0.4739583333333333 0.54296875 0.028645833333333332
7 0.6484375 0.6614583333333334 0.501953125 0.0625
0 0.5234375 0.7591145833333334 0.251953125 0.0703125
0 0.5234375 0.8450520833333334 0.251953125 0.1015625
0 0.5234375 0.9309895833333334 0.251953125 0.0703125
0 0.5234375 0.9830729166666666 0.251953125 0.033854166666666664
0 0.77392578125 0.7591145833333334 0.2509765625 0.0703125
0 0.77392578125 0.8294270833333334 0.2509765625 0.0703125
0 0.77392578125 0.9153645833333334 0.2509765625 0.1015625
0 0.77392578125 0.9830729166666666 0.2509765625 0.033854166666666664
7 0.166015625 0.65625 0.15234375 0.0390625
0 0.166015625 0.6640625 0.15234375 0.046875
7 0.17333984375 0.734375 0.1669921875 0.0703125
0 0.205078125 0.734375 0.23046875 0.09375
7 0.19921875 0.8125 0.21875 0.0390625
0 0.19921875 0.8125 0.21875 0.0625
7 0.19482421875 0.875 0.2099609375 0.0390625
0 0.19482421875 0.875 0.2099609375 0.0625
4 0.205078125 0.9765625 0.23046875 0.046875