0 0.85107421875 0.032552083333333336 0.0654296875 0.036458333333333336
0 0.92431640625 0.032552083333333336 0.0732421875 0.036458333333333336
0 0.5 0.035807291666666664 0.9609375 0.037760416666666664
4 0.029296875 0.024088541666666668 0.01953125 0.00390625
4 0.029296875 0.033203125 0.01953125 0.00390625
4 0.029296875 0.033203125 0.01953125 0.00390625
4 0.029296875 0.042317708333333336 0.01953125 0.00390625
2 0.5 0.3880208333333333 0.765625 0.234375
2 0.5 0.5436197916666666 0.921875 0.03515625
4 0.119140625 0.9088541666666666 0.1484375 0.18229166666666666
2 0.37353515625 0.875 0.2548828125 0.052083333333333336
7 0.5087890625 0.9348958333333334 0.525390625 0.06770833333333333
0 0.908203125 0.9088541666666666 0.130859375 0.057291666666666664
0 0.5 0.6549479166666666 0.16015625 0.057291666666666664
4 0.5 0.8860677083333334 0.021484375 0.016927083333333332
0 0 0.10091145833333333 0 0.07161458333333333
0 0 0.17252604166666666 0 0.07161458333333333
0 0 0.244140625 0 0.07161458333333333
0 0 0.3157552083333333 0 0.07161458333333333
3 0.9658203125 0.7786458333333334 0.068359375 0.078125