4 0.93017578125 0.82421875 0.0126953125 0.018229166666666668
0 0.93017578125 0.8216145833333334 0.0283203125 0.052083333333333336
7 0.3759765625 0.8756510416666666 0.640625 0.053385416666666664
6 0.10400390625 0.9186197916666666 0.0966796875 0.024739583333333332
6 0.22998046875 0.9186197916666666 0.1318359375 0.024739583333333332
0 0.84423828125 0.87109375 0.2001953125 0.046875
2 0.42333984375 0.04296875 0.6689453125 0.033854166666666664
7 0.123046875 0.08463541666666667 0.068359375 0.026041666666666668
6 0.23291015625 0.08463541666666667 0.1513671875 0.026041666666666668
7 0.41796875 0.099609375 0.658203125 0.055989583333333336
6 0.16650390625 0.11458333333333333 0.1181640625 0.026041666666666668
7 0.31787109375 0.11458333333333333 0.1845703125 0.026041666666666668
0 0.95166015625 0.054036458333333336 0.0419921875 0.029947916666666668
7 0.07421875 0.17447916666666666 0.046875 0.018229166666666668
1 0.6083984375 0.17578125 0.3125 0.036458333333333336
7 0.8974609375 0.17578125 0.109375 0.018229166666666668
0 0.89794921875 0.17578125 0.1513671875 0.0390625
0 0.13916015625 0.26171875 0.2236328125 0.08333333333333333
6 0.44921875 0.24934895833333334 0.083984375 0.024739583333333332
6 0.55517578125 0.24934895833333334 0.0908203125 0.024739583333333332
6 0.6708984375 0.24934895833333334 0.10546875 0.024739583333333332
6 0.8232421875 0.24934895833333334 0.1640625 0.024739583333333332
0 0.962890625 0.248046875 0.05078125 0.061197916666666664
2 0.24072265625 0.7037760416666666 0.4267578125 0.23828125
7 0.24072265625 0.8893229166666666 0.4267578125 0.0859375
0 0.1220703125 0.9791666666666666 0.189453125 0.041666666666666664
2 0.8310546875 0.56640625 0.2578125 0.0390625
7 0.8310546875 0.619140625 0.2578125 0.055989583333333336
1 0.8310546875 0.6868489583333334 0.2578125 0.055989583333333336
1 0.8310546875 0.7545572916666666 0.2578125 0.055989583333333336
0 0.74755859375 0.806640625 0.0908203125 0.024739583333333332
0 0.91015625 0.806640625 0.099609375 0.024739583333333332
0 0.8310546875 0.8723958333333334 0.2578125 0.057291666666666664
0 0.8310546875 0.9544270833333334 0.2578125 0.057291666666666664