7 0.427734375 0.9407552083333334 0.80078125 0.05859375
0 0.53515625 0.958984375 0.142578125 0.040364583333333336
0 0.90380859375 0.9440104166666666 0.1376953125 0.052083333333333336
7 0.0986328125 0.022135416666666668 0.166015625 0.0234375
4 0.19921875 0.022135416666666668 0.01171875 0.015625
6 0.38525390625 0.022135416666666668 0.0927734375 0.018229166666666668
6 0.47802734375 0.022135416666666668 0.0380859375 0.018229166666666668
6 0.5712890625 0.022135416666666668 0.09375 0.018229166666666668
6 0.671875 0.022135416666666668 0.052734375 0.018229166666666668
6 0.76513671875 0.022135416666666668 0.0791015625 0.018229166666666668
6 0.849609375 0.022135416666666668 0.03515625 0.018229166666666668
6 0.939453125 0.022135416666666668 0.08984375 0.018229166666666668
4 0.0302734375 0.07552083333333333 0.01171875 0.015625
0 0.04931640625 0.07552083333333333 0.0673828125 0.041666666666666664
7 0.05517578125 0.07552083333333333 0.0380859375 0.028645833333333332
4 0.9609375 0.07486979166666667 0.015625 0.022135416666666668
0 0.9609375 0.07486979166666667 0.015625 0.022135416666666668
4 0.658203125 0.3671875 0.68359375 0.5182291666666666
0 0.5 0.6145833333333334 1 0.026041666666666668
4 0.5 0.365234375 1 0.5143229166666666
2 0.232421875 0.22591145833333334 0.38671875 0.21744791666666666
6 0.177734375 0.3014322916666667 0.27734375 0.06640625
0 0.232421875 0.185546875 0.38671875 0.08203125
4 0.4619140625 0.654296875 0.009765625 0.014322916666666666
4 0.4873046875 0.654296875 0.009765625 0.014322916666666666
4 0.5126953125 0.654296875 0.009765625 0.014322916666666666
4 0.5380859375 0.654296875 0.009765625 0.014322916666666666
2 0.5 0.8248697916666666 0.96875 0.053385416666666664
4 0.1669921875 0.9459635416666666 0.302734375 0.10807291666666667
4 0.5 0.9459635416666666 0.302734375 0.10807291666666667
4 0.8330078125 0.9459635416666666 0.302734375 0.10807291666666667