4 0.0703125 0.050130208333333336 0.048828125 0.06640625
0 0.09912109375 0.050130208333333336 0.1064453125 0.07942708333333333
7 0.12353515625 0.045572916666666664 0.0576171875 0.049479166666666664
6 0.8642578125 0.049479166666666664 0.056640625 0.0234375
6 0.9267578125 0.049479166666666664 0.0390625 0.0234375
2 0.265625 0.251953125 0.439453125 0.07421875
7 0.265625 0.3509114583333333 0.439453125 0.07942708333333333
0 0.265625 0.4368489583333333 0.109375 0.053385416666666664
4 0.734375 0.326171875 0.439453125 0.3919270833333333
1 0.4404296875 0.5852864583333334 0.7890625 0.06380208333333333
7 0.88720703125 0.5852864583333334 0.0751953125 0.029947916666666668
0 0.8935546875 0.5852864583333334 0.12109375 0.06380208333333333
7 0.08837890625 0.6315104166666666 0.0849609375 0.0234375
0 0.2353515625 0.6315104166666666 0.208984375 0.0234375
2 0.1875 0.8196614583333334 0.283203125 0.05078125
7 0.06787109375 0.8704427083333334 0.0283203125 0.02734375
7 0.18798828125 0.90234375 0.2666015625 0.0859375
2 0.49951171875 0.8196614583333334 0.2841796875 0.05078125
7 0.49951171875 0.8860677083333334 0.2802734375 0.055989583333333336
7 0.59326171875 0.9016927083333334 0.0283203125 0.02734375
7 0.50048828125 0.91796875 0.2783203125 0.0546875
2 0.81201171875 0.8196614583333334 0.2841796875 0.05078125
7 0.74755859375 0.8697916666666666 0.1044921875 0.0234375
6 0.83349609375 0.8697916666666666 0.0693359375 0.0234375
7 0.81201171875 0.9010416666666666 0.2763671875 0.0859375