3 0.5 0.06901041666666667 0.7109375 0.1171875
0 0.1171875 0.4036458333333333 0.140625 0.03125
2 0.11279296875 0.673828125 0.0126953125 0.016927083333333332
2 0.1669921875 0.67578125 0.0859375 0.028645833333333332
2 0.37890625 0.7825520833333334 0.556640625 0.13020833333333334
0 0.38134765625 0.783203125 0.5615234375 0.14713541666666666
7 0.50830078125 0.9114583333333334 0.8154296875 0.028645833333333332
7 0.109375 0.9518229166666666 0.017578125 0.0234375
0 0.158203125 0.9518229166666666 0.115234375 0.0234375
7 0.16845703125 0.9518229166666666 0.0947265625 0.0234375
4 0.5 0.6171875 1 0.5208333333333334
3 0.50830078125 0.98828125 0.8154296875 0.0234375
7 0.14013671875 0.15299479166666666 0.1865234375 0.02734375
4 0.18603515625 0.20833333333333334 0.2783203125 0.0625
0 0.19775390625 0.21875 0.3017578125 0.10416666666666667
2 0.609375 0.15690104166666666 0.17578125 0.014322916666666666
7 0.609375 0.20182291666666666 0.17578125 0.0625
4 0.48486328125 0.18880208333333334 0.0595703125 0.078125
2 0.85888671875 0.15690104166666666 0.1630859375 0.014322916666666666
7 0.865234375 0.19140625 0.17578125 0.041666666666666664
4 0.7412109375 0.18880208333333334 0.05859375 0.078125
7 0.09716796875 0.3125 0.0849609375 0.020833333333333332
0 0.09716796875 0.3125 0.1005859375 0.08333333333333333
7 0.17529296875 0.3125 0.0400390625 0.020833333333333332
0 0.17529296875 0.3125 0.0556640625 0.08333333333333333
7 0.236328125 0.3125 0.05078125 0.020833333333333332
0 0.236328125 0.3125 0.06640625 0.08333333333333333
7 0.296875 0.3125 0.0390625 0.020833333333333332
0 0.296875 0.3125 0.0546875 0.08333333333333333
7 0.36376953125 0.3125 0.0634765625 0.020833333333333332
0 0.36376953125 0.3125 0.0791015625 0.08333333333333333
7 0.4345703125 0.3125 0.046875 0.020833333333333332
0 0.4345703125 0.3125 0.0625 0.08333333333333333
7 0.50146484375 0.3125 0.0556640625 0.020833333333333332
0 0.50146484375 0.3125 0.0712890625 0.08333333333333333
7 0.56201171875 0.3125 0.0341796875 0.020833333333333332
0 0.56201171875 0.3125 0.0498046875 0.08333333333333333
7 0.60791015625 0.3125 0.0263671875 0.020833333333333332
0 0.60791015625 0.3125 0.0419921875 0.08333333333333333
7 0.654296875 0.3125 0.03515625 0.020833333333333332
0 0.654296875 0.3125 0.05078125 0.08333333333333333
7 0.70947265625 0.3125 0.0439453125 0.020833333333333332
0 0.70947265625 0.3125 0.0595703125 0.08333333333333333
7 0.77294921875 0.3125 0.0517578125 0.020833333333333332
0 0.79248046875 0.3125 0.1064453125 0.08333333333333333
4 0.6767578125 0.3125 0.01171875 0.020833333333333332
0 0.67626953125 0.3125 0.0439453125 0.08333333333333333
7 0.7666015625 0.3020833333333333 0.10546875 0.020833333333333332
0 0.7666015625 0.3125 0.13671875 0.08333333333333333
7 0.7666015625 0.3255208333333333 0.10546875 0.015625
6 0.8720703125 0.3125 0.04296875 0.08333333333333333
7 0.5 0.6184895833333334 0.701171875 0.046875
7 0.49755859375 0.6966145833333334 0.6962890625 0.08333333333333333
7 0.27880859375 0.7903645833333334 0.2587890625 0.020833333333333332
6 0.46142578125 0.7903645833333334 0.1083984375 0.020833333333333332
7 0.630859375 0.7903645833333334 0.232421875 0.020833333333333332
6 0.4755859375 0.8059895833333334 0.65234375 0.052083333333333336
7 0.19580078125 0.8216145833333334 0.0048828125 0.020833333333333332
0 0.19873046875 0.9290364583333334 0.0986328125 0.06380208333333333
0 0.29638671875 0.9290364583333334 0.0986328125 0.06380208333333333
0 0.44580078125 0.9817708333333334 0.1025390625 0.026041666666666668
0 0.556640625 0.9817708333333334 0.09765625 0.026041666666666668