4 0.09326171875 0.03125 0.1396484375 0.041666666666666664
0 0.09326171875 0.03125 0.1396484375 0.041666666666666664
6 0.24609375 0.03125 0.037109375 0.0625
6 0.31787109375 0.03125 0.0361328125 0.0625
6 0.4169921875 0.03125 0.056640625 0.0625
1 0.6171875 0.03125 0.1953125 0.046875
0 0.78564453125 0.03125 0.1103515625 0.046875
0 0.88720703125 0.03125 0.0615234375 0.046875
0 0.955078125 0.03125 0.05859375 0.046875
2 0.5 0.87109375 0.232421875 0.052083333333333336
7 0.5 0.955078125 0.60546875 0.08984375