0 0.5 0.0032552083333333335 1 0.006510416666666667
4 0.04443359375 0.050130208333333336 0.0888671875 0.10026041666666667
0 0.13525390625 0.050130208333333336 0.0478515625 0.032552083333333336
0 0.21435546875 0.050130208333333336 0.0517578125 0.032552083333333336
0 0.3037109375 0.050130208333333336 0.068359375 0.032552083333333336
0 0.396484375 0.050130208333333336 0.05859375 0.032552083333333336
0 0.474609375 0.050130208333333336 0.0390625 0.032552083333333336
0 0.56103515625 0.050130208333333336 0.1044921875 0.10026041666666667
0 0.67822265625 0.049479166666666664 0.1005859375 0.06510416666666667
0 0.8212890625 0.049479166666666664 0.126953125 0.06510416666666667
1 0.8447265625 0.051432291666666664 0.056640625 0.061197916666666664
1 0.95654296875 0.049479166666666664 0.0166015625 0.0234375
2 0.0546875 0.11979166666666667 0.0703125 0.03125
6 0.15869140625 0.119140625 0.0947265625 0.022135416666666668
6 0.2783203125 0.119140625 0.1015625 0.022135416666666668
6 0.40380859375 0.119140625 0.1044921875 0.022135416666666668
6 0.5107421875 0.119140625 0.064453125 0.022135416666666668
3 0.5 0.31640625 0.947265625 0.3255208333333333
4 0.12451171875 0.6321614583333334 0.2099609375 0.2799479166666667
0 0.12451171875 0.6321614583333334 0.2099609375 0.2799479166666667
4 0.61474609375 0.7265625 0.7314453125 0.46875
0 0.98046875 0.4921875 0 0
2 0.61474609375 0.8626302083333334 0.6630859375 0.13151041666666666
7 0.61474609375 0.9733072916666666 0.7314453125 0.02734375