4 0.07666015625 0.0546875 0.1376953125 0.052083333333333336
0 0.21728515625 0.055338541666666664 0.0673828125 0.032552083333333336
0 0.298828125 0.055338541666666664 0.05859375 0.032552083333333336
0 0.380859375 0.055338541666666664 0.068359375 0.032552083333333336
0 0.46728515625 0.055338541666666664 0.0654296875 0.032552083333333336
0 0.541015625 0.055338541666666664 0.04296875 0.032552083333333336
0 0.619140625 0.055338541666666664 0.076171875 0.032552083333333336
0 0.96533203125 0.0546875 0.0537109375 0.0390625
2 0.5 0.2981770833333333 0.837890625 0.078125
2 0.5 0.3977864583333333 0.806640625 0.08463541666666667
0 0.5 0.6028645833333334 0.166015625 0.078125
4 0.5 0.9069010416666666 0.625 0.18619791666666666
4 0.8486328125 0.8098958333333334 0.244140625 0.046875