4 0.5 0.16080729166666666 0.68359375 0.15494791666666666
7 0.44921875 0.2805989583333333 0.15625 0.032552083333333336
6 0.58935546875 0.2805989583333333 0.0966796875 0.032552083333333336
4 0.81103515625 0.412109375 0.0166015625 0.022135416666666668
4 0.84228515625 0.412109375 0.0166015625 0.022135416666666668
4 0.875 0.412109375 0.015625 0.022135416666666668
4 0.9296875 0.4134114583333333 0.015625 0.022135416666666668
7 0.029296875 0.412109375 0.03515625 0.032552083333333336
0 0.03515625 0.412109375 0.0703125 0.05859375
4 0.0546875 0.4166666666666667 0.0078125 0.010416666666666666
7 0.11083984375 0.412109375 0.0595703125 0.032552083333333336
0 0.1162109375 0.412109375 0.09375 0.05859375
4 0.1474609375 0.4166666666666667 0.0078125 0.010416666666666666
7 0.20263671875 0.412109375 0.0576171875 0.032552083333333336
0 0.20751953125 0.412109375 0.0908203125 0.05859375
4 0.2373046875 0.4166666666666667 0.0078125 0.010416666666666666
7 0.296875 0.412109375 0.06640625 0.032552083333333336
0 0.302734375 0.412109375 0.1015625 0.05859375
4 0.337890625 0.4166666666666667 0.0078125 0.010416666666666666
7 0.41796875 0.412109375 0.107421875 0.032552083333333336
0 0.4228515625 0.412109375 0.140625 0.05859375
4 0.4775390625 0.4166666666666667 0.0078125 0.010416666666666666
0 0.52197265625 0.412109375 0.0595703125 0.05859375
0 0.5927734375 0.412109375 0.083984375 0.05859375
0 0.67724609375 0.412109375 0.0869140625 0.05859375
7 0.75146484375 0.412109375 0.0400390625 0.032552083333333336
0 0.75634765625 0.412109375 0.0732421875 0.05859375
4 0.77734375 0.4166666666666667 0.0078125 0.010416666666666666
3 0.5 0.5436197916666666 0.7109375 0.11848958333333333
4 0.17626953125 0.8235677083333334 0.3486328125 0.3528645833333333
0 0.17626953125 0.8235677083333334 0.3486328125 0.3528645833333333
7 0.46240234375 0.6966145833333334 0.1630859375 0.018229166666666668
2 0.5234375 0.8190104166666666 0.28515625 0.23958333333333334
7 0.3896484375 0.9479166666666666 0.017578125 0.028645833333333332
7 0.46435546875 0.9479166666666666 0.0908203125 0.028645833333333332
4 0.849609375 0.7591145833333334 0.298828125 0.22395833333333334
0 0.849609375 0.7591145833333334 0.298828125 0.22395833333333334
2 0.83251953125 0.943359375 0.2333984375 0.11328125