0 0.78466796875 0.041015625 0.1865234375 0.029947916666666668
7 0.8798828125 0.040364583333333336 0.005859375 0.026041666666666668
0 0.92138671875 0.041015625 0.0791015625 0.029947916666666668
4 0.5 0.040364583333333336 0.173828125 0.026041666666666668
0 0.5 0.040364583333333336 0.173828125 0.026041666666666668
6 0.25927734375 0.12109375 0.0478515625 0.0234375
6 0.3486328125 0.12109375 0.1015625 0.0234375
6 0.44384765625 0.12109375 0.0595703125 0.0234375
6 0.515625 0.12109375 0.0546875 0.0234375
6 0.59423828125 0.12109375 0.0712890625 0.0234375
6 0.68115234375 0.12109375 0.0732421875 0.0234375
4 0.748046875 0.12044270833333333 0.015625 0.01953125
0 0.74853515625 0.12044270833333333 0.0478515625 0.07421875
4 0.400390625 0.41796875 0.80078125 0.8359375
2 0.5 0.5201822916666666 0.869140625 0.12109375
2 0.60546875 0.548828125 0.517578125 0.06380208333333333
1 0.42919921875 0.6686197916666666 0.2978515625 0.06640625
1 0.64892578125 0.6686197916666666 0.1416015625 0.06640625
7 0.5 0.8802083333333334 0.921875 0.046875
6 0.587890625 0.8932291666666666 0.083984375 0.020833333333333332
7 0.63134765625 0.8932291666666666 0.0029296875 0.020833333333333332
0 0.5 0.953125 0.17578125 0.052083333333333336