7 0.08447265625 0.052083333333333336 0.1103515625 0.036458333333333336
4 0.1533203125 0.052083333333333336 0.017578125 0.0234375
0 0.5 0.052083333333333336 0.123046875 0.049479166666666664
4 0.9033203125 0.052083333333333336 0.01953125 0.020833333333333332
0 0.9033203125 0.052083333333333336 0.0390625 0.046875
4 0.951171875 0.052083333333333336 0.01953125 0.026041666666666668
0 0.951171875 0.052083333333333336 0.0390625 0.052083333333333336
0 0.2431640625 0.12174479166666667 0.06640625 0.061197916666666664
0 0.34326171875 0.12174479166666667 0.1162109375 0.061197916666666664
0 0.46875 0.12174479166666667 0.1171875 0.061197916666666664
0 0.56591796875 0.12174479166666667 0.0595703125 0.061197916666666664
0 0.62939453125 0.12174479166666667 0.0498046875 0.061197916666666664
0 0.716796875 0.12174479166666667 0.107421875 0.061197916666666664
4 0.09814453125 0.22005208333333334 0.0400390625 0.052083333333333336
7 0.21630859375 0.21940104166666666 0.1572265625 0.022135416666666668
6 0.361328125 0.21940104166666666 0.1328125 0.022135416666666668
7 0.4296875 0.21940104166666666 0.00390625 0.022135416666666668
0 0.912109375 0.22005208333333334 0.03125 0.041666666666666664
7 0.1123046875 0.3046875 0.1328125 0.020833333333333332
4 0.5 0.564453125 0.912109375 0.4752604166666667
0 0.5 0.5638020833333334 1 0.4739583333333333
2 0.33544921875 0.48828125 0.5048828125 0.21875
0 0.33544921875 0.48828125 0.5244140625 0.24479166666666666
0 0.13671875 0.6536458333333334 0.126953125 0.059895833333333336
4 0.0634765625 0.8072916666666666 0.05859375 0.078125
7 0.1962890625 0.8072916666666666 0.1875 0.057291666666666664
4 0.30908203125 0.8072916666666666 0.0205078125 0.026041666666666668
4 0.38720703125 0.8072916666666666 0.0595703125 0.078125
7 0.51953125 0.8072916666666666 0.1875 0.057291666666666664
4 0.63232421875 0.8072916666666666 0.0205078125 0.026041666666666668
4 0.71044921875 0.8072916666666666 0.0595703125 0.078125
7 0.8427734375 0.8072916666666666 0.1875 0.057291666666666664
4 0.95556640625 0.8072916666666666 0.0205078125 0.026041666666666668
3 0.5 0.9459635416666666 0.7109375 0.10807291666666667