4 0.5 0.038411458333333336 0.9609375 0.024739583333333332
6 0.4765625 0.13411458333333334 0.9140625 0.046875
7 0.04150390625 0.22265625 0.0439453125 0.028645833333333332
7 0.12646484375 0.22265625 0.0673828125 0.028645833333333332
7 0.212890625 0.22265625 0.046875 0.028645833333333332
4 0.09619140625 0.3059895833333333 0.1923828125 0.10416666666666667
6 0.29541015625 0.3059895833333333 0.0908203125 0.028645833333333332
6 0.38818359375 0.3059895833333333 0.0361328125 0.028645833333333332
6 0.45361328125 0.3059895833333333 0.0361328125 0.028645833333333332
6 0.56884765625 0.3059895833333333 0.1357421875 0.028645833333333332
6 0.6962890625 0.3059895833333333 0.060546875 0.028645833333333332
6 0.775390625 0.3059895833333333 0.0390625 0.028645833333333332
6 0.84423828125 0.3059895833333333 0.0400390625 0.028645833333333332
6 0.52197265625 0.41015625 0.0908203125 0.028645833333333332
6 0.61669921875 0.41015625 0.0419921875 0.028645833333333332
7 0.66650390625 0.41015625 0.0771484375 0.020833333333333332
4 0.88232421875 0.4069010416666667 0.0048828125 0.006510416666666667
0 0.8828125 0.4075520833333333 0.078125 0.10416666666666667
4 0.8916015625 0.40625 0.01953125 0.026041666666666668
4 0.5 0.4264322916666667 1 0.3450520833333333
2 0.2451171875 0.4661458333333333 0.138671875 0.041666666666666664
0 0.35498046875 0.4680989583333333 0.0576171875 0.032552083333333336
7 0.353515625 0.513671875 0.35546875 0.022135416666666668
4 0.16748046875 0.7389322916666666 0.2724609375 0.36328125
0 0.16748046875 0.7389322916666666 0.2724609375 0.36328125
2 0.10498046875 0.91015625 0.1162109375 0.020833333333333332
0 0.10498046875 0.9088541666666666 0.1162109375 0.013020833333333334
2 0.15771484375 0.9694010416666666 0.2216796875 0.061197916666666664
4 0.44189453125 0.7389322916666666 0.2724609375 0.36328125
0 0.44189453125 0.7389322916666666 0.2724609375 0.36328125
2 0.37939453125 0.91015625 0.1162109375 0.020833333333333332
0 0.37939453125 0.9088541666666666 0.1162109375 0.013020833333333334
2 0.4375 0.9694010416666666 0.232421875 0.061197916666666664
4 0.98486328125 0.6888020833333334 0.0302734375 0.6223958333333334
4 0.666015625 0.435546875 0.09765625 0.009114583333333334
2 0.7734375 0.5052083333333334 0.3125 0.052083333333333336
0 0.7734375 0.4856770833333333 0.3125 0.09114583333333333
2 0.7734375 0.556640625 0.3125 0.02734375
4 0.62109375 0.5904947916666666 0.0078125 0.01171875
0 0.7138671875 0.5891927083333334 0.162109375 0.02734375
2 0.7734375 0.6647135416666666 0.3125 0.048177083333333336
0 0.7734375 0.6647135416666666 0.3125 0.048177083333333336
4 0.65625 0.8118489583333334 0.078125 0.10546875
0 0.666015625 0.8118489583333334 0.09765625 0.10546875
4 0.65625 0.8118489583333334 0.078125 0.10546875
4 0.65625 0.8118489583333334 0.078125 0.10546875
4 0.6318359375 0.8444010416666666 0.029296875 0.040364583333333336
6 0.8115234375 0.7936197916666666 0.193359375 0.07942708333333333
7 0.81982421875 0.8600260416666666 0.2099609375 0.016927083333333332
4 0.65625 0.962890625 0.078125 0.07421875
0 0.666015625 0.962890625 0.09765625 0.07421875
4 0.65625 0.962890625 0.078125 0.07421875
4 0.65625 0.962890625 0.078125 0.07421875
4 0.6318359375 0.9954427083333334 0.029296875 0.009114583333333334
6 0.8076171875 0.9602864583333334 0.185546875 0.07942708333333333