4 0.1015625 0.042317708333333336 0.15625 0.032552083333333336
0 0.1015625 0.041666666666666664 0.15625 0.033854166666666664
7 0.23583984375 0.059895833333333336 0.0927734375 0.0234375
0 0.189453125 0.050130208333333336 0.01953125 0.02734375
6 0.27197265625 0.041666666666666664 0.0947265625 0.08333333333333333
7 0.3779296875 0.041666666666666664 0.087890625 0.08333333333333333
6 0.47216796875 0.041666666666666664 0.0712890625 0.08333333333333333
6 0.5712890625 0.041666666666666664 0.06640625 0.08333333333333333
4 0.23876953125 0.12239583333333333 0.0400390625 0.052083333333333336
7 0.4716796875 0.12434895833333333 0.41015625 0.022135416666666668
7 0.71728515625 0.125 0.0751953125 0.026041666666666668
0 0.73046875 0.125 0.1015625 0.028645833333333332
4 0.76806640625 0.119140625 0.0185546875 0.024739583333333332
4 0.49951171875 0.390625 0.0673828125 0.08854166666666667
2 0.5 0.53125 0.458984375 0.15625
7 0.49951171875 0.6549479166666666 0.1455078125 0.026041666666666668
0 0.5 0.6549479166666666 0.193359375 0.059895833333333336
7 0.3232421875 0.927734375 0.607421875 0.05859375
0 0.4072265625 0.9453125 0.107421875 0.026041666666666668
7 0.462890625 0.9446614583333334 0.00390625 0.024739583333333332
7 0.72216796875 0.9329427083333334 0.0888671875 0.02734375
0 0.73486328125 0.9329427083333334 0.1142578125 0.029947916666666668
4 0.77978515625 0.9264322916666666 0.0185546875 0.024739583333333332
0 0.91796875 0.9283854166666666 0.125 0.059895833333333336