4 0.03515625 0.041666666666666664 0.0234375 0.03125
0 0.03515625 0.041666666666666664 0.046875 0.0625
7 0.17919921875 0.042317708333333336 0.0888671875 0.032552083333333336
0 0.14306640625 0.044270833333333336 0.1611328125 0.03125
4 0.85546875 0.041666666666666664 0.0234375 0.03125
0 0.85546875 0.041666666666666664 0.0390625 0.052083333333333336
0 0.93359375 0.041666666666666664 0.09375 0.046875
4 0.931640625 0.6588541666666666 0.0234375 0.03125
4 0.79296875 0.6640625 0.3203125 0.0625
7 0.79296875 0.71875 0.3203125 0.046875
7 0.78662109375 0.7955729166666666 0.3076171875 0.078125
6 0.70556640625 0.82421875 0.0654296875 0.020833333333333332
7 0.7900390625 0.8385416666666666 0.314453125 0.049479166666666664
6 0.86572265625 0.8528645833333334 0.1044921875 0.020833333333333332
7 0.7880859375 0.8671875 0.310546875 0.049479166666666664
7 0.9111328125 0.93359375 0.037109375 0.020833333333333332
0 0.9111328125 0.9348958333333334 0.083984375 0.046875
7 0.07421875 0.12109375 0.029296875 0.044270833333333336
7 0.19677734375 0.12109375 0.0791015625 0.044270833333333336
7 0.0859375 0.18880208333333334 0.171875 0.059895833333333336
7 0.2236328125 0.18880208333333334 0.103515625 0.059895833333333336
7 0.32666015625 0.18880208333333334 0.1025390625 0.059895833333333336
7 0.427734375 0.18880208333333334 0.099609375 0.059895833333333336
4 0.41650390625 0.18880208333333334 0.0244140625 0.059895833333333336
4 0.45166015625 0.19010416666666666 0.0478515625 0.0625
4 0.49951171875 0.18815104166666666 0.0244140625 0.032552083333333336
0 0.49951171875 0.18880208333333334 0.0498046875 0.059895833333333336
7 0.57568359375 0.18880208333333334 0.1044921875 0.059895833333333336
7 0.6787109375 0.18880208333333334 0.103515625 0.059895833333333336
7 0.77734375 0.18880208333333334 0.095703125 0.059895833333333336
4 0.83642578125 0.18880208333333334 0.0244140625 0.059895833333333336
4 0.87158203125 0.19010416666666666 0.0478515625 0.0625
4 0.47119140625 0.2643229166666667 0.0244140625 0.03125
0 0.47119140625 0.2643229166666667 0.0263671875 0.033854166666666664
4 0.4658203125 0.3984375 0.0234375 0.020833333333333332
0 0.4658203125 0.3977864583333333 0.033203125 0.03515625
7 0.41845703125 0.3984375 0.0400390625 0.018229166666666668
4 0.03515625 0.40234375 0.0234375 0.03125
0 0.03515625 0.40234375 0.03515625 0.046875
7 0.5859375 0.2669270833333333 0.1171875 0.041666666666666664
6 0.9521484375 0.466796875 0.072265625 0.016927083333333332
4 0.36572265625 0.7591145833333334 0.0693359375 0.09114583333333333
0 0.36669921875 0.77734375 0.0712890625 0.12760416666666666
7 0.36669921875 0.8294270833333334 0.0712890625 0.0234375
4 0.49658203125 0.7591145833333334 0.0693359375 0.09114583333333333
0 0.49755859375 0.77734375 0.0712890625 0.12760416666666666
7 0.49755859375 0.8294270833333334 0.0712890625 0.0234375
4 0.62744140625 0.7591145833333334 0.0693359375 0.09114583333333333
0 0.630859375 0.77734375 0.076171875 0.12760416666666666
7 0.630859375 0.8294270833333334 0.076171875 0.0234375