3 0.5 0.07942708333333333 0.7109375 0.1171875
2 0.5 0.25390625 1 0.1875
4 0.09033203125 0.22786458333333334 0.1337890625 0.041666666666666664
0 0.3486328125 0.22786458333333334 0.650390625 0.041666666666666664
7 0.7646484375 0.23307291666666666 0.0625 0.020833333333333332
0 0.77392578125 0.23307291666666666 0.0810546875 0.026041666666666668
7 0.85400390625 0.23307291666666666 0.0302734375 0.020833333333333332
7 0.92919921875 0.23307291666666666 0.0712890625 0.020833333333333332
6 0.2197265625 0.298828125 0.1328125 0.022135416666666668
6 0.3701171875 0.298828125 0.12109375 0.022135416666666668
6 0.50732421875 0.298828125 0.1064453125 0.022135416666666668
6 0.6826171875 0.298828125 0.197265625 0.022135416666666668
6 0.24658203125 0.330078125 0.1865234375 0.022135416666666668
6 0.39453125 0.330078125 0.0625 0.022135416666666668
6 0.49609375 0.330078125 0.09375 0.022135416666666668
6 0.58740234375 0.330078125 0.0419921875 0.022135416666666668
6 0.6826171875 0.330078125 0.1015625 0.022135416666666668
6 0.83740234375 0.330078125 0.1611328125 0.022135416666666668
6 0.18798828125 0.361328125 0.0693359375 0.022135416666666668
7 0.966796875 0.2981770833333333 0.01953125 0.0546875
4 0.32421875 0.654296875 0.5390625 0.4778645833333333
0 0.3203125 0.7076822916666666 0.546875 0.5846354166666666
2 0.22998046875 0.93359375 0.3583984375 0.1328125
4 0.7119140625 0.5716145833333334 0.09375 0.125
0 0.7197265625 0.5729166666666666 0.109375 0.12760416666666666
7 0.86181640625 0.572265625 0.1748046875 0.11848958333333333
4 0.7119140625 0.73046875 0.09375 0.125
0 0.7197265625 0.73046875 0.109375 0.125
7 0.8603515625 0.7154947916666666 0.171875 0.08723958333333333
4 0.7119140625 0.88671875 0.09375 0.125
0 0.7197265625 0.8880208333333334 0.109375 0.12760416666666666
7 0.86279296875 0.9029947916666666 0.1767578125 0.14973958333333334
4 0.7119140625 0.9915364583333334 0.09375 0.016927083333333332
0 0.7197265625 0.9915364583333334 0.109375 0.016927083333333332
7 0.861328125 0.9934895833333334 0.173828125 0.013020833333333334