7 0.5 0.041666666666666664 1 0.08333333333333333
4 0.0390625 0.038411458333333336 0.0234375 0.032552083333333336
0 0.0390625 0.036458333333333336 0.046875 0.0625
2 0.10693359375 0.040364583333333336 0.0595703125 0.026041666666666668
0 0.10693359375 0.040364583333333336 0.0595703125 0.0625
7 0.93359375 0.036458333333333336 0.0234375 0.03125
0 0.93359375 0.036458333333333336 0.0390625 0.052083333333333336
4 0.97265625 0.037109375 0.0234375 0.032552083333333336
0 0.97265625 0.036458333333333336 0.0390625 0.0546875
7 0.5 0.2864583333333333 0.5234375 0.19791666666666666
7 0.8017578125 0.421875 0.0234375 0.03125
1 0.5 0.421875 0.658203125 0.052083333333333336
7 0.48828125 0.5638020833333334 0.17578125 0.026041666666666668
0 0.5 0.5638020833333334 0.19921875 0.2109375
7 0.587890625 0.5638020833333334 0.0234375 0.03125
7 0.1337890625 0.5677083333333334 0.158203125 0.020833333333333332
0 0.93017578125 0.5677083333333334 0.0302734375 0.020833333333333332
7 0.0654296875 0.65234375 0.009765625 0.013020833333333334
0 0.265625 0.802734375 0.46875 0.39453125
7 0.11767578125 0.6536458333333334 0.0869140625 0.03125
7 0.1875 0.65234375 0.009765625 0.013020833333333334
7 0.25341796875 0.6536458333333334 0.1142578125 0.03125
4 0.26513671875 0.8294270833333334 0.2197265625 0.21875
7 0.26513671875 0.974609375 0.4208984375 0.05078125
7 0.5341796875 0.65234375 0.009765625 0.013020833333333334
0 0.734375 0.802734375 0.46875 0.39453125
7 0.58056640625 0.6536458333333334 0.0751953125 0.03125
4 0.734375 0.8190104166666666 0.263671875 0.21875
7 0.734375 0.974609375 0.421875 0.05078125