7 0.0771484375 0.026041666666666668 0.107421875 0.018229166666666668
7 0.22265625 0.026041666666666668 0.17578125 0.018229166666666668
4 0.115234375 0.09114583333333333 0.18359375 0.052083333333333336
7 0.65380859375 0.09114583333333333 0.0322265625 0.026041666666666668
0 0.64013671875 0.09114583333333333 0.0830078125 0.052083333333333336
7 0.748046875 0.09114583333333333 0.04296875 0.026041666666666668
0 0.734375 0.09114583333333333 0.09375 0.052083333333333336
7 0.84423828125 0.09114583333333333 0.0361328125 0.026041666666666668
0 0.83056640625 0.09114583333333333 0.0869140625 0.052083333333333336
7 0.93603515625 0.09114583333333333 0.0810546875 0.0546875
0 0.93603515625 0.09114583333333333 0.0810546875 0.0546875
7 0.07470703125 0.17317708333333334 0.0732421875 0.026041666666666668
0 0.13671875 0.171875 0.2265625 0.0625
7 0.3046875 0.17317708333333334 0.048828125 0.026041666666666668
0 0.37890625 0.171875 0.2265625 0.0625
7 0.5673828125 0.17317708333333334 0.08984375 0.026041666666666668
0 0.62109375 0.171875 0.2265625 0.0625
7 0.80908203125 0.17317708333333334 0.0888671875 0.026041666666666668
0 0.86328125 0.171875 0.2265625 0.0625
7 0.08984375 0.2565104166666667 0.103515625 0.026041666666666668
0 0.13671875 0.2552083333333333 0.2265625 0.0625
7 0.330078125 0.2565104166666667 0.099609375 0.026041666666666668
0 0.37890625 0.2552083333333333 0.2265625 0.0625
7 0.54638671875 0.2565104166666667 0.0478515625 0.026041666666666668
0 0.62109375 0.2552083333333333 0.2265625 0.0625
7 0.78369140625 0.2565104166666667 0.0380859375 0.026041666666666668
0 0.86328125 0.2552083333333333 0.2265625 0.0625
4 0.69091796875 0.6256510416666666 0.5712890625 0.5065104166666666
7 0.25537109375 0.4856770833333333 0.3056640625 0.10416666666666667
1 0.5 0.6080729166666666 0.771484375 0.078125
2 0.5 0.9772135416666666 0.341796875 0.045572916666666664