4 0.083984375 0.03515625 0.09765625 0.0703125
6 0.17431640625 0.035807291666666664 0.0478515625 0.022135416666666668
6 0.2412109375 0.035807291666666664 0.04296875 0.022135416666666668
6 0.31201171875 0.035807291666666664 0.0556640625 0.022135416666666668
6 0.38818359375 0.035807291666666664 0.0537109375 0.022135416666666668
0 0.9296875 0.03515625 0.041015625 0.0703125
0 0.97607421875 0.03515625 0.0478515625 0.0703125
1 0.79150390625 0.037109375 0.2158203125 0.04296875
1 0.69970703125 0.03125 0.0283203125 0.026041666666666668
4 0.5205078125 0.033854166666666664 0.07421875 0.044270833333333336
4 0.6142578125 0.033854166666666664 0.07421875 0.044270833333333336
7 0.5 0.15104166666666666 1 0.1171875
4 0.5 0.3815104166666667 0.56640625 0.203125
7 0.5 0.5071614583333334 0.89453125 0.016927083333333332
2 0.5 0.5364583333333334 0.89453125 0.03125
7 0.8046875 0.6263020833333334 0.103515625 0.052083333333333336
0 0.87646484375 0.6263020833333334 0.0283203125 0.036458333333333336
0 0.91064453125 0.6263020833333334 0.0283203125 0.036458333333333336
0 0.9453125 0.6263020833333334 0.02734375 0.036458333333333336
7 0.09716796875 0.626953125 0.0634765625 0.01953125
7 0.18896484375 0.626953125 0.0615234375 0.01953125
7 0.27099609375 0.626953125 0.0439453125 0.01953125
7 0.34130859375 0.626953125 0.0380859375 0.01953125
7 0.40869140625 0.626953125 0.0361328125 0.01953125
7 0.12353515625 0.6953125 0.1220703125 0.015625
2 0.13623046875 0.7233072916666666 0.1474609375 0.03515625
4 0.11474609375 0.8229166666666666 0.1044921875 0.140625
7 0.19189453125 0.8470052083333334 0.2587890625 0.19401041666666666
6 0.169921875 0.9329427083333334 0.07421875 0.022135416666666668
7 0.181640625 0.9609375 0.23828125 0.078125
7 0.392578125 0.6953125 0.072265625 0.015625
2 0.455078125 0.7233072916666666 0.197265625 0.03515625
7 0.47998046875 0.7897135416666666 0.2470703125 0.07942708333333333
6 0.4140625 0.818359375 0.078125 0.022135416666666668
7 0.455078125 0.818359375 0.005859375 0.022135416666666668
7 0.486328125 0.9186197916666666 0.259765625 0.16276041666666666
7 0.69189453125 0.7005208333333334 0.0439453125 0.03125
4 0.69189453125 0.734375 0.0380859375 0.026041666666666668
7 0.76513671875 0.7005208333333334 0.0341796875 0.03125
4 0.76513671875 0.734375 0.0380859375 0.026041666666666668
7 0.83837890625 0.7005208333333334 0.0380859375 0.03125
4 0.83837890625 0.734375 0.0380859375 0.026041666666666668
7 0.912109375 0.7005208333333334 0.02734375 0.03125
4 0.91162109375 0.734375 0.0380859375 0.026041666666666668
7 0.8017578125 0.8938802083333334 0.29296875 0.21223958333333334