6 0.0439453125 0.041666666666666664 0.041015625 0.052083333333333336
4 0.84765625 0.041666666666666664 0.015625 0.020833333333333332
0 0.84765625 0.041666666666666664 0.03515625 0.046875
0 0.91015625 0.041666666666666664 0.07421875 0.046875
4 0.97265625 0.041666666666666664 0.015625 0.020833333333333332
0 0.97265625 0.041666666666666664 0.03515625 0.046875
2 0.5 0.9479166666666666 0.9375 0.08333333333333333
7 0.8037109375 0.8294270833333334 0.296875 0.07291666666666667
6 0.837890625 0.85546875 0.11328125 0.020833333333333332
7 0.8076171875 0.8684895833333334 0.3046875 0.046875
6 0.84814453125 0.9361979166666666 0.0498046875 0.020833333333333332
0 0.84814453125 0.9361979166666666 0.0810546875 0.041666666666666664
0 0.93603515625 0.9361979166666666 0.0654296875 0.041666666666666664