7 0.79150390625 0.01953125 0.0068359375 0.018229166666666668
4 0.810546875 0.018229166666666668 0.009765625 0.020833333333333332
0 0.8408203125 0.020182291666666668 0.080078125 0.024739583333333332
7 0.845703125 0.01953125 0.0625 0.018229166666666668
4 0.9033203125 0.018229166666666668 0.013671875 0.020833333333333332
0 0.93212890625 0.020182291666666668 0.0810546875 0.024739583333333332
7 0.9384765625 0.01953125 0.05859375 0.018229166666666668
4 0.63427734375 0.020833333333333332 0.0322265625 0.0234375
7 0.6689453125 0.020833333333333332 0.0390625 0.018229166666666668
4 0.12353515625 0.083984375 0.2138671875 0.05859375
0 0.30078125 0.08203125 0.041015625 0.09114583333333333
0 0.39501953125 0.08203125 0.0791015625 0.09114583333333333
0 0.50146484375 0.08203125 0.0654296875 0.09114583333333333
0 0.58935546875 0.08203125 0.0419921875 0.09114583333333333
0 0.70263671875 0.08203125 0.1162109375 0.09114583333333333
0 0.83203125 0.08203125 0.07421875 0.09114583333333333
0 0.93505859375 0.08203125 0.0634765625 0.09114583333333333
4 0.25 0.3880208333333333 0.5 0.5208333333333334
4 0.75 0.3880208333333333 0.5 0.5208333333333334
7 0.5 0.3880208333333333 1 0.5208333333333334
4 0.08935546875 0.6022135416666666 0.0537109375 0.045572916666666664
4 0.15673828125 0.6022135416666666 0.0537109375 0.045572916666666664
4 0.22412109375 0.6022135416666666 0.0537109375 0.045572916666666664
7 0.083984375 0.7890625 0.080078125 0.033854166666666664
0 0.083984375 0.7428385416666666 0.109375 0.17578125
7 0.083984375 0.8359375 0.080078125 0.033854166666666664
7 0.083984375 0.775390625 0.109375 0.032552083333333336
4 0.21875 0.7135416666666666 0.109375 0.09114583333333333
0 0.21875 0.7428385416666666 0.109375 0.17578125
7 0.21875 0.775390625 0.109375 0.032552083333333336
7 0.353515625 0.7890625 0.080078125 0.033854166666666664
0 0.353515625 0.7428385416666666 0.109375 0.17578125
7 0.353515625 0.8359375 0.080078125 0.033854166666666664
7 0.353515625 0.775390625 0.109375 0.032552083333333336
4 0.48828125 0.7135416666666666 0.109375 0.09114583333333333
0 0.48828125 0.7428385416666666 0.109375 0.17578125
7 0.48828125 0.775390625 0.109375 0.032552083333333336
4 0.623046875 0.7135416666666666 0.109375 0.09114583333333333
0 0.623046875 0.7428385416666666 0.109375 0.17578125
7 0.623046875 0.775390625 0.109375 0.032552083333333336
7 0.7578125 0.7890625 0.080078125 0.033854166666666664
0 0.7578125 0.7428385416666666 0.109375 0.17578125
7 0.7578125 0.8359375 0.080078125 0.033854166666666664
7 0.7578125 0.775390625 0.109375 0.032552083333333336
4 0.9208984375 0.6901041666666666 0.125 0.16666666666666666
7 0.92041015625 0.7981770833333334 0.0498046875 0.018229166666666668
2 0.06591796875 0.8958333333333334 0.0986328125 0.036458333333333336
7 0.4453125 0.8971354166666666 0.02734375 0.018229166666666668
4 0.46484375 0.8977864583333334 0.01171875 0.029947916666666668
0 0.451171875 0.8971354166666666 0.0390625 0.018229166666666668
4 0.05859375 0.9680989583333334 0.083984375 0.06380208333333333
0 0.24365234375 0.9680989583333334 0.4541015625 0.06380208333333333
2 0.2841796875 0.9505208333333334 0.34765625 0.028645833333333332
6 0.29052734375 0.982421875 0.3603515625 0.03515625
2 0.5546875 0.8958333333333334 0.08984375 0.036458333333333336
4 0.7666015625 0.900390625 0.03515625 0.045572916666666664
0 0.7666015625 0.91796875 0.041015625 0.018229166666666668
4 0.810546875 0.900390625 0.03515625 0.045572916666666664
0 0.810546875 0.91796875 0.041015625 0.018229166666666668
4 0.85546875 0.900390625 0.03515625 0.045572916666666664
0 0.85546875 0.91796875 0.041015625 0.018229166666666668
4 0.8994140625 0.900390625 0.03515625 0.045572916666666664
0 0.8994140625 0.91796875 0.041015625 0.018229166666666668
4 0.94384765625 0.900390625 0.0341796875 0.045572916666666664
0 0.94384765625 0.91796875 0.0400390625 0.018229166666666668
4 0.5517578125 0.9680989583333334 0.083984375 0.06380208333333333
0 0.73681640625 0.9680989583333334 0.4541015625 0.06380208333333333
2 0.77734375 0.9505208333333334 0.34765625 0.028645833333333332
6 0.78369140625 0.982421875 0.3603515625 0.03515625