7 0.45556640625 0.033203125 0.5908203125 0.022135416666666668
0 0.498046875 0.033854166666666664 0.67578125 0.036458333333333336
6 0.79345703125 0.033203125 0.0869140625 0.022135416666666668
4 0.978515625 0.033854166666666664 0.01171875 0.018229166666666668
0 0.978515625 0.033854166666666664 0.01171875 0.0625
4 0.111328125 0.12565104166666666 0.17578125 0.040364583333333336
7 0.38427734375 0.130859375 0.0693359375 0.022135416666666668
0 0.39306640625 0.13020833333333334 0.1064453125 0.046875
4 0.43017578125 0.13346354166666666 0.0126953125 0.009114583333333334
7 0.5146484375 0.130859375 0.056640625 0.022135416666666668
0 0.52392578125 0.13020833333333334 0.0947265625 0.046875
4 0.55517578125 0.13346354166666666 0.0126953125 0.009114583333333334
7 0.66015625 0.130859375 0.099609375 0.022135416666666668
0 0.669921875 0.13020833333333334 0.138671875 0.046875
4 0.72314453125 0.13346354166666666 0.0126953125 0.009114583333333334
0 0.79931640625 0.13020833333333334 0.0537109375 0.046875
0 0.9052734375 0.13020833333333334 0.12890625 0.041666666666666664
2 0.150390625 0.302734375 0.25390625 0.040364583333333336
2 0.302734375 0.302734375 0.05078125 0.040364583333333336
2 0.396484375 0.302734375 0.140625 0.040364583333333336
7 0.267578125 0.3756510416666667 0.48828125 0.048177083333333336
0 0.130859375 0.4615885416666667 0.21484375 0.06380208333333333
7 0.267578125 0.5501302083333334 0.48828125 0.07421875
4 0.05517578125 0.615234375 0.0634765625 0.05859375
4 0.14013671875 0.615234375 0.0380859375 0.05859375
4 0.22705078125 0.615234375 0.0673828125 0.05859375
4 0.32080078125 0.615234375 0.0517578125 0.05859375
4 0.39404296875 0.615234375 0.0263671875 0.05859375
2 0.7353515625 0.24739583333333334 0.1875 0.0390625
2 0.86279296875 0.2708333333333333 0.1923828125 0.0859375
7 0.85009765625 0.3580729166666667 0.0849609375 0.052083333333333336
7 0.93408203125 0.3580729166666667 0.0849609375 0.052083333333333336
7 0.7158203125 0.41015625 0.185546875 0.052083333333333336
4 0.85009765625 0.4069010416666667 0.0107421875 0.016927083333333332
7 0.93408203125 0.41015625 0.0849609375 0.052083333333333336
7 0.7158203125 0.4622395833333333 0.185546875 0.052083333333333336
4 0.85009765625 0.458984375 0.0107421875 0.016927083333333332
7 0.93408203125 0.4622395833333333 0.0849609375 0.052083333333333336
7 0.7158203125 0.5143229166666666 0.185546875 0.052083333333333336
4 0.85009765625 0.5110677083333334 0.0107421875 0.016927083333333332
7 0.93408203125 0.5143229166666666 0.0849609375 0.052083333333333336
7 0.7158203125 0.56640625 0.185546875 0.052083333333333336
4 0.85009765625 0.5631510416666666 0.0107421875 0.016927083333333332
7 0.93408203125 0.56640625 0.0849609375 0.052083333333333336
7 0.7158203125 0.623046875 0.185546875 0.061197916666666664
4 0.85009765625 0.6204427083333334 0.0107421875 0.016927083333333332
7 0.93408203125 0.623046875 0.0849609375 0.061197916666666664
7 0.7158203125 0.6796875 0.185546875 0.052083333333333336
4 0.85009765625 0.6764322916666666 0.0107421875 0.016927083333333332
7 0.93408203125 0.6796875 0.0849609375 0.052083333333333336
2 0.5 0.8177083333333334 0.75 0.036458333333333336
2 0.07275390625 0.90625 0.1142578125 0.057291666666666664
2 0.251953125 0.90625 0.203125 0.057291666666666664
2 0.43408203125 0.8919270833333334 0.1201171875 0.028645833333333332
2 0.6103515625 0.90625 0.19140625 0.057291666666666664
2 0.8037109375 0.90625 0.154296875 0.057291666666666664
2 0.94287109375 0.8919270833333334 0.0830078125 0.028645833333333332
7 0.12646484375 0.9921875 0.0888671875 0.015625
0 0.18896484375 0.984375 0.2373046875 0.03125
7 0.353515625 0.9921875 0.05078125 0.015625
0 0.43505859375 0.984375 0.2373046875 0.03125
7 0.619140625 0.9921875 0.08984375 0.015625
0 0.68115234375 0.984375 0.2373046875 0.03125
7 0.84619140625 0.9921875 0.0498046875 0.015625
0 0.904296875 0.984375 0.19140625 0.03125
0 0.97119140625 0.984375 0.0556640625 0.03125
4 0.5 0.5 1 1
4 0.76953125 0.5 0.046875 0.78125
7 0.5 0.13541666666666666 0.5859375 0.052083333333333336
7 0.5 0.2421875 0.5859375 0.052083333333333336
7 0.5 0.3248697916666667 0.5859375 0.048177083333333336
7 0.5 0.5833333333333334 0.498046875 0.4036458333333333
7 0.49560546875 0.8203125 0.1298828125 0.020833333333333332
0 0.5 0.81640625 0.234375 0.0625
4 0.56494140625 0.8190104166666666 0.0087890625 0.015625