4 0.056640625 0.036458333333333336 0.08203125 0.028645833333333332
0 0.056640625 0.036458333333333336 0.08203125 0.028645833333333332
0 0.85791015625 0.036458333333333336 0.0791015625 0.041666666666666664
0 0.9443359375 0.036458333333333336 0.080078125 0.041666666666666664
7 0.267578125 0.1171875 0.50390625 0.041666666666666664
7 0.5654296875 0.1171875 0.09375 0.041666666666666664
4 0.63037109375 0.119140625 0.0244140625 0.032552083333333336
0 0.3291015625 0.1171875 0.626953125 0.041666666666666664
2 0.8212890625 0.7063802083333334 0.224609375 0.040364583333333336
2 0.8349609375 0.7473958333333334 0.251953125 0.03125
0 0.8349609375 0.8365885416666666 0.251953125 0.06380208333333333
0 0.8349609375 0.916015625 0.251953125 0.06380208333333333
4 0.9482421875 0.703125 0.0234375 0.03125
0 0.9482421875 0.703125 0.025390625 0.033854166666666664
2 0.2822265625 0.3450520833333333 0.533203125 0.2734375
4 0.7314453125 0.6028645833333334 0.537109375 0.7942708333333334
7 0.10205078125 0.5833333333333334 0.1416015625 0.036458333333333336
0 0.21484375 0.5833333333333334 0.3984375 0.078125
4 0.38671875 0.5833333333333334 0.0234375 0.03125
7 0.1376953125 0.6822916666666666 0.212890625 0.036458333333333336
0 0.21484375 0.6822916666666666 0.3984375 0.078125
4 0.38671875 0.6822916666666666 0.0234375 0.03125
7 0.10595703125 0.78125 0.1494140625 0.036458333333333336
0 0.21484375 0.78125 0.3984375 0.078125
4 0.38671875 0.78125 0.0234375 0.03125