7 0.494140625 0.8131510416666666 0.529296875 0.08463541666666667
6 0.28515625 0.8704427083333334 0.111328125 0.02734375
7 0.48388671875 0.9134114583333334 0.5087890625 0.11328125
4 0.94140625 0.8723958333333334 0.029296875 0.0390625
7 0.38916015625 0.037760416666666664 0.0849609375 0.036458333333333336
0 0.5625 0.037760416666666664 0.189453125 0.049479166666666664
7 0.966796875 0.0390625 0.02734375 0.052083333333333336
0 0.966796875 0.0390625 0.06640625 0.078125
0 0.599609375 0.091796875 0.0390625 0.032552083333333336
0 0.66552734375 0.091796875 0.0458984375 0.032552083333333336
0 0.7333984375 0.091796875 0.04296875 0.032552083333333336
0 0.80224609375 0.091796875 0.0478515625 0.032552083333333336
0 0.861328125 0.091796875 0.0234375 0.032552083333333336
0 0.927734375 0.09440104166666667 0.08203125 0.03515625
7 0.23193359375 0.189453125 0.4013671875 0.024739583333333332
0 0.23193359375 0.16471354166666666 0.4013671875 0.10286458333333333
7 0.6171875 0.17447916666666666 0.109375 0.020833333333333332
0 0.62939453125 0.17447916666666666 0.1591796875 0.049479166666666664
0 0.7890625 0.17447916666666666 0.140625 0.052083333333333336
0 0.919921875 0.17447916666666666 0.09765625 0.049479166666666664
6 0.10205078125 0.28515625 0.1552734375 0.052083333333333336
6 0.30322265625 0.28515625 0.1552734375 0.052083333333333336
6 0.50439453125 0.28515625 0.1552734375 0.052083333333333336
6 0.70556640625 0.28515625 0.1552734375 0.052083333333333336
7 0.8798828125 0.28515625 0.052734375 0.020833333333333332
0 0.90234375 0.28515625 0.1953125 0.09635416666666667
4 0.5 0.6315104166666666 1 0.59375
5 0.26318359375 0.787109375 0.3388671875 0.11328125
7 0.650390625 0.7779947916666666 0.36328125 0.09244791666666667
4 0.3134765625 0.9427083333333334 0.626953125 0.11458333333333333
0 0.3828125 0.9427083333333334 0.67578125 0.11458333333333333
2 0.59228515625 0.9212239583333334 0.2177734375 0.01953125
4 0.46826171875 0.9212239583333334 0.0185546875 0.024739583333333332
7 0.580078125 0.9869791666666666 0.2421875 0.026041666666666668
4 0.8408203125 0.9427083333333334 0.318359375 0.11458333333333333
0 0.85205078125 0.9427083333333334 0.2060546875 0.11458333333333333
0 0.94775390625 0.416015625 0.0556640625 0.07421875