4 0.06689453125 0.046875 0.0869140625 0.041666666666666664
0 0.06689453125 0.046875 0.0869140625 0.09375
6 0.18212890625 0.046875 0.0654296875 0.09375
6 0.2890625 0.046875 0.0703125 0.09375
6 0.421875 0.046875 0.119140625 0.09375
6 0.552734375 0.046875 0.064453125 0.09375
0 0.642578125 0.046875 0.076171875 0.09375
0 0.78125 0.046875 0.109375 0.052083333333333336
4 0.87890625 0.046875 0.0234375 0.03125
0 0.87890625 0.046875 0.0390625 0.09375
4 0.91796875 0.046875 0.0234375 0.03125
0 0.91796875 0.046875 0.0390625 0.09375
4 0.95703125 0.046875 0.0234375 0.03125
0 0.95703125 0.046875 0.0390625 0.09375
2 0.33642578125 0.22395833333333334 0.6259765625 0.07291666666666667
7 0.33642578125 0.3333333333333333 0.6259765625 0.08333333333333333
0 0.078125 0.4713541666666667 0.109375 0.0625
0 0.2060546875 0.4713541666666667 0.1171875 0.0625
7 0.08642578125 0.63671875 0.0732421875 0.036458333333333336
0 0.1318359375 0.7389322916666666 0.216796875 0.31640625
7 0.373046875 0.69921875 0.15625 0.16145833333333334
0 0.376953125 0.7389322916666666 0.216796875 0.31640625
7 0.6220703125 0.6575520833333334 0.162109375 0.078125
0 0.623046875 0.7389322916666666 0.216796875 0.31640625
7 0.85888671875 0.6783854166666666 0.1455078125 0.11979166666666667
0 0.8681640625 0.7389322916666666 0.216796875 0.31640625
7 0.3017578125 0.9361979166666666 0.513671875 0.049479166666666664
0 0.640625 0.9361979166666666 0.12890625 0.0625
0 0.8095703125 0.9361979166666666 0.171875 0.06510416666666667
4 0.97802734375 0.9153645833333334 0.0244140625 0.0234375