4 0.5 0.052083333333333336 1 0.10416666666666667
7 0.4453125 0.20182291666666666 0.455078125 0.06510416666666667
7 0.26220703125 0.248046875 0.0888671875 0.022135416666666668
6 0.33935546875 0.248046875 0.0693359375 0.022135416666666668
6 0.416015625 0.248046875 0.078125 0.022135416666666668
7 0.51904296875 0.248046875 0.1279296875 0.022135416666666668
6 0.435546875 0.2623697916666667 0.435546875 0.05078125
6 0.72607421875 0.23372395833333334 0.0478515625 0.022135416666666668
6 0.7919921875 0.23372395833333334 0.05078125 0.022135416666666668
6 0.857421875 0.23372395833333334 0.044921875 0.022135416666666668
7 0.9326171875 0.23502604166666666 0.072265625 0.04296875
0 0.9326171875 0.23372395833333334 0.072265625 0.022135416666666668
7 0.4306640625 0.3515625 0.466796875 0.046875
4 0.4306640625 0.6998697916666666 0.439453125 0.6002604166666666
7 0.83984375 0.3515625 0.3203125 0.046875
4 0.8486328125 0.5826822916666666 0.302734375 0.3919270833333333
6 0.72607421875 0.794921875 0.0517578125 0.01953125
7 0.87548828125 0.794921875 0.2490234375 0.01953125
6 0.91748046875 0.8411458333333334 0.1591796875 0.026041666666666668
7 0.83984375 0.9166666666666666 0.3203125 0.046875
7 0.84912109375 0.9739583333333334 0.3017578125 0.052083333333333336
2 0.08837890625 0.5078125 0.1767578125 0.984375
7 0.70556640625 0.020833333333333332 0.0849609375 0.026041666666666668
6 0.7666015625 0.024739583333333332 0.021484375 0.018229166666666668
6 0.8212890625 0.024739583333333332 0.0703125 0.018229166666666668
6 0.9033203125 0.024739583333333332 0.080078125 0.018229166666666668
6 0.96875 0.024739583333333332 0.033203125 0.018229166666666668
0 0.21044921875 0.078125 0.0751953125 0.052083333333333336
0 0.2861328125 0.078125 0.078125 0.052083333333333336
0 0.61572265625 0.078125 0.0439453125 0.052083333333333336
0 0.67919921875 0.078125 0.0849609375 0.052083333333333336
0 0.7490234375 0.078125 0.056640625 0.052083333333333336
1 0.884765625 0.08072916666666667 0.201171875 0.036458333333333336
1 0.9716796875 0.08072916666666667 0.0234375 0.033854166666666664
1 0.9716796875 0.08072916666666667 0.0234375 0.033854166666666664
4 0.0859375 0.10416666666666667 0.15625 0.20833333333333334
6 0.05419921875 0.251953125 0.0556640625 0.01953125
6 0.05126953125 0.2766927083333333 0.0498046875 0.01953125
6 0.07275390625 0.3014322916666667 0.0927734375 0.01953125
6 0.060546875 0.326171875 0.068359375 0.01953125
6 0.05712890625 0.3509114583333333 0.0615234375 0.01953125
2 0.0908203125 0.3951822916666667 0.12890625 0.01953125
1 0.08203125 0.4231770833333333 0.111328125 0.026041666666666668
2 0.0908203125 0.466796875 0.12890625 0.01953125
6 0.0546875 0.498046875 0.056640625 0.01953125
6 0.0693359375 0.5227864583333334 0.0859375 0.01953125
6 0.05517578125 0.5475260416666666 0.0576171875 0.01953125
6 0.05810546875 0.572265625 0.0634765625 0.01953125
6 0.05517578125 0.5970052083333334 0.0576171875 0.01953125
2 0.0908203125 0.6412760416666666 0.12890625 0.01953125
6 0.05419921875 0.6725260416666666 0.0556640625 0.01953125
6 0.05322265625 0.697265625 0.0537109375 0.01953125
6 0.05810546875 0.7220052083333334 0.0634765625 0.01953125
6 0.0537109375 0.7467447916666666 0.0546875 0.01953125
6 0.04931640625 0.771484375 0.0458984375 0.01953125
6 0.05419921875 0.7962239583333334 0.0556640625 0.01953125
6 0.0517578125 0.8209635416666666 0.05078125 0.01953125
6 0.05224609375 0.845703125 0.0517578125 0.01953125
6 0.052734375 0.8704427083333334 0.052734375 0.01953125
6 0.0556640625 0.8951822916666666 0.05859375 0.01953125
6 0.05517578125 0.919921875 0.0576171875 0.01953125
6 0.05712890625 0.9446614583333334 0.0615234375 0.01953125
6 0.05419921875 0.9694010416666666 0.0556640625 0.01953125