4 0.072265625 0.033854166666666664 0.087890625 0.041666666666666664
0 0.072265625 0.033854166666666664 0.14453125 0.06770833333333333
0 0.22705078125 0.029296875 0.1572265625 0.05859375
0 0.40771484375 0.029296875 0.1572265625 0.05859375
0 0.58837890625 0.029296875 0.1572265625 0.05859375
0 0.76904296875 0.029296875 0.1572265625 0.05859375
7 0.921875 0.0234375 0.13671875 0.0234375
0 0.921875 0.033854166666666664 0.13671875 0.06770833333333333
7 0.921875 0.046875 0.13671875 0.018229166666666668
0 0.044921875 0.0859375 0.052734375 0.036458333333333336
0 0.11474609375 0.0859375 0.0654296875 0.036458333333333336
0 0.21630859375 0.0859375 0.1162109375 0.036458333333333336
0 0.30810546875 0.0859375 0.0458984375 0.036458333333333336
0 0.373046875 0.0859375 0.0625 0.036458333333333336
0 0.44091796875 0.0859375 0.0517578125 0.036458333333333336
0 0.50732421875 0.0859375 0.0615234375 0.036458333333333336
0 0.58447265625 0.0859375 0.0712890625 0.036458333333333336
4 0.65673828125 0.08333333333333333 0.0107421875 0.0078125
0 0.65869140625 0.0859375 0.0400390625 0.036458333333333336
4 0.71923828125 0.0859375 0.0244140625 0.03125
0 0.71923828125 0.0859375 0.0283203125 0.036458333333333336
0 0.80419921875 0.0859375 0.0888671875 0.036458333333333336
4 0.92138671875 0.08723958333333333 0.0107421875 0.033854166666666664
0 0.908203125 0.0859375 0.09375 0.036458333333333336
4 0.5 0.2981770833333333 0.947265625 0.3255208333333333
4 0.1240234375 0.5638020833333334 0.205078125 0.15364583333333334
0 0.1240234375 0.6770833333333334 0.205078125 0.3802083333333333
7 0.1240234375 0.7434895833333334 0.205078125 0.1953125
4 0.1240234375 0.9479166666666666 0.205078125 0.10416666666666667
0 0.1240234375 0.9479166666666666 0.205078125 0.10416666666666667
4 0.4560546875 0.64453125 0.419921875 0.3151041666666667
0 0.4560546875 0.7434895833333334 0.419921875 0.5130208333333334
7 0.4560546875 0.8763020833333334 0.419921875 0.1328125
0 0.83203125 0.5677083333333334 0.29296875 0.0546875
0 0.83203125 0.6341145833333334 0.29296875 0.0546875
0 0.83203125 0.7005208333333334 0.29296875 0.0546875
0 0.83203125 0.7669270833333334 0.29296875 0.0546875
0 0.83203125 0.8333333333333334 0.29296875 0.0546875
0 0.83203125 0.8997395833333334 0.29296875 0.0546875
0 0.83203125 0.9661458333333334 0.29296875 0.0546875