0 0.5 0.00390625 1 0.0078125
4 0.04248046875 0.016927083333333332 0.0224609375 0.018229166666666668
7 0.2001953125 0.017578125 0.279296875 0.01953125
7 0.8779296875 0.015625 0.140625 0.0234375
4 0.9609375 0.015625 0.017578125 0.0234375
4 0.12890625 0.0859375 0.1953125 0.078125
1 0.712890625 0.06380208333333333 0.234375 0.033854166666666664
6 0.4912109375 0.10872395833333333 0.04296875 0.022135416666666668
7 0.5166015625 0.10872395833333333 0.009765625 0.022135416666666668
6 0.5537109375 0.10872395833333333 0.06640625 0.022135416666666668
7 0.5908203125 0.10872395833333333 0.009765625 0.022135416666666668
6 0.62353515625 0.10872395833333333 0.0576171875 0.022135416666666668
4 0.67041015625 0.10807291666666667 0.0185546875 0.0234375
4 0.70068359375 0.10807291666666667 0.0185546875 0.0234375
4 0.73046875 0.10807291666666667 0.017578125 0.0234375
4 0.7607421875 0.10807291666666667 0.017578125 0.0234375
4 0.791015625 0.10807291666666667 0.017578125 0.0234375
4 0.8212890625 0.10807291666666667 0.017578125 0.0234375
7 0.86767578125 0.07552083333333333 0.0537109375 0.0546875
7 0.904296875 0.11002604166666667 0.126953125 0.014322916666666666
0 0.0966796875 0.162109375 0.130859375 0.048177083333333336
0 0.22314453125 0.162109375 0.1240234375 0.048177083333333336
0 0.36962890625 0.162109375 0.1708984375 0.048177083333333336
0 0.53955078125 0.162109375 0.1708984375 0.048177083333333336
0 0.68896484375 0.162109375 0.1298828125 0.048177083333333336
0 0.859375 0.162109375 0.212890625 0.048177083333333336
4 0.0390625 0.212890625 0.015625 0.016927083333333332
7 0.244140625 0.212890625 0.384765625 0.032552083333333336
4 0.9091796875 0.21158854166666666 0.005859375 0.009114583333333334
7 0.4892578125 0.3385416666666667 0.876953125 0.11979166666666667
6 0.74072265625 0.3854166666666667 0.1396484375 0.026041666666666668
7 0.8125 0.3854166666666667 0.00390625 0.026041666666666668
7 0.3154296875 0.4296875 0.529296875 0.026041666666666668
6 0.6201171875 0.4296875 0.080078125 0.026041666666666668
7 0.46630859375 0.4453125 0.8310546875 0.057291666666666664
7 0.4345703125 0.5052083333333334 0.767578125 0.026041666666666668
6 0.49658203125 0.5208333333333334 0.8916015625 0.057291666666666664
7 0.216796875 0.5364583333333334 0.208984375 0.026041666666666668
7 0.89404296875 0.59375 0.0908203125 0.03125
6 0.501953125 0.6549479166666666 0.548828125 0.046875
7 0.265625 0.7454427083333334 0.46875 0.08984375
7 0.134765625 0.8059895833333334 0.138671875 0.026041666666666668
6 0.28662109375 0.8059895833333334 0.1650390625 0.026041666666666668
7 0.37109375 0.8059895833333334 0.00390625 0.026041666666666668
6 0.259765625 0.8216145833333334 0.388671875 0.057291666666666664
7 0.09619140625 0.8372395833333334 0.0068359375 0.026041666666666668
6 0.1767578125 0.8372395833333334 0.154296875 0.026041666666666668
7 0.25732421875 0.8372395833333334 0.0068359375 0.026041666666666668
6 0.3388671875 0.8372395833333334 0.15625 0.026041666666666668
7 0.42041015625 0.8372395833333334 0.0068359375 0.026041666666666668
6 0.2705078125 0.8528645833333334 0.41015625 0.057291666666666664
7 0.36962890625 0.8684895833333334 0.0244140625 0.026041666666666668
6 0.42333984375 0.8684895833333334 0.0830078125 0.026041666666666668
0 0.166015625 0.9453125 0.1953125 0.0703125
6 0.80126953125 0.798828125 0.1572265625 0.029947916666666668
6 0.826171875 0.849609375 0.20703125 0.029947916666666668
6 0.7822265625 0.900390625 0.119140625 0.029947916666666668
6 0.78955078125 0.951171875 0.1337890625 0.029947916666666668