6 0.06982421875 0.029947916666666668 0.1083984375 0.028645833333333332
0 0.06982421875 0.03125 0.1083984375 0.0625
6 0.18017578125 0.029947916666666668 0.0927734375 0.028645833333333332
0 0.18017578125 0.03125 0.0927734375 0.0625
6 0.3046875 0.029947916666666668 0.13671875 0.028645833333333332
0 0.3046875 0.03125 0.13671875 0.0625
6 0.48193359375 0.029947916666666668 0.1103515625 0.028645833333333332
0 0.474609375 0.03125 0.125 0.0625
4 0.951171875 0.028645833333333332 0.01953125 0.026041666666666668
0 0.951171875 0.029947916666666668 0.03515625 0.059895833333333336
0 0.90478515625 0.029947916666666668 0.0576171875 0.059895833333333336
2 0.08740234375 0.11328125 0.1162109375 0.026041666666666668
1 0.4931640625 0.11458333333333333 0.638671875 0.052083333333333336
6 0.9150390625 0.11458333333333333 0.115234375 0.036458333333333336
0 0.9150390625 0.11458333333333333 0.146484375 0.041666666666666664
2 0.2880859375 0.3157552083333333 0.505859375 0.06640625
2 0.09423828125 0.388671875 0.1181640625 0.029947916666666668
7 0.33984375 0.388671875 0.3671875 0.029947916666666668
2 0.09912109375 0.427734375 0.1279296875 0.029947916666666668
7 0.376953125 0.427734375 0.421875 0.029947916666666668
2 0.09814453125 0.466796875 0.1259765625 0.029947916666666668
7 0.3779296875 0.466796875 0.427734375 0.029947916666666668
7 0.0859375 0.5403645833333334 0.0703125 0.0390625
0 0.0859375 0.5403645833333334 0.1015625 0.041666666666666664
7 0.2060546875 0.5403645833333334 0.0703125 0.0390625
0 0.2060546875 0.5403645833333334 0.1015625 0.041666666666666664
2 0.5 0.8138020833333334 0.90625 0.06770833333333333
7 0.5 0.9036458333333334 0.390625 0.0703125