4 0.068359375 0.032552083333333336 0.05859375 0.03125
0 0.068359375 0.032552083333333336 0.05859375 0.06510416666666667
7 0.09423828125 0.09895833333333333 0.1103515625 0.020833333333333332
0 0.09423828125 0.09895833333333333 0.1103515625 0.06510416666666667
0 0.8349609375 0.09895833333333333 0.041015625 0.06510416666666667
0 0.92333984375 0.099609375 0.0751953125 0.040364583333333336
0 0.4501953125 0.09895833333333333 0.080078125 0.06510416666666667
0 0.53857421875 0.09895833333333333 0.0478515625 0.06510416666666667
0 0.6318359375 0.09895833333333333 0.08984375 0.06510416666666667
0 0.7333984375 0.09895833333333333 0.064453125 0.06510416666666667
4 0.5 0.396484375 1 0.52734375
2 0.294921875 0.3072916666666667 0.5078125 0.078125
2 0.201171875 0.3919270833333333 0.3203125 0.078125
0 0.10595703125 0.4973958333333333 0.1298828125 0.059895833333333336
0 0.28662109375 0.4973958333333333 0.1884765625 0.059895833333333336
7 0.38427734375 0.70703125 0.5927734375 0.033854166666666664
0 0.74560546875 0.70703125 0.1025390625 0.036458333333333336
2 0.15576171875 0.890625 0.2294921875 0.1171875
4 0.38525390625 0.85546875 0.1806640625 0.13802083333333334
0 0.38525390625 0.876953125 0.2294921875 0.24609375
2 0.3857421875 0.966796875 0.1796875 0.03515625
4 0.61474609375 0.85546875 0.1806640625 0.13802083333333334
0 0.61474609375 0.876953125 0.2294921875 0.24609375
2 0.615234375 0.974609375 0.1796875 0.05078125
4 0.84423828125 0.85546875 0.1806640625 0.13802083333333334
0 0.84423828125 0.876953125 0.2294921875 0.24609375
2 0.84423828125 0.974609375 0.1787109375 0.05078125
4 0.9609375 0.9479166666666666 0.01953125 0.026041666666666668
0 0.9609375 0.9479166666666666 0.046875 0.0625