3 0.5 0.17838541666666666 0.947265625 0.3255208333333333
4 0.02978515625 0.4095052083333333 0.0185546875 0.032552083333333336
0 0.03564453125 0.4095052083333333 0.0302734375 0.053385416666666664
4 0.03955078125 0.4739583333333333 0.0244140625 0.033854166666666664
0 0.03955078125 0.4739583333333333 0.0400390625 0.057291666666666664
0 0.18310546875 0.408203125 0.1533203125 0.029947916666666668
0 0.18310546875 0.4420572916666667 0.1533203125 0.029947916666666668
7 0.1630859375 0.4765625 0.09765625 0.020833333333333332
4 0.31396484375 0.4427083333333333 0.0380859375 0.1953125
2 0.4970703125 0.4427083333333333 0.298828125 0.11197916666666667
0 0.4970703125 0.4427083333333333 0.298828125 0.11197916666666667
7 0.8427734375 0.4440104166666667 0.08203125 0.020833333333333332
0 0.8427734375 0.4427083333333333 0.099609375 0.041666666666666664
7 0.9404296875 0.4440104166666667 0.046875 0.020833333333333332
0 0.9404296875 0.4427083333333333 0.064453125 0.041666666666666664
7 0.048828125 0.5540364583333334 0.03515625 0.024739583333333332
7 0.12109375 0.5540364583333334 0.01953125 0.024739583333333332
7 0.20068359375 0.5540364583333334 0.0498046875 0.024739583333333332
7 0.28955078125 0.5540364583333334 0.0400390625 0.024739583333333332
7 0.388671875 0.5540364583333334 0.068359375 0.024739583333333332
7 0.51611328125 0.5540364583333334 0.0986328125 0.024739583333333332
7 0.64404296875 0.5540364583333334 0.0673828125 0.024739583333333332
7 0.7607421875 0.5540364583333334 0.078125 0.024739583333333332
7 0.869140625 0.5540364583333334 0.048828125 0.024739583333333332
4 0.953125 0.5546875 0.046875 0.028645833333333332
0 0.953125 0.5546875 0.0625 0.028645833333333332
6 0.9482421875 0.5546875 0.0234375 0.0234375
2 0.09033203125 0.61328125 0.1181640625 0.0234375
7 0.1396484375 0.6484375 0.216796875 0.046875
2 0.34326171875 0.61328125 0.1259765625 0.0234375
7 0.384765625 0.6484375 0.208984375 0.046875
2 0.583984375 0.61328125 0.125 0.0234375
7 0.6259765625 0.6484375 0.208984375 0.046875
2 0.8173828125 0.61328125 0.109375 0.0234375
7 0.87158203125 0.6484375 0.2177734375 0.046875
7 0.5029296875 0.7447916666666666 0.306640625 0.03125
2 0.5029296875 0.7845052083333334 0.306640625 0.048177083333333336
7 0.5029296875 0.9069010416666666 0.306640625 0.18619791666666666
4 0.1845703125 0.8645833333333334 0.306640625 0.2708333333333333
0 0.1845703125 0.8645833333333334 0.306640625 0.2708333333333333
3 0.83203125 0.8795572916666666 0.29296875 0.24088541666666666