4 0.021484375 0.059895833333333336 0.01953125 0.026041666666666668
6 0.13427734375 0.016927083333333332 0.1435546875 0.026041666666666668
6 0.27880859375 0.016927083333333332 0.0869140625 0.026041666666666668
6 0.388671875 0.016927083333333332 0.07421875 0.026041666666666668
6 0.49853515625 0.016927083333333332 0.0869140625 0.026041666666666668
4 0.576171875 0.016276041666666668 0.017578125 0.024739583333333332
0 0.6220703125 0.016927083333333332 0.1015625 0.026041666666666668
7 0.63037109375 0.016927083333333332 0.0849609375 0.026041666666666668
4 0.70654296875 0.015625 0.0087890625 0.015625
0 0.77880859375 0.016927083333333332 0.1533203125 0.026041666666666668
7 0.78662109375 0.016927083333333332 0.1376953125 0.026041666666666668
6 0.91357421875 0.016927083333333332 0.0576171875 0.026041666666666668
4 0.1259765625 0.0625 0.126953125 0.03125
0 0.1259765625 0.0625 0.126953125 0.03125
4 0.49462890625 0.0625 0.1787109375 0.057291666666666664
7 0.66748046875 0.0625 0.0869140625 0.018229166666666668
0 0.669921875 0.0625 0.11328125 0.0390625
4 0.7607421875 0.0625 0.029296875 0.0390625
0 0.7607421875 0.0625 0.029296875 0.057291666666666664
4 0.8046875 0.0625 0.01953125 0.026041666666666668
0 0.8232421875 0.0625 0.056640625 0.057291666666666664
7 0.83544921875 0.0625 0.0322265625 0.015625
4 0.880859375 0.0625 0.01953125 0.026041666666666668
0 0.880859375 0.0625 0.01953125 0.057291666666666664
4 0.919921875 0.0625 0.01953125 0.026041666666666668
0 0.919921875 0.0625 0.01953125 0.026041666666666668
4 0.521484375 0.09440104166666667 0.95703125 0.006510416666666667
7 0.5234375 0.134765625 0.30859375 0.07682291666666667
6 0.61328125 0.162109375 0.052734375 0.022135416666666668
7 0.5712890625 0.162109375 0.03125 0.022135416666666668
6 0.49462890625 0.162109375 0.1220703125 0.022135416666666668
7 0.43212890625 0.162109375 0.0029296875 0.022135416666666668
4 0.091796875 0.18880208333333334 0.01953125 0.026041666666666668
7 0.3671875 0.2955729166666667 0.30859375 0.078125
6 0.45703125 0.3229166666666667 0.052734375 0.0234375
7 0.4150390625 0.3229166666666667 0.03125 0.0234375
6 0.33837890625 0.3229166666666667 0.1220703125 0.0234375
7 0.27587890625 0.3229166666666667 0.0029296875 0.0234375
4 0.091796875 0.4609375 0.01953125 0.026041666666666668
4 0.365234375 0.3059895833333333 0.60546875 0.3776041666666667
4 0.365234375 0.3059895833333333 0.60546875 0.3776041666666667
0 0.365234375 0.3059895833333333 0.60546875 0.3776041666666667
7 0.181640625 0.203125 0.19921875 0.0625
6 0.208984375 0.29296875 0.25390625 0.0859375
7 0.11181640625 0.4615885416666667 0.0595703125 0.01953125
4 0.638671875 0.4609375 0.01953125 0.026041666666666668
7 0.8447265625 0.2819010416666667 0.232421875 0.07682291666666667
6 0.7578125 0.3092447916666667 0.052734375 0.022135416666666668
7 0.947265625 0.3365885416666667 0.02734375 0.022135416666666668
6 0.87255859375 0.3365885416666667 0.1220703125 0.022135416666666668
7 0.81005859375 0.3365885416666667 0.0029296875 0.022135416666666668
4 0.716796875 0.4609375 0.01953125 0.026041666666666668
6 0.736328125 0.298828125 0.05859375 0.01953125
7 0.77197265625 0.298828125 0.0126953125 0.01953125
7 0.79443359375 0.298828125 0.0322265625 0.01953125
4 0.82470703125 0.21744791666666666 0.2939453125 0.21614583333333334
7 0.833984375 0.380859375 0.29296875 0.09765625
4 0.79345703125 0.4615885416666667 0.0048828125 0.006510416666666667
4 0.80517578125 0.4615885416666667 0.0048828125 0.006510416666666667
4 0.82861328125 0.4615885416666667 0.0048828125 0.006510416666666667
4 0.84033203125 0.4615885416666667 0.0048828125 0.006510416666666667
4 0.85205078125 0.4615885416666667 0.0048828125 0.006510416666666667
4 0.86376953125 0.4615885416666667 0.0048828125 0.006510416666666667
4 0.87548828125 0.4615885416666667 0.0048828125 0.006510416666666667
7 0.2197265625 0.685546875 0.232421875 0.07682291666666667
6 0.1328125 0.712890625 0.052734375 0.022135416666666668
7 0.322265625 0.740234375 0.02734375 0.022135416666666668
6 0.24755859375 0.740234375 0.1220703125 0.022135416666666668
7 0.18505859375 0.740234375 0.0029296875 0.022135416666666668
4 0.091796875 0.8645833333333334 0.01953125 0.026041666666666668
7 0.208984375 0.6236979166666666 0.25390625 0.1015625
0 0.208984375 0.7096354166666666 0.29296875 0.3776041666666667
6 0.208984375 0.7161458333333334 0.25390625 0.057291666666666664
7 0.103515625 0.865234375 0.04296875 0.01953125
4 0.326171875 0.8645833333333334 0.01953125 0.026041666666666668
7 0.5322265625 0.587890625 0.232421875 0.07682291666666667
6 0.4453125 0.615234375 0.052734375 0.022135416666666668
7 0.634765625 0.642578125 0.02734375 0.022135416666666668
6 0.56005859375 0.642578125 0.1220703125 0.022135416666666668
7 0.49755859375 0.642578125 0.0029296875 0.022135416666666668
4 0.404296875 0.6692708333333334 0.01953125 0.026041666666666668
2 0.51416015625 0.572265625 0.2392578125 0.048177083333333336
7 0.41796875 0.6634114583333334 0.046875 0.01953125
4 0.6142578125 0.6627604166666666 0.01953125 0.026041666666666668
0 0.521484375 0.6087239583333334 0.29296875 0.17578125
4 0.638671875 0.6627604166666666 0.01953125 0.026041666666666668
7 0.8447265625 0.8873697916666666 0.232421875 0.07682291666666667
6 0.7578125 0.9147135416666666 0.052734375 0.022135416666666668
7 0.947265625 0.9420572916666666 0.02734375 0.022135416666666668
6 0.87255859375 0.9420572916666666 0.1220703125 0.022135416666666668
7 0.81005859375 0.9420572916666666 0.0029296875 0.022135416666666668
3 0.833984375 0.7604166666666666 0.29296875 0.4791666666666667
7 0.5322265625 0.7897135416666666 0.232421875 0.07682291666666667
6 0.4453125 0.8170572916666666 0.052734375 0.022135416666666668
7 0.634765625 0.8444010416666666 0.02734375 0.022135416666666668
6 0.56005859375 0.8444010416666666 0.1220703125 0.022135416666666668
7 0.49755859375 0.8444010416666666 0.0029296875 0.022135416666666668
4 0.404296875 0.87109375 0.01953125 0.026041666666666668
2 0.521484375 0.76171875 0.25390625 0.026041666666666668
0 0.521484375 0.810546875 0.29296875 0.17578125
2 0.5 0.787109375 0.2109375 0.022135416666666668
7 0.41796875 0.865234375 0.046875 0.01953125
4 0.6142578125 0.8645833333333334 0.01953125 0.026041666666666668
4 0.638671875 0.8645833333333334 0.01953125 0.026041666666666668
4 0.228515625 0.98828125 0.29296875 0.0234375
0 0.365234375 0.9622395833333334 0.60546875 0.07552083333333333
7 0.521484375 0.98828125 0.25390625 0.0234375
4 0.091796875 0.95703125 0.01953125 0.026041666666666668
7 0.30908203125 0.95703125 0.4150390625 0.033854166666666664
7 0.88623046875 0.95703125 0.0712890625 0.026041666666666668
4 0.951171875 0.9557291666666666 0.01953125 0.026041666666666668