4 0.05078125 0.06575520833333333 0.078125 0.05859375
0 0.05078125 0.06901041666666667 0.078125 0.06510416666666667
7 0.169921875 0.17708333333333334 0.072265625 0.028645833333333332
7 0.28369140625 0.17708333333333334 0.0537109375 0.028645833333333332
6 0.40576171875 0.17708333333333334 0.0888671875 0.028645833333333332
6 0.57763671875 0.17708333333333334 0.2119140625 0.028645833333333332
6 0.72607421875 0.17708333333333334 0.0419921875 0.028645833333333332
1 0.8583984375 0.17838541666666666 0.181640625 0.03125
4 0.95751953125 0.17838541666666666 0.0185546875 0.0234375
0 0.9609375 0.17838541666666666 0.025390625 0.03125
4 0.75390625 0.049479166666666664 0.01953125 0.026041666666666668
4 0.79931640625 0.049479166666666664 0.0205078125 0.026041666666666668
4 0.84423828125 0.049479166666666664 0.0205078125 0.026041666666666668
4 0.89013671875 0.049479166666666664 0.0205078125 0.026041666666666668
4 0.93408203125 0.049479166666666664 0.0185546875 0.026041666666666668
4 0.97802734375 0.049479166666666664 0.0205078125 0.026041666666666668
3 0.5 0.3294270833333333 0.947265625 0.1171875
4 0.255859375 0.6419270833333334 0.48828125 0.3255208333333333
0 0.255859375 0.6744791666666666 0.48828125 0.390625
2 0.76708984375 0.6419270833333334 0.4365234375 0.21354166666666666
2 0.18505859375 0.9817708333333334 0.3681640625 0.036458333333333336
4 0.5380859375 0.98046875 0.29296875 0.0390625
0 0.5380859375 0.98046875 0.29296875 0.0390625
2 0.8525390625 0.9876302083333334 0.24609375 0.024739583333333332