6 0.0595703125 0.013020833333333334 0.041015625 0.018229166666666668
6 0.1494140625 0.013020833333333334 0.099609375 0.018229166666666668
7 0.90625 0.013020833333333334 0.076171875 0.018229166666666668
0 0.91455078125 0.013020833333333334 0.0927734375 0.018229166666666668
7 0.955078125 0.013020833333333334 0.01171875 0.018229166666666668
4 0.0888671875 0.07877604166666667 0.099609375 0.04296875
0 0.0888671875 0.07877604166666667 0.099609375 0.04296875
0 0.17919921875 0.08333333333333333 0.0419921875 0.026041666666666668
0 0.28564453125 0.08333333333333333 0.1416015625 0.026041666666666668
7 0.39306640625 0.08528645833333333 0.0341796875 0.022135416666666668
0 0.39306640625 0.08463541666666667 0.0341796875 0.020833333333333332
7 0.4384765625 0.08528645833333333 0.02734375 0.022135416666666668
0 0.4384765625 0.08463541666666667 0.02734375 0.020833333333333332
7 0.484375 0.08528645833333333 0.03515625 0.022135416666666668
0 0.484375 0.08463541666666667 0.03515625 0.020833333333333332
7 0.5322265625 0.08528645833333333 0.03125 0.022135416666666668
0 0.5322265625 0.08463541666666667 0.03125 0.020833333333333332
7 0.58154296875 0.08528645833333333 0.0380859375 0.022135416666666668
0 0.58154296875 0.08463541666666667 0.0380859375 0.020833333333333332
7 0.63525390625 0.08528645833333333 0.0400390625 0.022135416666666668
0 0.63525390625 0.08463541666666667 0.0400390625 0.020833333333333332
4 0.67333984375 0.08528645833333333 0.0068359375 0.009114583333333334
0 0.69091796875 0.08463541666666667 0.0419921875 0.020833333333333332
7 0.69677734375 0.08528645833333333 0.0302734375 0.022135416666666668
4 0.86328125 0.08463541666666667 0.015625 0.020833333333333332
0 0.86328125 0.08854166666666667 0.025390625 0.06770833333333333
4 0.8984375 0.08463541666666667 0.015625 0.020833333333333332
0 0.8984375 0.08854166666666667 0.025390625 0.06770833333333333
4 0.953125 0.08854166666666667 0.015625 0.020833333333333332
0 0.953125 0.08854166666666667 0.025390625 0.059895833333333336
4 0.125 0.22395833333333334 0.25 0.1875
0 0.125 0.22395833333333334 0.25 0.1875
7 0.125 0.3528645833333333 0.171875 0.10416666666666667
0 0.125 0.3528645833333333 0.171875 0.10416666666666667
7 0.07421875 0.4264322916666667 0.0703125 0.016927083333333332
7 0.1181640625 0.4264322916666667 0.017578125 0.016927083333333332
0 0.138671875 0.4270833333333333 0.0234375 0.018229166666666668
4 0.125 0.5807291666666666 0.25 0.1875
0 0.125 0.5807291666666666 0.25 0.1875
7 0.125 0.6966145833333334 0.171875 0.078125
0 0.125 0.6966145833333334 0.171875 0.078125
7 0.07421875 0.7571614583333334 0.0703125 0.016927083333333332
7 0.1181640625 0.7571614583333334 0.017578125 0.016927083333333332
0 0.14453125 0.7578125 0.03515625 0.018229166666666668
4 0.125 0.9088541666666666 0.25 0.18229166666666666
0 0.125 0.9088541666666666 0.25 0.18229166666666666
7 0.125 0.994140625 0.171875 0.01171875
0 0.125 0.994140625 0.171875 0.01171875
4 0.5 0.3177083333333333 0.5 0.375
0 0.5 0.3177083333333333 0.5 0.375
7 0.5 0.537109375 0.421875 0.16015625
0 0.5 0.5787760416666666 0.421875 0.24348958333333334
7 0.5 0.6653645833333334 0.421875 0.0703125
7 0.318359375 0.7220052083333334 0.05859375 0.016927083333333332
7 0.3564453125 0.7220052083333334 0.017578125 0.016927083333333332
0 0.3828125 0.72265625 0.03515625 0.018229166666666668
4 0.64794921875 0.8899739583333334 0.1279296875 0.09505208333333333
0 0.64794921875 0.8899739583333334 0.1279296875 0.09505208333333333
7 0.41748046875 0.91015625 0.2568359375 0.13541666666666666
0 0.41748046875 0.9212239583333334 0.2568359375 0.15755208333333334
7 0.41748046875 0.9954427083333334 0.2568359375 0.009114583333333334
4 0.875 0.296875 0.25 0.3333333333333333
0 0.875 0.296875 0.25 0.3333333333333333
4 0.875 0.296875 0.25 0.3333333333333333
4 0.853515625 0.3841145833333333 0.12890625 0.049479166666666664
7 0.875 0.515625 0.171875 0.15625
0 0.875 0.515625 0.171875 0.15625
7 0.8212890625 0.615234375 0.064453125 0.016927083333333332
7 0.8623046875 0.615234375 0.017578125 0.016927083333333332
0 0.8828125 0.6158854166666666 0.0234375 0.018229166666666668
7 0.875 0.7421875 0.171875 0.13020833333333334
0 0.875 0.7421875 0.171875 0.13020833333333334
7 0.8330078125 0.8287760416666666 0.087890625 0.016927083333333332
7 0.8857421875 0.8287760416666666 0.017578125 0.016927083333333332
0 0.90625 0.8294270833333334 0.0234375 0.018229166666666668
7 0.875 0.9453125 0.171875 0.109375
0 0.875 0.9453125 0.171875 0.109375