7 0.23828125 0.032552083333333336 0.107421875 0.028645833333333332
0 0.236328125 0.036458333333333336 0.123046875 0.0703125
0 0.34521484375 0.033854166666666664 0.0927734375 0.06510416666666667
0 0.42626953125 0.032552083333333336 0.0810546875 0.0625
0 0.501953125 0.033854166666666664 0.0625 0.06510416666666667
0 0.564453125 0.033854166666666664 0.07421875 0.06510416666666667
0 0.6669921875 0.034505208333333336 0.123046875 0.040364583333333336
7 0.8232421875 0.033203125 0.072265625 0.022135416666666668
0 0.82568359375 0.033854166666666664 0.1083984375 0.06510416666666667
0 0.90625 0.033203125 0.03515625 0.05859375
7 0.1220703125 0.130859375 0.220703125 0.055989583333333336
7 0.1220703125 0.17838541666666666 0.220703125 0.03125
7 0.5322265625 0.146484375 0.486328125 0.045572916666666664
7 0.90380859375 0.146484375 0.0986328125 0.032552083333333336
0 0.9091796875 0.146484375 0.134765625 0.048177083333333336
2 0.5 0.3541666666666667 0.953125 0.07291666666666667
7 0.28173828125 0.4225260416666667 0.5166015625 0.055989583333333336
4 0.3623046875 0.5572916666666666 0.03125 0.041666666666666664
0 0.43896484375 0.5677083333333334 0.1845703125 0.0625
2 0.46240234375 0.5572916666666666 0.1376953125 0.041666666666666664
4 0.5 0.7220052083333334 0.306640625 0.24609375
7 0.5 0.896484375 0.306640625 0.053385416666666664
7 0.4541015625 0.974609375 0.1953125 0.032552083333333336
0 0.5 0.9739583333333334 0.306640625 0.052083333333333336
7 0.98486328125 0.7962239583333334 0.0302734375 0.02734375
0 0.896484375 0.6809895833333334 0.005859375 0.0390625
4 0.98046875 0.7721354166666666 0.015625 0.020833333333333332