4 0.13671875 0.043619791666666664 0.13671875 0.029947916666666668
4 0.462890625 0.040364583333333336 0.021484375 0.028645833333333332
0 0.462890625 0.040364583333333336 0.021484375 0.028645833333333332
7 0.494140625 0.040364583333333336 0.021484375 0.028645833333333332
0 0.5078125 0.040364583333333336 0.048828125 0.028645833333333332
7 0.521484375 0.040364583333333336 0.021484375 0.026041666666666668
7 0.5615234375 0.040364583333333336 0.021484375 0.028645833333333332
0 0.6435546875 0.040364583333333336 0.134765625 0.028645833333333332
0 0.77880859375 0.040364583333333336 0.1162109375 0.028645833333333332
0 0.87451171875 0.040364583333333336 0.0673828125 0.028645833333333332
7 0.93896484375 0.040364583333333336 0.0419921875 0.026041666666666668
0 0.94677734375 0.040364583333333336 0.0576171875 0.028645833333333332
4 0.5 0.08268229166666667 1 0.01171875
7 0.5 0.4036458333333333 1 0.6510416666666666
2 0.25390625 0.25390625 0.400390625 0.1171875
7 0.25390625 0.37109375 0.400390625 0.078125
0 0.15576171875 0.4876302083333333 0.2041015625 0.037760416666666664
4 0.44873046875 0.677734375 0.0439453125 0.00390625
7 0.4970703125 0.7747395833333334 0.408203125 0.026041666666666668
7 0.40283203125 0.9602864583333334 0.7900390625 0.05078125
6 0.056640625 0.974609375 0.02734375 0.022135416666666668
7 0.2783203125 0.974609375 0.41796875 0.022135416666666668
4 0.9873046875 0.9381510416666666 0.009765625 0.01171875
0 0.9873046875 0.9388020833333334 0.009765625 0.013020833333333334