4 0.18115234375 0.15299479166666666 0.2783203125 0.09765625
0 0.18505859375 0.15299479166666666 0.2705078125 0.09765625
0 0.08154296875 0.259765625 0.0634765625 0.07421875
0 0.1640625 0.259765625 0.056640625 0.07421875
0 0.27197265625 0.259765625 0.1142578125 0.07421875
0 0.43115234375 0.259765625 0.1591796875 0.07421875
0 0.580078125 0.259765625 0.09375 0.07421875
0 0.69580078125 0.259765625 0.0927734375 0.07421875
0 0.0888671875 0.3326822916666667 0.078125 0.07421875
6 0.83837890625 0.2962239583333333 0.0810546875 0.10026041666666667
7 0.826171875 0.11393229166666667 0.0703125 0.06640625
0 0.85888671875 0.11393229166666667 0.1826171875 0.07421875
7 0.8818359375 0.11393229166666667 0.04296875 0.01953125
4 0.91943359375 0.11393229166666667 0.0146484375 0.01953125
4 0.92236328125 0.2936197916666667 0.0244140625 0.032552083333333336
0 0.92236328125 0.2962239583333333 0.0556640625 0.14713541666666666
4 0.5 0.533203125 1 0.3268229166666667
2 0.13916015625 0.728515625 0.1787109375 0.06380208333333333
4 0.38427734375 0.916015625 0.2080078125 0.16796875
4 0.8466796875 0.916015625 0.20703125 0.16796875
2 0.0595703125 0.7649739583333334 0.056640625 0.032552083333333336
7 0.31298828125 0.841796875 0.5634765625 0.12109375
0 0.29150390625 0.9036458333333334 0.5205078125 0.046875
0 0.6953125 0.8372395833333334 0.123046875 0.0546875
0 0.84326171875 0.8372395833333334 0.1376953125 0.057291666666666664
4 0.9765625 0.837890625 0.01171875 0.024739583333333332
7 0.083984375 0.9596354166666666 0.10546875 0.0234375
7 0.37939453125 0.9596354166666666 0.1005859375 0.0234375
7 0.69091796875 0.9596354166666666 0.1787109375 0.0234375