7 0.1123046875 0.046223958333333336 0.193359375 0.048177083333333336
0 0.2177734375 0.046223958333333336 0.404296875 0.048177083333333336
7 0.24951171875 0.046223958333333336 0.0810546875 0.048177083333333336
7 0.73974609375 0.05859375 0.4892578125 0.028645833333333332
7 0.083984375 0.12565104166666666 0.13671875 0.024739583333333332
0 0.09130859375 0.12565104166666666 0.1826171875 0.07421875
7 0.2783203125 0.12565104166666666 0.162109375 0.024739583333333332
0 0.28564453125 0.12565104166666666 0.2080078125 0.07421875
7 0.46923828125 0.12565104166666666 0.1298828125 0.024739583333333332
0 0.47705078125 0.12565104166666666 0.1767578125 0.07421875
7 0.64990234375 0.12565104166666666 0.1396484375 0.024739583333333332
0 0.6572265625 0.12565104166666666 0.185546875 0.07421875
6 0.97314453125 0.12369791666666667 0.0224609375 0.026041666666666668
0 0.97314453125 0.12565104166666666 0.0537109375 0.07421875
6 0.92041015625 0.12369791666666667 0.0205078125 0.026041666666666668
0 0.92041015625 0.12565104166666666 0.0517578125 0.07421875
6 0.86865234375 0.12369791666666667 0.0205078125 0.026041666666666668
0 0.86865234375 0.12565104166666666 0.0517578125 0.07421875
2 0.1123046875 0.20377604166666666 0.193359375 0.040364583333333336
0 0.1123046875 0.251953125 0.224609375 0.032552083333333336
0 0.1123046875 0.283203125 0.224609375 0.032552083333333336
0 0.1123046875 0.314453125 0.224609375 0.032552083333333336
0 0.1123046875 0.345703125 0.224609375 0.032552083333333336
0 0.1123046875 0.376953125 0.224609375 0.032552083333333336
0 0.1123046875 0.408203125 0.224609375 0.032552083333333336
0 0.1123046875 0.439453125 0.224609375 0.032552083333333336
0 0.1123046875 0.470703125 0.224609375 0.032552083333333336
0 0.1123046875 0.501953125 0.224609375 0.032552083333333336
2 0.1123046875 0.5579427083333334 0.193359375 0.040364583333333336
0 0.1123046875 0.6061197916666666 0.224609375 0.032552083333333336
0 0.1123046875 0.6373697916666666 0.224609375 0.032552083333333336
0 0.1123046875 0.6686197916666666 0.224609375 0.032552083333333336
0 0.1123046875 0.6998697916666666 0.224609375 0.032552083333333336
0 0.1123046875 0.7311197916666666 0.224609375 0.032552083333333336
0 0.1123046875 0.7623697916666666 0.224609375 0.032552083333333336
0 0.1123046875 0.7936197916666666 0.224609375 0.032552083333333336
2 0.1123046875 0.849609375 0.193359375 0.040364583333333336
0 0.1123046875 0.8977864583333334 0.224609375 0.032552083333333336
0 0.1123046875 0.9290364583333334 0.224609375 0.032552083333333336
0 0.1123046875 0.9602864583333334 0.224609375 0.032552083333333336
0 0.1123046875 0.9876302083333334 0.224609375 0.024739583333333332
2 0.41845703125 0.2740885416666667 0.3427734375 0.15755208333333334
7 0.41845703125 0.404296875 0.3427734375 0.09505208333333333
0 0.32470703125 0.5149739583333334 0.1318359375 0.053385416666666664
0 0.48583984375 0.5149739583333334 0.1748046875 0.053385416666666664
2 0.80615234375 0.2506510416666667 0.3115234375 0.048177083333333336
7 0.6708984375 0.3209635416666667 0.009765625 0.024739583333333332
7 0.7138671875 0.3209635416666667 0.076171875 0.024739583333333332
7 0.77490234375 0.3209635416666667 0.0478515625 0.024739583333333332
7 0.80322265625 0.3209635416666667 0.0107421875 0.024739583333333332
7 0.6708984375 0.3522135416666667 0.009765625 0.024739583333333332
7 0.6953125 0.3522135416666667 0.0390625 0.024739583333333332
7 0.7177734375 0.3522135416666667 0.009765625 0.024739583333333332
7 0.6708984375 0.3834635416666667 0.009765625 0.024739583333333332
7 0.69970703125 0.3834635416666667 0.0478515625 0.024739583333333332
7 0.72802734375 0.3834635416666667 0.0107421875 0.024739583333333332
7 0.7939453125 0.3834635416666667 0.123046875 0.024739583333333332
7 0.8583984375 0.3834635416666667 0.009765625 0.024739583333333332
7 0.89208984375 0.3834635416666667 0.0576171875 0.024739583333333332
7 0.92529296875 0.3834635416666667 0.0107421875 0.024739583333333332
7 0.6708984375 0.4147135416666667 0.009765625 0.024739583333333332
7 0.6953125 0.4147135416666667 0.0390625 0.024739583333333332
7 0.7177734375 0.4147135416666667 0.009765625 0.024739583333333332
7 0.6708984375 0.4772135416666667 0.009765625 0.024739583333333332
7 0.68603515625 0.4772135416666667 0.0205078125 0.024739583333333332
7 0.69921875 0.4772135416666667 0.009765625 0.024739583333333332
7 0.7841796875 0.4772135416666667 0.16015625 0.024739583333333332
7 0.86865234375 0.4772135416666667 0.0107421875 0.024739583333333332
7 0.8876953125 0.4772135416666667 0.029296875 0.024739583333333332
7 0.9052734375 0.4772135416666667 0.009765625 0.024739583333333332
7 0.6708984375 0.5084635416666666 0.009765625 0.024739583333333332
7 0.68115234375 0.5084635416666666 0.0107421875 0.024739583333333332
7 0.69091796875 0.5084635416666666 0.0107421875 0.024739583333333332
7 0.78857421875 0.5084635416666666 0.1884765625 0.024739583333333332
7 0.88671875 0.5084635416666666 0.009765625 0.024739583333333332
7 0.9013671875 0.5084635416666666 0.01953125 0.024739583333333332
7 0.91552734375 0.5084635416666666 0.0107421875 0.024739583333333332
7 0.6708984375 0.5709635416666666 0.009765625 0.024739583333333332
7 0.69970703125 0.5709635416666666 0.0478515625 0.024739583333333332
7 0.72802734375 0.5709635416666666 0.0107421875 0.024739583333333332
7 0.6708984375 0.6022135416666666 0.009765625 0.024739583333333332
7 0.69970703125 0.6022135416666666 0.0478515625 0.024739583333333332
7 0.72802734375 0.6022135416666666 0.0107421875 0.024739583333333332
0 0.72021484375 0.681640625 0.1396484375 0.053385416666666664
2 0.41845703125 0.8548177083333334 0.3427734375 0.048177083333333336
7 0.28662109375 0.9251302083333334 0.0478515625 0.024739583333333332
7 0.314453125 0.9251302083333334 0.009765625 0.024739583333333332
7 0.34765625 0.9563802083333334 0.169921875 0.024739583333333332
7 0.4365234375 0.9563802083333334 0.009765625 0.024739583333333332
7 0.48876953125 0.9563802083333334 0.0947265625 0.024739583333333332
7 0.54052734375 0.9563802083333334 0.0107421875 0.024739583333333332
7 0.267578125 0.9876302083333334 0.009765625 0.024739583333333332
2 0.80615234375 0.8990885416666666 0.3427734375 0.15755208333333334
7 0.80615234375 0.9908854166666666 0.3427734375 0.018229166666666668