4 0.02978515625 0.044921875 0.0439453125 0.07161458333333333
4 0.97314453125 0.046223958333333336 0.0185546875 0.024739583333333332
0 0.97216796875 0.048177083333333336 0.0556640625 0.08072916666666667
6 0.17626953125 0.07161458333333333 0.1064453125 0.026041666666666668
6 0.37548828125 0.07161458333333333 0.0693359375 0.026041666666666668
6 0.56005859375 0.07161458333333333 0.0771484375 0.026041666666666668
6 0.74365234375 0.07161458333333333 0.0673828125 0.026041666666666668
6 0.90234375 0.07161458333333333 0.02734375 0.026041666666666668
7 0.5 0.20768229166666666 0.76953125 0.040364583333333336
7 0.5 0.3046875 0.76953125 0.078125
0 0.2158203125 0.4186197916666667 0.201171875 0.061197916666666664
2 0.1279296875 0.9557291666666666 0.216796875 0.018229166666666668
6 0.04638671875 0.9967447916666666 0.0537109375 0.006510416666666667
2 0.3671875 0.9557291666666666 0.216796875 0.018229166666666668
6 0.27734375 0.9967447916666666 0.037109375 0.006510416666666667
2 0.6064453125 0.9557291666666666 0.216796875 0.018229166666666668
6 0.52294921875 0.9967447916666666 0.0498046875 0.006510416666666667
2 0.845703125 0.9557291666666666 0.216796875 0.018229166666666668
6 0.75146484375 0.9967447916666666 0.0283203125 0.006510416666666667