4 0.10302734375 0.05859375 0.1669921875 0.06510416666666667
0 0.10302734375 0.05859375 0.1669921875 0.06510416666666667
0 0.72509765625 0.04296875 0.0732421875 0.020833333333333332
0 0.90283203125 0.04296875 0.0869140625 0.020833333333333332
7 0.96337890625 0.044921875 0.0361328125 0.024739583333333332
4 0.490234375 0.50390625 0.9609375 0.7213541666666666
0 0.490234375 0.50390625 0.9609375 0.7213541666666666
2 0.490234375 0.7337239583333334 0.8828125 0.032552083333333336
0 0.490234375 0.7337239583333334 0.8828125 0.032552083333333336
7 0.48486328125 0.77734375 0.8720703125 0.052083333333333336
7 0.07421875 0.8196614583333334 0.05078125 0.02734375
0 0.07421875 0.822265625 0.05078125 0.022135416666666668
7 0.18212890625 0.8216145833333334 0.1474609375 0.0234375
0 0.1826171875 0.822265625 0.1484375 0.032552083333333336
7 0.306640625 0.822265625 0.064453125 0.022135416666666668
7 0.03662109375 0.9029947916666666 0.0537109375 0.02734375
0 0.03662109375 0.9055989583333334 0.0537109375 0.022135416666666668
2 0.490234375 0.931640625 0.9609375 0.032552083333333336
0 0.490234375 0.931640625 0.9609375 0.032552083333333336
7 0.02294921875 0.9928385416666666 0.0263671875 0.014322916666666666
0 0.0234375 0.9954427083333334 0.02734375 0.009114583333333334