4 0.5068359375 0.061848958333333336 0.466796875 0.06901041666666667
7 0.5068359375 0.10807291666666667 0.234375 0.026041666666666668
6 0.85205078125 0.07421875 0.0849609375 0.03125
7 0.95263671875 0.07421875 0.0595703125 0.03125
6 0.1474609375 0.18229166666666666 0.060546875 0.052083333333333336
6 0.23681640625 0.18229166666666666 0.0634765625 0.052083333333333336
6 0.35595703125 0.18229166666666666 0.1201171875 0.052083333333333336
6 0.4775390625 0.18229166666666666 0.068359375 0.052083333333333336
6 0.61083984375 0.18229166666666666 0.1435546875 0.052083333333333336
6 0.75439453125 0.18229166666666666 0.0888671875 0.052083333333333336
6 0.86181640625 0.18229166666666666 0.0712890625 0.052083333333333336
2 0.07958984375 0.23177083333333334 0.1201171875 0.059895833333333336
2 0.45068359375 0.21614583333333334 0.5419921875 0.028645833333333332
7 0.05859375 0.3014322916666667 0.06640625 0.022135416666666668
6 0.14990234375 0.3014322916666667 0.0927734375 0.022135416666666668
6 0.2314453125 0.3014322916666667 0.044921875 0.022135416666666668
6 0.28515625 0.3014322916666667 0.037109375 0.022135416666666668
6 0.36181640625 0.3014322916666667 0.0908203125 0.022135416666666668
6 0.4658203125 0.3014322916666667 0.091796875 0.022135416666666668
6 0.57373046875 0.3014322916666667 0.0986328125 0.022135416666666668
6 0.67919921875 0.3014322916666667 0.0869140625 0.022135416666666668
6 0.77001953125 0.3014322916666667 0.0693359375 0.022135416666666668
6 0.8486328125 0.3014322916666667 0.0625 0.022135416666666668
6 0.93359375 0.3014322916666667 0.08203125 0.022135416666666668
3 0.5 0.5065104166666666 0.947265625 0.3255208333333333
4 0.05712890625 0.7819010416666666 0.0830078125 0.11067708333333333
2 0.20751953125 0.7734375 0.1884765625 0.09375
4 0.05712890625 0.9264322916666666 0.0830078125 0.11067708333333333
2 0.19775390625 0.90625 0.1689453125 0.0703125
2 0.5 0.8098958333333334 0.318359375 0.16666666666666666
4 0.5 0.953125 0.318359375 0.09375
7 0.75 0.748046875 0.1171875 0.04296875
4 0.8251953125 0.751953125 0.029296875 0.040364583333333336
4 0.8642578125 0.751953125 0.029296875 0.040364583333333336
4 0.9033203125 0.751953125 0.029296875 0.040364583333333336
4 0.9423828125 0.751953125 0.029296875 0.040364583333333336
1 0.8095703125 0.8079427083333334 0.236328125 0.04296875
1 0.95556640625 0.8079427083333334 0.0556640625 0.04296875
3 0.837890625 0.9296875 0.29296875 0.140625
4 0.9619140625 0.6432291666666666 0.046875 0.0625
7 0.9716796875 0.625 0.01953125 0.026041666666666668