4 0.10107421875 0.033854166666666664 0.1201171875 0.036458333333333336
7 0.25 0.033854166666666664 0.05078125 0.026041666666666668
0 0.3916015625 0.033854166666666664 0.1640625 0.03125
7 0.5126953125 0.033854166666666664 0.078125 0.026041666666666668
1 0.734375 0.033854166666666664 0.25390625 0.03125
0 0.84423828125 0.033854166666666664 0.0732421875 0.041666666666666664
7 0.91015625 0.033854166666666664 0.048828125 0.026041666666666668
2 0.2705078125 0.3229166666666667 0.458984375 0.1875
2 0.2705078125 0.4947916666666667 0.458984375 0.078125
2 0.2705078125 0.5911458333333334 0.458984375 0.0625
0 0.1240234375 0.70703125 0.166015625 0.057291666666666664
0 0.310546875 0.70703125 0.166015625 0.057291666666666664
4 0.7294921875 0.5403645833333334 0.458984375 0.3854166666666667
2 0.5 0.90234375 0.169921875 0.0390625
4 0.18017578125 0.9869791666666666 0.0244140625 0.026041666666666668
4 0.4951171875 0.9869791666666666 0.0234375 0.026041666666666668
4 0.81005859375 0.9869791666666666 0.0244140625 0.026041666666666668