4 0.294921875 0.15690104166666666 0.29296875 0.061197916666666664
2 0.3076171875 0.23567708333333334 0.271484375 0.036458333333333336
2 0.27685546875 0.2721354166666667 0.2099609375 0.036458333333333336
5 0.20947265625 0.3307291666666667 0.0751953125 0.020833333333333332
1 0.36376953125 0.3307291666666667 0.2255859375 0.028645833333333332
5 0.20947265625 0.3580729166666667 0.0751953125 0.020833333333333332
1 0.36376953125 0.3580729166666667 0.2255859375 0.028645833333333332
1 0.27734375 0.3854166666666667 0.052734375 0.028645833333333332
7 0.2197265625 0.421875 0.095703125 0.015625
6 0.31103515625 0.421875 0.0888671875 0.015625
7 0.357421875 0.421875 0.00390625 0.015625
2 0.6689453125 0.18815104166666666 0.134765625 0.040364583333333336
2 0.65966796875 0.22981770833333334 0.1162109375 0.040364583333333336
2 0.6572265625 0.271484375 0.111328125 0.040364583333333336
7 0.703125 0.3313802083333333 0.203125 0.040364583333333336
7 0.64794921875 0.3606770833333333 0.0927734375 0.020833333333333332
4 0.7568359375 0.4069010416666667 0.130859375 0.03515625
0 0.6015625 0.3899739583333333 0 0.0013020833333333333