4 0.1064453125 0.07682291666666667 0.087890625 0.03125
0 0.1123046875 0.07486979166666667 0.099609375 0.06640625
7 0.685546875 0.07486979166666667 0.041015625 0.06380208333333333
0 0.685546875 0.07421875 0.087890625 0.06510416666666667
7 0.80908203125 0.07486979166666667 0.0732421875 0.024739583333333332
0 0.84326171875 0.07486979166666667 0.1884765625 0.06640625
7 0.8798828125 0.07552083333333333 0.068359375 0.026041666666666668
2 0.267578125 0.3359375 0.41015625 0.171875
7 0.2431640625 0.4817708333333333 0.361328125 0.078125
7 0.13232421875 0.6041666666666666 0.0927734375 0.03125
0 0.171875 0.6041666666666666 0.21875 0.078125
7 0.21826171875 0.6041666666666666 0.0791015625 0.03125
4 0.72802734375 0.4388020833333333 0.4423828125 0.4010416666666667
4 0.111328125 0.802734375 0.09765625 0.02734375
4 0.232421875 0.802734375 0.05859375 0.06640625
4 0.34375 0.802734375 0.078125 0.032552083333333336
4 0.443359375 0.802734375 0.03515625 0.040364583333333336
4 0.5380859375 0.802734375 0.068359375 0.032552083333333336
4 0.640625 0.802734375 0.05078125 0.04296875
4 0.7578125 0.8046875 0.09765625 0.03125
4 0.8935546875 0.802734375 0.087890625 0.03515625
4 0.8701171875 0.9661458333333334 0.015625 0.020833333333333332
0 0.92236328125 0.9654947916666666 0.1318359375 0.040364583333333336
4 0.93310546875 0.9661458333333334 0.0947265625 0.013020833333333334