4 0.5 0.166015625 0.8828125 0.06640625
0 0.12255859375 0.16341145833333334 0.1357421875 0.061197916666666664
2 0.41064453125 0.15950520833333334 0.4208984375 0.06380208333333333
0 0.41064453125 0.18684895833333334 0.4208984375 0.022135416666666668
7 0.5 0.22330729166666666 0.8828125 0.02734375
2 0.32080078125 0.451171875 0.5244140625 0.08203125
7 0.142578125 0.5130208333333334 0.16796875 0.026041666666666668
7 0.23974609375 0.6041666666666666 0.3623046875 0.026041666666666668
6 0.31005859375 0.625 0.5029296875 0.06770833333333333
7 0.3623046875 0.6875 0.607421875 0.109375
7 0.19775390625 0.7916666666666666 0.2783203125 0.026041666666666668
7 0.431640625 0.7936197916666666 0.189453125 0.024739583333333332
7 0.5361328125 0.7916666666666666 0.021484375 0.026041666666666668
6 0.35693359375 0.8138020833333334 0.5966796875 0.0703125
7 0.36083984375 0.8776041666666666 0.6044921875 0.109375
6 0.39208984375 0.9192708333333334 0.1259765625 0.026041666666666668
7 0.3623046875 0.9401041666666666 0.607421875 0.06770833333333333
2 0.3642578125 0.99609375 0.611328125 0.0078125
4 0.7548828125 0.5188802083333334 0.078125 0.17838541666666666
0 0.7939453125 0.44140625 0 0.020833333333333332
7 0.80908203125 0.44140625 0.0302734375 0.020833333333333332
6 0.849609375 0.4661458333333333 0.111328125 0.0703125
1 0.8203125 0.6510416666666666 0.208984375 0.044270833333333336
4 0.7275390625 0.7311197916666666 0.0234375 0.032552083333333336
2 0.77392578125 0.7291666666666666 0.0400390625 0.03125
7 0.9130859375 0.7291666666666666 0.0234375 0.03125
7 0.7265625 0.8014322916666666 0.0234375 0.032552083333333336
2 0.7763671875 0.8001302083333334 0.044921875 0.032552083333333336
7 0.9130859375 0.8001302083333334 0.0234375 0.032552083333333336
4 0.7275390625 0.8704427083333334 0.0234375 0.032552083333333336
0 0.74951171875 0.865234375 0.0673828125 0.032552083333333336
2 0.7685546875 0.8704427083333334 0.029296875 0.032552083333333336
3 0.8203125 0.9700520833333334 0.177734375 0.059895833333333336