7 0.205078125 0.033854166666666664 0.18359375 0.036458333333333336
1 0.205078125 0.033854166666666664 0.18359375 0.036458333333333336
0 0.2783203125 0.035807291666666664 0.017578125 0.029947916666666668
6 0.5732421875 0.033854166666666664 0.025390625 0.033854166666666664
0 0.5869140625 0.033854166666666664 0.052734375 0.033854166666666664
6 0.599609375 0.033854166666666664 0.02734375 0.033854166666666664
6 0.6357421875 0.033854166666666664 0.025390625 0.033854166666666664
0 0.6494140625 0.033854166666666664 0.052734375 0.033854166666666664
6 0.662109375 0.033854166666666664 0.02734375 0.033854166666666664
6 0.6982421875 0.033854166666666664 0.025390625 0.033854166666666664
0 0.7119140625 0.033854166666666664 0.052734375 0.033854166666666664
6 0.724609375 0.033854166666666664 0.02734375 0.033854166666666664
6 0.7607421875 0.033854166666666664 0.025390625 0.033854166666666664
0 0.7744140625 0.033854166666666664 0.052734375 0.033854166666666664
6 0.787109375 0.033854166666666664 0.02734375 0.033854166666666664
6 0.8388671875 0.033854166666666664 0.02734375 0.020833333333333332
6 0.896484375 0.033854166666666664 0.02734375 0.020833333333333332
0 0.0537109375 0.11197916666666667 0.107421875 0.052083333333333336
0 0.0537109375 0.16796875 0.107421875 0.052083333333333336
0 0.0537109375 0.22395833333333334 0.107421875 0.052083333333333336
0 0.0537109375 0.2799479166666667 0.107421875 0.052083333333333336
0 0.0537109375 0.3359375 0.107421875 0.052083333333333336
0 0.0537109375 0.3919270833333333 0.107421875 0.052083333333333336
0 0.0537109375 0.4479166666666667 0.107421875 0.052083333333333336
0 0.0537109375 0.50390625 0.107421875 0.052083333333333336
0 0.0537109375 0.5598958333333334 0.107421875 0.052083333333333336
0 0.0537109375 0.6158854166666666 0.107421875 0.052083333333333336
0 0.0537109375 0.671875 0.107421875 0.052083333333333336
0 0.0537109375 0.7278645833333334 0.107421875 0.052083333333333336
0 0.0537109375 0.7838541666666666 0.107421875 0.052083333333333336
4 0.068359375 0.28125 0.13671875 0.390625
7 0.068359375 0.4453125 0.13671875 0.0625
0 0.068359375 0.4713541666666667 0.13671875 0.018229166666666668
4 0.458984375 0.28125 0.64453125 0.390625
7 0.458984375 0.4453125 0.64453125 0.0625
0 0.458984375 0.4713541666666667 0.64453125 0.018229166666666668
4 0.890625 0.28125 0.21875 0.390625
7 0.890625 0.4453125 0.21875 0.0625
0 0.890625 0.4713541666666667 0.21875 0.018229166666666668
4 0.7099609375 0.4583333333333333 0.0078125 0.010416666666666666
4 0.2138671875 0.5690104166666666 0.154296875 0.20572916666666666
2 0.54248046875 0.5494791666666666 0.4775390625 0.03125
4 0.3134765625 0.5911458333333334 0.01953125 0.026041666666666668
7 0.35791015625 0.5911458333333334 0.0595703125 0.026041666666666668
0 0.48583984375 0.578125 0.0009765625 0
7 0.4365234375 0.5911458333333334 0.076171875 0.026041666666666668
7 0.76220703125 0.591796875 0.0166015625 0.02734375
7 0.7783203125 0.591796875 0.0078125 0.01953125
7 0.71826171875 0.591796875 0.0166015625 0.02734375
7 0.73388671875 0.591796875 0.0068359375 0.01953125
7 0.67431640625 0.591796875 0.0166015625 0.02734375
7 0.6904296875 0.591796875 0.0078125 0.01953125
4 0.2138671875 0.7291666666666666 0.154296875 0.1328125
2 0.54248046875 0.7096354166666666 0.4775390625 0.0625
4 0.3134765625 0.7669270833333334 0.01953125 0.026041666666666668
7 0.357421875 0.7669270833333334 0.05859375 0.026041666666666668
0 0.48583984375 0.75390625 0.0009765625 0
7 0.4365234375 0.7669270833333334 0.076171875 0.026041666666666668
7 0.76220703125 0.767578125 0.0166015625 0.02734375
7 0.7783203125 0.767578125 0.0078125 0.01953125
7 0.71826171875 0.767578125 0.0166015625 0.02734375
7 0.73388671875 0.767578125 0.0068359375 0.01953125
7 0.67431640625 0.767578125 0.0166015625 0.02734375
7 0.6904296875 0.767578125 0.0078125 0.01953125
4 0.2138671875 0.8893229166666666 0.154296875 0.20572916666666666
2 0.54248046875 0.8697916666666666 0.4775390625 0.0625
4 0.3134765625 0.9270833333333334 0.01953125 0.026041666666666668
7 0.35791015625 0.9270833333333334 0.0595703125 0.026041666666666668
0 0.48583984375 0.9140625 0.0009765625 0
7 0.4365234375 0.9270833333333334 0.076171875 0.026041666666666668
7 0.76220703125 0.927734375 0.0166015625 0.02734375
7 0.7783203125 0.927734375 0.0078125 0.01953125
7 0.71826171875 0.927734375 0.0166015625 0.02734375
7 0.73388671875 0.927734375 0.0068359375 0.01953125
7 0.67431640625 0.927734375 0.0166015625 0.02734375
7 0.6904296875 0.927734375 0.0078125 0.01953125
2 0.458984375 0.9915364583333334 0.64453125 0.016927083333333332
4 0.2138671875 0.9954427083333334 0.154296875 0.009114583333333334
4 0.376953125 0.9954427083333334 0.154296875 0.009114583333333334
4 0.5400390625 0.9954427083333334 0.154296875 0.009114583333333334
4 0.703125 0.9954427083333334 0.154296875 0.009114583333333334
0 0.91064453125 0.14778645833333334 0.1318359375 0.04296875
0 0.98828125 0.14778645833333334 0.0234375 0.04296875
1 0.939453125 0.21223958333333334 0.12109375 0.036458333333333336
1 0.939453125 0.2721354166666667 0.12109375 0.036458333333333336
7 0.91015625 0.2727864583333333 0.05859375 0.01953125
1 0.85107421875 0.3190104166666667 0.0126953125 0.018229166666666668
7 0.880859375 0.3196614583333333 0.03515625 0.01953125
7 0.9765625 0.3678385416666667 0.03125 0.022135416666666668
0 0.92236328125 0.3671875 0.1552734375 0.044270833333333336
0 0.92236328125 0.4270833333333333 0.1552734375 0.044270833333333336
7 0.8798828125 0.4739583333333333 0.0703125 0.018229166666666668
6 0.93994140625 0.4739583333333333 0.0498046875 0.018229166666666668
3 0.9150390625 0.7213541666666666 0.169921875 0.3255208333333333
3 0.9150390625 0.9524739583333334 0.169921875 0.09505208333333333