4 0.0458984375 0.036458333333333336 0.029296875 0.0390625
0 0.12158203125 0.0390625 0.1806640625 0.057291666666666664
7 0.1357421875 0.037109375 0.150390625 0.029947916666666668
7 0.9462890625 0.0390625 0.01953125 0.028645833333333332
0 0.9462890625 0.0390625 0.044921875 0.0390625
7 0.197265625 0.109375 0.302734375 0.041666666666666664
7 0.18994140625 0.158203125 0.1611328125 0.022135416666666668
7 0.197265625 0.19921875 0.302734375 0.041666666666666664
6 0.19677734375 0.24934895833333334 0.1845703125 0.022135416666666668
0 0.19677734375 0.3203125 0.2275390625 0.049479166666666664
3 0.49951171875 0.2565104166666667 0.2939453125 0.3255208333333333
2 0.80224609375 0.10091145833333333 0.2744140625 0.024739583333333332
2 0.80224609375 0.13346354166666666 0.2744140625 0.024739583333333332
0 0.80224609375 0.13346354166666666 0.2744140625 0.024739583333333332
7 0.80224609375 0.21809895833333334 0.2744140625 0.12369791666666667
2 0.80224609375 0.3053385416666667 0.2744140625 0.024739583333333332
0 0.80224609375 0.3053385416666667 0.2744140625 0.024739583333333332
7 0.80224609375 0.3776041666666667 0.2744140625 0.09895833333333333
2 0.80224609375 0.4524739583333333 0.2744140625 0.024739583333333332
0 0.80224609375 0.4524739583333333 0.2744140625 0.024739583333333332
0 0.15966796875 0.5 0.1884765625 0.049479166666666664
0 0.38623046875 0.5 0.1884765625 0.049479166666666664
0 0.61376953125 0.5 0.1884765625 0.049479166666666664
0 0.84033203125 0.5 0.1884765625 0.049479166666666664
0 0.15966796875 0.5598958333333334 0.1884765625 0.049479166666666664
0 0.38623046875 0.5598958333333334 0.1884765625 0.049479166666666664
0 0.61376953125 0.5598958333333334 0.1884765625 0.049479166666666664
0 0.84033203125 0.5598958333333334 0.1884765625 0.049479166666666664
0 0.15966796875 0.6197916666666666 0.1884765625 0.049479166666666664
0 0.38623046875 0.6197916666666666 0.1884765625 0.049479166666666664
0 0.61376953125 0.6197916666666666 0.1884765625 0.049479166666666664
0 0.84033203125 0.6197916666666666 0.1884765625 0.049479166666666664
3 0.5 0.71875 0.7109375 0.1171875
2 0.5 0.8606770833333334 0.837890625 0.049479166666666664
7 0.40966796875 0.9108072916666666 0.6572265625 0.022135416666666668
6 0.79345703125 0.9108072916666666 0.1123046875 0.022135416666666668
7 0.49853515625 0.9420572916666666 0.8349609375 0.08463541666666667
6 0.17919921875 0.9733072916666666 0.0556640625 0.022135416666666668
7 0.265625 0.9733072916666666 0.119140625 0.022135416666666668
6 0.4287109375 0.9733072916666666 0.208984375 0.022135416666666668
7 0.537109375 0.9733072916666666 0.009765625 0.022135416666666668
6 0.64013671875 0.9733072916666666 0.1982421875 0.022135416666666668
7 0.7578125 0.9733072916666666 0.0390625 0.022135416666666668
6 0.49609375 0.9811197916666666 0.830078125 0.037760416666666664
7 0.47802734375 0.9967447916666666 0.7939453125 0.006510416666666667