2 0.3154296875 0.19986979166666666 0.193359375 0.029947916666666668
4 0.3828125 0.2623697916666667 0.34375 0.06640625
7 0.63623046875 0.24934895833333334 0.0712890625 0.024739583333333332
7 0.662109375 0.275390625 0.123046875 0.024739583333333332
7 0.87109375 0.2623697916666667 0.181640625 0.06640625
4 0.35791015625 0.3274739583333333 0.2939453125 0.06640625
7 0.658203125 0.314453125 0.115234375 0.024739583333333332
7 0.65673828125 0.3404947916666667 0.1123046875 0.024739583333333332
7 0.87109375 0.3274739583333333 0.181640625 0.06640625
6 0.58642578125 0.3841145833333333 0.0791015625 0.026041666666666668
2 0.400390625 0.4264322916666667 0.36328125 0.029947916666666668
6 0.2900390625 0.4700520833333333 0.11328125 0.026041666666666668
6 0.3173828125 0.5026041666666666 0.16796875 0.026041666666666668
6 0.28515625 0.5338541666666666 0.103515625 0.026041666666666668
6 0.3486328125 0.5651041666666666 0.23046875 0.026041666666666668
2 0.2958984375 0.6588541666666666 0.169921875 0.028645833333333332
4 0.33251953125 0.7298177083333334 0.2431640625 0.08463541666666667
2 0.32421875 0.798828125 0.2265625 0.029947916666666668
4 0.32861328125 0.8665364583333334 0.2353515625 0.07942708333333333
2 0.328125 0.9837239583333334 0.21875 0.029947916666666668
2 0.77783203125 0.9837239583333334 0.1904296875 0.029947916666666668
2 0.09033203125 0.5078125 0.1806640625 0.984375
6 0.86962890625 0.0234375 0.0322265625 0.0234375
6 0.939453125 0.0234375 0.08984375 0.0234375
0 0.20947265625 0.07877604166666667 0.0732421875 0.053385416666666664
0 0.28271484375 0.07877604166666667 0.0751953125 0.053385416666666664
0 0.56640625 0.07877604166666667 0.04296875 0.053385416666666664
0 0.62841796875 0.07877604166666667 0.0830078125 0.053385416666666664
0 0.7109375 0.07877604166666667 0.083984375 0.053385416666666664
1 0.861328125 0.08268229166666667 0.201171875 0.02734375
1 0.97265625 0.08138020833333333 0.021484375 0.029947916666666668
4 0.0859375 0.10416666666666667 0.15625 0.20833333333333334
6 0.0556640625 0.24674479166666666 0.05859375 0.022135416666666668
6 0.07275390625 0.271484375 0.0927734375 0.022135416666666668
6 0.05712890625 0.2962239583333333 0.0615234375 0.022135416666666668
6 0.06982421875 0.3209635416666667 0.0869140625 0.022135416666666668
6 0.068359375 0.345703125 0.083984375 0.022135416666666668
6 0.064453125 0.3704427083333333 0.076171875 0.022135416666666668
6 0.03955078125 0.3951822916666667 0.0263671875 0.022135416666666668
2 0.08837890625 0.4329427083333333 0.1337890625 0.022135416666666668
6 0.087890625 0.4602864583333333 0.099609375 0.022135416666666668
6 0.0810546875 0.4850260416666667 0.0859375 0.022135416666666668
6 0.09521484375 0.509765625 0.1142578125 0.022135416666666668
6 0.07275390625 0.5345052083333334 0.0693359375 0.022135416666666668
6 0.076171875 0.5677083333333334 0.076171875 0.0390625
2 0.08837890625 0.6139322916666666 0.1337890625 0.022135416666666668
6 0.0546875 0.6412760416666666 0.033203125 0.022135416666666668
6 0.05419921875 0.666015625 0.0322265625 0.022135416666666668
6 0.05908203125 0.6907552083333334 0.0419921875 0.022135416666666668
6 0.0849609375 0.7154947916666666 0.09375 0.022135416666666668
2 0.08837890625 0.7532552083333334 0.1337890625 0.022135416666666668
6 0.0810546875 0.7805989583333334 0.0859375 0.022135416666666668
6 0.087890625 0.8138020833333334 0.099609375 0.0390625
6 0.07666015625 0.8470052083333334 0.0771484375 0.022135416666666668
6 0.07177734375 0.8717447916666666 0.0673828125 0.022135416666666668
6 0.06396484375 0.896484375 0.0517578125 0.022135416666666668
2 0.08837890625 0.9342447916666666 0.1337890625 0.022135416666666668
6 0.08056640625 0.9615885416666666 0.0849609375 0.022135416666666668
6 0.08349609375 0.986328125 0.0908203125 0.022135416666666668
6 0.076171875 1 0.076171875 0