4 0.03271484375 0.029296875 0.0244140625 0.032552083333333336
7 0.39306640625 0.028645833333333332 0.6865234375 0.020833333333333332
0 0.94677734375 0.029296875 0.0654296875 0.03515625
7 0.22216796875 0.09309895833333333 0.0751953125 0.032552083333333336
0 0.22021484375 0.095703125 0.0908203125 0.07161458333333333
0 0.32275390625 0.09375 0.1123046875 0.06770833333333333
0 0.421875 0.09375 0.10546875 0.06770833333333333
0 0.48828125 0.091796875 0.046875 0.06380208333333333
0 0.5517578125 0.091796875 0.080078125 0.06380208333333333
0 0.62890625 0.09375 0.07421875 0.06770833333333333
7 0.791015625 0.09375 0.072265625 0.0234375
0 0.79345703125 0.09375 0.1083984375 0.06770833333333333
0 0.8740234375 0.09244791666666667 0.03515625 0.059895833333333336
0 0.912109375 0.08984375 0.015625 0.0625
6 0.5 0.15169270833333334 0.287109375 0.02734375
4 0.4970703125 0.5397135416666666 0.994140625 0.7513020833333334
2 0.5 0.9837239583333334 0.640625 0.032552083333333336