7 0.26708984375 0.9583333333333334 0.3193359375 0.020833333333333332
0 0.51318359375 0.9583333333333334 0.1396484375 0.044270833333333336
0 0.67041015625 0.9583333333333334 0.1435546875 0.044270833333333336
0 0.82958984375 0.9583333333333334 0.1533203125 0.033854166666666664
7 0.115234375 0.97265625 0.189453125 0.020833333333333332
4 0.2041015625 0.9850260416666666 0.005859375 0.029947916666666668
7 0.02294921875 0.015625 0.0458984375 0.03125
0 0.5 0.5 1 1
4 0.81689453125 0.15755208333333334 0.0830078125 0.0390625
7 0.74560546875 0.25390625 0.1298828125 0.0625
7 0.8818359375 0.25390625 0.142578125 0.0625
1 0.81689453125 0.34765625 0.2724609375 0.0625
1 0.81689453125 0.42578125 0.2724609375 0.0625
7 0.89892578125 0.4817708333333333 0.1083984375 0.018229166666666668
7 0.81689453125 0.54296875 0.2724609375 0.0625
7 0.81689453125 0.595703125 0.0478515625 0.01953125
4 0.7041015625 0.6484375 0.0234375 0.03125
7 0.81689453125 0.6484375 0.2724609375 0.020833333333333332
4 0.7041015625 0.7213541666666666 0.046875 0.0625
7 0.81689453125 0.7213541666666666 0.2724609375 0.020833333333333332
7 0.81689453125 0.79296875 0.2607421875 0.018229166666666668
6 0.72802734375 0.8125 0.0830078125 0.018229166666666668
7 0.78076171875 0.8125 0.0224609375 0.018229166666666668
6 0.82080078125 0.8125 0.0576171875 0.018229166666666668
7 0.81640625 0.822265625 0.26171875 0.037760416666666664
6 0.8583984375 0.83203125 0.05859375 0.018229166666666668
7 0.89892578125 0.83203125 0.0224609375 0.018229166666666668
6 0.86767578125 0.841796875 0.1611328125 0.037760416666666664
7 0.8330078125 0.8515625 0.02734375 0.018229166666666668