6 0.32275390625 0.07356770833333333 0.0400390625 0.04296875
0 0.322265625 0.07356770833333333 0.05078125 0.04296875
6 0.37890625 0.07356770833333333 0.05078125 0.04296875
0 0.37841796875 0.07356770833333333 0.0615234375 0.04296875
6 0.46630859375 0.07356770833333333 0.1025390625 0.04296875
0 0.4658203125 0.07356770833333333 0.11328125 0.04296875
6 0.56494140625 0.07356770833333333 0.0732421875 0.04296875
0 0.564453125 0.07356770833333333 0.083984375 0.04296875
6 0.646484375 0.07356770833333333 0.068359375 0.04296875
0 0.64599609375 0.07356770833333333 0.0791015625 0.04296875
6 0.73291015625 0.07356770833333333 0.0830078125 0.04296875
0 0.732421875 0.07356770833333333 0.09375 0.04296875
6 0.83154296875 0.07356770833333333 0.0927734375 0.04296875
0 0.8310546875 0.07356770833333333 0.103515625 0.04296875
6 0.93701171875 0.07356770833333333 0.0966796875 0.04296875
0 0.9365234375 0.07356770833333333 0.107421875 0.04296875
4 0.5 0.5559895833333334 1 0.8177083333333334
0 0.5 0.5559895833333334 1 0.8177083333333334
4 0.015625 0.5559895833333334 0.0078125 0.020833333333333332
4 0.984375 0.5559895833333334 0.0078125 0.020833333333333332
4 0.5 0.982421875 1 0.03515625
4 0.5 0.982421875 0.95703125 0.03515625
4 0.08349609375 0.9954427083333334 0.0380859375 0.009114583333333334
0 0.08349609375 0.9954427083333334 0.0380859375 0.009114583333333334
4 0.13134765625 0.9954427083333334 0.0380859375 0.009114583333333334
0 0.13134765625 0.9954427083333334 0.0380859375 0.009114583333333334
4 0.17919921875 0.9954427083333334 0.0380859375 0.009114583333333334
0 0.17919921875 0.9954427083333334 0.0380859375 0.009114583333333334
4 0.22705078125 0.9954427083333334 0.0380859375 0.009114583333333334
0 0.22705078125 0.9954427083333334 0.0380859375 0.009114583333333334
3 0.83349609375 0.9921875 0.1650390625 0.015625
3 0.54345703125 0.9921875 0.2783203125 0.015625
4 0.140625 0.07552083333333333 0.203125 0.10416666666666667
0 0.140625 0.07552083333333333 0.203125 0.10416666666666667