4 0.04150390625 0.032552083333333336 0.0830078125 0.06510416666666667
1 0.4375 0.032552083333333336 0.326171875 0.0390625
0 0.1123046875 0.032552083333333336 0.05859375 0.0390625
0 0.173828125 0.032552083333333336 0.05859375 0.0390625
0 0.2353515625 0.032552083333333336 0.05859375 0.0390625
7 0.630859375 0.032552083333333336 0.044921875 0.018229166666666668
0 0.630859375 0.032552083333333336 0.044921875 0.06510416666666667
7 0.72119140625 0.032552083333333336 0.0634765625 0.0234375
0 0.71337890625 0.032552083333333336 0.1025390625 0.0390625
7 0.93359375 0.032552083333333336 0.05078125 0.0234375
0 0.923828125 0.032552083333333336 0.09375 0.0390625
0 0.89208984375 0.09895833333333333 0.0205078125 0.06510416666666667
0 0.96044921875 0.09895833333333333 0.0205078125 0.06510416666666667
0 0.927734375 0.09895833333333333 0.017578125 0.06510416666666667
0 0.048828125 0.09895833333333333 0.078125 0.06510416666666667
0 0.13525390625 0.09895833333333333 0.1044921875 0.06510416666666667
0 0.236328125 0.09895833333333333 0.107421875 0.06510416666666667
0 0.3271484375 0.09895833333333333 0.083984375 0.06510416666666667
0 0.40869140625 0.09895833333333333 0.0888671875 0.06510416666666667
0 0.505859375 0.09895833333333333 0.115234375 0.06510416666666667
0 0.6201171875 0.09895833333333333 0.123046875 0.06510416666666667
0 0.71484375 0.09895833333333333 0.076171875 0.06510416666666667
7 0.083984375 0.22395833333333334 0.109375 0.10416666666666667
0 0.083984375 0.22395833333333334 0.109375 0.10416666666666667
7 0.20263671875 0.22395833333333334 0.1103515625 0.10416666666666667
0 0.20263671875 0.22395833333333334 0.1103515625 0.10416666666666667
7 0.32177734375 0.22395833333333334 0.1103515625 0.10416666666666667
0 0.32177734375 0.22395833333333334 0.1103515625 0.10416666666666667
7 0.4404296875 0.22395833333333334 0.109375 0.10416666666666667
0 0.4404296875 0.22395833333333334 0.109375 0.10416666666666667
7 0.5595703125 0.22395833333333334 0.109375 0.10416666666666667
0 0.5595703125 0.22395833333333334 0.109375 0.10416666666666667
7 0.67822265625 0.22395833333333334 0.1103515625 0.10416666666666667
0 0.67822265625 0.22395833333333334 0.1103515625 0.10416666666666667
7 0.79736328125 0.22395833333333334 0.1103515625 0.10416666666666667
0 0.79736328125 0.22395833333333334 0.1103515625 0.10416666666666667
7 0.916015625 0.22395833333333334 0.109375 0.10416666666666667
0 0.916015625 0.22395833333333334 0.109375 0.10416666666666667
3 0.5 0.3619791666666667 0.7109375 0.1171875
0 0.1806640625 0.4270833333333333 0.072265625 0.013020833333333334
6 0.38427734375 0.330078125 0.1865234375 0.03515625
0 0.5 0.3619791666666667 0.7109375 0.1171875
7 0.36669921875 0.361328125 0.1513671875 0.03515625
6 0.45849609375 0.361328125 0.0322265625 0.03515625
7 0.4697265625 0.376953125 0.357421875 0.06640625
0 0.82861328125 0.4270833333333333 0.0537109375 0.013020833333333334
6 0.0859375 0.4739583333333333 0.12890625 0.036458333333333336
0 0.45458984375 0.4720052083333333 0.0615234375 0.024739583333333332
7 0.033203125 0.51171875 0.0234375 0.0234375
0 0.14697265625 0.51171875 0.2001953125 0.0234375
7 0.033203125 0.53515625 0.0234375 0.0234375
0 0.14697265625 0.53515625 0.2001953125 0.0234375
7 0.033203125 0.55859375 0.0234375 0.0234375
0 0.14697265625 0.55859375 0.2001953125 0.0234375
7 0.033203125 0.58203125 0.0234375 0.0234375
0 0.14697265625 0.58203125 0.2001953125 0.0234375
7 0.033203125 0.60546875 0.0234375 0.0234375
0 0.14697265625 0.60546875 0.2001953125 0.0234375
7 0.2685546875 0.51171875 0.0234375 0.0234375
0 0.38232421875 0.51171875 0.2001953125 0.0234375
7 0.2685546875 0.53515625 0.0234375 0.0234375
0 0.38232421875 0.53515625 0.2001953125 0.0234375
7 0.2685546875 0.55859375 0.0234375 0.0234375
0 0.38232421875 0.55859375 0.2001953125 0.0234375
7 0.2685546875 0.58203125 0.0234375 0.0234375
0 0.38232421875 0.58203125 0.2001953125 0.0234375
7 0.2685546875 0.60546875 0.0234375 0.0234375
0 0.38232421875 0.60546875 0.2001953125 0.0234375
6 0.58203125 0.4739583333333333 0.130859375 0.036458333333333336
0 0.94970703125 0.4720052083333333 0.0615234375 0.024739583333333332
7 0.5283203125 0.51171875 0.0234375 0.0234375
0 0.64599609375 0.51171875 0.1923828125 0.0234375
7 0.5283203125 0.53515625 0.0234375 0.0234375
0 0.64599609375 0.53515625 0.1923828125 0.0234375
7 0.5283203125 0.55859375 0.0234375 0.0234375
0 0.64599609375 0.55859375 0.1923828125 0.0234375
7 0.5283203125 0.58203125 0.0234375 0.0234375
0 0.64599609375 0.58203125 0.1923828125 0.0234375
7 0.5283203125 0.60546875 0.0234375 0.0234375
0 0.64599609375 0.60546875 0.1923828125 0.0234375
7 0.763671875 0.51171875 0.0234375 0.0234375
0 0.88134765625 0.51171875 0.1923828125 0.0234375
7 0.763671875 0.53515625 0.0234375 0.0234375
0 0.88134765625 0.53515625 0.1923828125 0.0234375
7 0.763671875 0.55859375 0.0234375 0.0234375
0 0.88134765625 0.55859375 0.1923828125 0.0234375
7 0.763671875 0.58203125 0.0234375 0.0234375
0 0.88134765625 0.58203125 0.1923828125 0.0234375
7 0.763671875 0.60546875 0.0234375 0.0234375
0 0.88134765625 0.60546875 0.1923828125 0.0234375
4 0.5 0.8190104166666666 0.46875 0.3515625
4 0.5 0.9322916666666666 0.46875 0.125
4 0.5 0.7317708333333334 0.46875 0.17708333333333334
7 0.4111328125 0.6803385416666666 0.2578125 0.02734375
7 0.5 0.8190104166666666 0.048828125 0.06510416666666667
7 0.5 0.9095052083333334 0.974609375 0.06640625
6 0.6279296875 0.931640625 0.091796875 0.022135416666666668
7 0.697265625 0.931640625 0.046875 0.022135416666666668
6 0.75732421875 0.931640625 0.0732421875 0.022135416666666668
7 0.79541015625 0.931640625 0.0029296875 0.022135416666666668
0 0.46533203125 0.9713541666666666 0.0615234375 0.03125
0 0.5361328125 0.9713541666666666 0.05859375 0.03125