2 0.1171875 0.061848958333333336 0.1953125 0.07161458333333333
0 0.1171875 0.06315104166666667 0.1953125 0.12630208333333334
7 0.90966796875 0.0625 0.0341796875 0.018229166666666668
0 0.931640625 0.06315104166666667 0.13671875 0.12630208333333334
7 0.5 0.2265625 0.841796875 0.10416666666666667
7 0.5 0.33984375 0.4609375 0.10416666666666667
7 0.5 0.4778645833333333 0.34765625 0.07552083333333333
7 0.48388671875 0.587890625 0.1962890625 0.037760416666666664
0 0.5 0.587890625 0.27734375 0.06380208333333333
7 0.369140625 0.6725260416666666 0.01953125 0.029947916666666668
6 0.521484375 0.6705729166666666 0.23828125 0.028645833333333332
7 0.25537109375 0.8684895833333334 0.0712890625 0.028645833333333332
7 0.5 0.8684895833333334 0.419921875 0.11197916666666667
7 0.767578125 0.8684895833333334 0.1171875 0.028645833333333332