4 0.0751953125 0.05859375 0.087890625 0.1171875
7 0.1552734375 0.05859375 0.044921875 0.026041666666666668
0 0.16015625 0.05859375 0.083984375 0.06510416666666667
7 0.26171875 0.05859375 0.091796875 0.026041666666666668
0 0.2666015625 0.05859375 0.130859375 0.06510416666666667
7 0.37841796875 0.05859375 0.0654296875 0.026041666666666668
0 0.38330078125 0.05859375 0.1044921875 0.06510416666666667
7 0.48486328125 0.05859375 0.0712890625 0.026041666666666668
0 0.4892578125 0.05859375 0.109375 0.06510416666666667
0 0.60693359375 0.05859375 0.1279296875 0.06510416666666667
7 0.72021484375 0.05859375 0.0712890625 0.026041666666666668
0 0.72509765625 0.05859375 0.1103515625 0.06510416666666667
0 0.92041015625 0.05859375 0.1064453125 0.0546875
4 0.5 0.55859375 1 0.8828125
2 0.39013671875 0.353515625 0.2919921875 0.08984375
2 0.5 0.4791666666666667 0.51171875 0.0546875
7 0.5 0.525390625 0.51171875 0.029947916666666668
4 0.82958984375 0.3014322916666667 0.0205078125 0.10546875
4 0.82958984375 0.431640625 0.0205078125 0.10546875
4 0.82958984375 0.5611979166666666 0.0205078125 0.10416666666666667
4 0.5 0.685546875 0.6015625 0.07421875
7 0.0390625 0.958984375 0.0625 0.02734375
7 0.0390625 0.9798177083333334 0.0625 0.014322916666666666
4 0.17041015625 0.96875 0.0244140625 0.03125
4 0.35498046875 0.96875 0.0244140625 0.03125
4 0.53857421875 0.96875 0.0244140625 0.03125
4 0.72314453125 0.96875 0.0244140625 0.03125
4 0.90771484375 0.96875 0.0244140625 0.03125
2 0.5 0.038411458333333336 0.771484375 0.037760416666666664
7 0.4892578125 0.12109375 0.75 0.09375
7 0.18017578125 0.15494791666666666 0.0654296875 0.026041666666666668
7 0.509765625 0.15494791666666666 0.595703125 0.026041666666666668
0 0.47900390625 0.173828125 0.7294921875 0.06380208333333333
0 0.69482421875 0.2682291666666667 0.0869140625 0.046875
0 0.8115234375 0.2682291666666667 0.12890625 0.046875