0 0.048828125 0.032552083333333336 0.05859375 0.06510416666666667
1 0.7880859375 0.032552083333333336 0.21484375 0.06510416666666667
0 0.87353515625 0.032552083333333336 0.0419921875 0.06510416666666667
0 0.9287109375 0.032552083333333336 0.017578125 0.06510416666666667
0 0.97119140625 0.032552083333333336 0.0185546875 0.06510416666666667
2 0.21435546875 0.22135416666666666 0.3896484375 0.17708333333333334
7 0.21435546875 0.3723958333333333 0.3896484375 0.08854166666666667
7 0.0986328125 0.4329427083333333 0.158203125 0.02734375
7 0.1904296875 0.5032552083333334 0.341796875 0.061197916666666664
2 0.5 0.7174479166666666 0.9609375 0.046875
6 0.13232421875 0.8157552083333334 0.2255859375 0.061197916666666664
0 0.13232421875 0.892578125 0.2255859375 0.21484375
4 0.13232421875 0.9225260416666666 0.2255859375 0.15494791666666666
6 0.37744140625 0.8157552083333334 0.2255859375 0.061197916666666664
0 0.37744140625 0.892578125 0.2255859375 0.21484375
4 0.37744140625 0.9225260416666666 0.2255859375 0.15494791666666666
6 0.62255859375 0.8157552083333334 0.2255859375 0.061197916666666664
0 0.62255859375 0.892578125 0.2255859375 0.21484375
4 0.62255859375 0.9225260416666666 0.2255859375 0.15494791666666666
6 0.86767578125 0.8157552083333334 0.2255859375 0.061197916666666664
0 0.86767578125 0.892578125 0.2255859375 0.21484375
4 0.86767578125 0.9225260416666666 0.2255859375 0.15494791666666666
7 0.9326171875 0.94921875 0.0703125 0.033854166666666664
0 0.9326171875 0.94921875 0.103515625 0.059895833333333336