7 0.287109375 0.061848958333333336 0.4765625 0.07942708333333333
6 0.20166015625 0.08919270833333333 0.0888671875 0.024739583333333332
7 0.28369140625 0.10286458333333333 0.4697265625 0.052083333333333336
0 0.86962890625 0.07747395833333333 0.1064453125 0.024739583333333332
0 0.71044921875 0.07942708333333333 0.0966796875 0.026041666666666668
4 0.275390625 0.13671875 0.55078125 0.09114583333333333
2 0.11865234375 0.12239583333333333 0.0771484375 0.03125
2 0.259765625 0.12239583333333333 0.20703125 0.03125
7 0.2998046875 0.14973958333333334 0.439453125 0.026041666666666668
4 0.08984375 0.19401041666666666 0.15234375 0.0390625
7 0.21044921875 0.19075520833333334 0.0556640625 0.032552083333333336
0 0.21728515625 0.19075520833333334 0.0830078125 0.032552083333333336
7 0.298828125 0.19075520833333334 0.068359375 0.032552083333333336
0 0.3056640625 0.19075520833333334 0.095703125 0.032552083333333336
7 0.38623046875 0.19075520833333334 0.0537109375 0.032552083333333336
0 0.39306640625 0.19075520833333334 0.0810546875 0.032552083333333336
7 0.46533203125 0.19075520833333334 0.0517578125 0.032552083333333336
0 0.47216796875 0.19075520833333334 0.0791015625 0.032552083333333336
7 0.7958984375 0.19401041666666666 0.0234375 0.03125
0 0.85302734375 0.19401041666666666 0.0302734375 0.044270833333333336
6 0.91015625 0.19401041666666666 0.0234375 0.03125
2 0.21484375 0.5006510416666666 0.390625 0.048177083333333336
0 0.5 0.4869791666666667 1 0.4895833333333333
2 0.21484375 0.580078125 0.390625 0.061197916666666664
7 0.21484375 0.6595052083333334 0.390625 0.06640625
4 0.169921875 0.8365885416666666 0.3203125 0.13151041666666666
0 0.169921875 0.7799479166666666 0.3203125 0.018229166666666668
6 0.169921875 0.9407552083333334 0.28125 0.022135416666666668
2 0.162109375 0.9811197916666666 0.265625 0.037760416666666664
4 0.5 0.8365885416666666 0.3203125 0.13151041666666666
0 0.5 0.7799479166666666 0.3203125 0.018229166666666668
6 0.5 0.9407552083333334 0.28125 0.022135416666666668
2 0.498046875 0.9830729166666666 0.27734375 0.033854166666666664
2 0.83984375 0.802734375 0.30078125 0.06640625
2 0.84423828125 0.919921875 0.2392578125 0.053385416666666664
0 0.82958984375 0.9212239583333334 0.2685546875 0.15755208333333334
2 0.84423828125 0.962890625 0.2392578125 0.024739583333333332