4 0.12890625 0.3958333333333333 0.013671875 0.026041666666666668
1 0.27001953125 0.3971354166666667 0.3212890625 0.078125
4 0.451171875 0.3958333333333333 0.013671875 0.026041666666666668
1 0.5439453125 0.3971354166666667 0.224609375 0.078125
0 0.705078125 0.3971354166666667 0.09765625 0.078125
0 0.1357421875 0.036458333333333336 0.248046875 0.07291666666666667
0 0.33984375 0.036458333333333336 0.162109375 0.07291666666666667
4 0.45263671875 0.032552083333333336 0.0244140625 0.033854166666666664
0 0.52783203125 0.036458333333333336 0.1767578125 0.07291666666666667
7 0.5283203125 0.036458333333333336 0.1171875 0.020833333333333332
4 0.64794921875 0.033854166666666664 0.0244140625 0.026041666666666668
0 0.73681640625 0.036458333333333336 0.2041015625 0.07291666666666667
7 0.73681640625 0.036458333333333336 0.1435546875 0.020833333333333332
0 0.939453125 0.036458333333333336 0.099609375 0.07291666666666667
4 0.46875 0.3333333333333333 0.9375 0.5208333333333334
4 0.17333984375 0.16080729166666666 0.1513671875 0.07161458333333333
0 0.17333984375 0.16341145833333334 0.1513671875 0.07682291666666667
4 0.203125 0.4830729166666667 0.015625 0.020833333333333332
0 0.24072265625 0.4830729166666667 0.0908203125 0.026041666666666668
7 0.2509765625 0.4850260416666667 0.0703125 0.01953125
4 0.31298828125 0.4830729166666667 0.0166015625 0.020833333333333332
0 0.3505859375 0.4830729166666667 0.091796875 0.026041666666666668
7 0.36083984375 0.4850260416666667 0.0712890625 0.01953125
4 0.42333984375 0.4830729166666667 0.0166015625 0.020833333333333332
0 0.46044921875 0.4830729166666667 0.0908203125 0.026041666666666668
7 0.470703125 0.4850260416666667 0.0703125 0.01953125
4 0.53271484375 0.4830729166666667 0.0166015625 0.020833333333333332
0 0.55908203125 0.4830729166666667 0.0693359375 0.026041666666666668
7 0.56884765625 0.4850260416666667 0.0478515625 0.01953125
4 0.62060546875 0.4830729166666667 0.0166015625 0.020833333333333332
0 0.6611328125 0.4830729166666667 0.09765625 0.026041666666666668
7 0.671875 0.4850260416666667 0.078125 0.01953125
4 0.73681640625 0.4830729166666667 0.0166015625 0.020833333333333332
0 0.76708984375 0.4830729166666667 0.0771484375 0.026041666666666668
7 0.77734375 0.4850260416666667 0.056640625 0.01953125
2 0.97607421875 0.14778645833333334 0.0478515625 0.032552083333333336
7 0.97607421875 0.20963541666666666 0.0478515625 0.0390625
0 0.97607421875 0.28515625 0.0478515625 0.046875
7 0.99609375 0.3502604166666667 0.0078125 0.018229166666666668
4 0.1884765625 0.6399739583333334 0.16015625 0.04296875
2 0.509765625 0.705078125 0.802734375 0.02734375
7 0.27587890625 0.751953125 0.3349609375 0.022135416666666668
7 0.29248046875 0.7688802083333334 0.3681640625 0.055989583333333336
7 0.32470703125 0.7858072916666666 0.2333984375 0.022135416666666668
0 0.21533203125 0.8567708333333334 0.2138671875 0.0546875