4 0.048828125 0.0390625 0.03515625 0.046875
7 0.1669921875 0.041666666666666664 0.177734375 0.03125
6 0.65576171875 0.041666666666666664 0.0419921875 0.018229166666666668
6 0.73828125 0.041666666666666664 0.07421875 0.018229166666666668
6 0.85888671875 0.041666666666666664 0.1181640625 0.018229166666666668
0 0.96142578125 0.038411458333333336 0.0146484375 0.03515625
0 0.09130859375 0.14583333333333334 0.1201171875 0.046875
0 0.19091796875 0.14583333333333334 0.0693359375 0.046875
0 0.255859375 0.14583333333333334 0.05078125 0.046875
0 0.81884765625 0.14583333333333334 0.0654296875 0.046875
0 0.91748046875 0.14518229166666666 0.1025390625 0.048177083333333336
2 0.5 0.3255208333333333 0.15625 0.10416666666666667
7 0.060546875 0.4694010416666667 0.037109375 0.029947916666666668
1 0.2900390625 0.4694010416666667 0.3984375 0.029947916666666668
1 0.2900390625 0.4694010416666667 0.3984375 0.029947916666666668
7 0.53076171875 0.4694010416666667 0.0400390625 0.029947916666666668
1 0.72900390625 0.4694010416666667 0.3349609375 0.029947916666666668
4 0.9375 0.4694010416666667 0.0234375 0.032552083333333336
0 0.9375 0.4694010416666667 0.0625 0.05859375
4 0.26025390625 0.5358072916666666 0.0244140625 0.032552083333333336
6 0.3173828125 0.5358072916666666 0.083984375 0.022135416666666668
4 0.39404296875 0.5358072916666666 0.0185546875 0.024739583333333332
6 0.4462890625 0.5358072916666666 0.080078125 0.022135416666666668
4 0.52197265625 0.5358072916666666 0.0185546875 0.024739583333333332
6 0.58349609375 0.5358072916666666 0.0986328125 0.022135416666666668
4 0.64013671875 0.5358072916666666 0.0146484375 0.01953125
4 0.68603515625 0.5358072916666666 0.0185546875 0.024739583333333332
6 0.7255859375 0.5358072916666666 0.0546875 0.022135416666666668
7 0.50048828125 0.7825520833333334 0.0498046875 0.020833333333333332
7 0.46875 0.8046875 0.05859375 0.020833333333333332
6 0.5283203125 0.8046875 0.0625 0.020833333333333332
2 0.5 0.9283854166666666 0.9375 0.033854166666666664
4 0.13720703125 0.98828125 0.2119140625 0.0234375
0 0.1376953125 0.98828125 0.212890625 0.0234375
4 0.37890625 0.98828125 0.212890625 0.0234375
0 0.37890625 0.98828125 0.212890625 0.0234375
4 0.62060546875 0.98828125 0.2119140625 0.0234375
0 0.62109375 0.98828125 0.212890625 0.0234375
4 0.86279296875 0.98828125 0.2119140625 0.0234375
0 0.8623046875 0.98828125 0.212890625 0.0234375