0 0.5 0.026041666666666668 1 0.052083333333333336
0 0.0341796875 0.08463541666666667 0.029296875 0.0390625
0 0.10986328125 0.08463541666666667 0.0634765625 0.0390625
0 0.1796875 0.08463541666666667 0.076171875 0.0390625
0 0.24951171875 0.08463541666666667 0.0634765625 0.0390625
5 0.349609375 0.08463541666666667 0.078125 0.06510416666666667
1 0.796875 0.08463541666666667 0.068359375 0.06510416666666667
0 0.85546875 0.08463541666666667 0.048828125 0.06510416666666667
0 0.9404296875 0.08463541666666667 0.119140625 0.06510416666666667
4 0.30810546875 0.296875 0.5771484375 0.3072916666666667
0 0.30810546875 0.4127604166666667 0.5771484375 0.5390625
2 0.31298828125 0.5696614583333334 0.5478515625 0.17317708333333334
0 0.087890625 0.451171875 0.09765625 0.032552083333333336
7 0.5029296875 0.748046875 0.1484375 0.01953125
2 0.173828125 0.748046875 0.26953125 0.029947916666666668
2 0.087890625 0.7884114583333334 0.09765625 0.02734375
7 0.087890625 0.8294270833333334 0.09765625 0.07291666666666667
4 0.05859375 0.8717447916666666 0.0390625 0.02734375
7 0.107421875 0.8743489583333334 0.05859375 0.032552083333333336
2 0.3125 0.7884114583333334 0.10546875 0.02734375
7 0.28271484375 0.8294270833333334 0.0458984375 0.07291666666666667
4 0.27978515625 0.8717447916666666 0.0400390625 0.02734375
7 0.33203125 0.8743489583333334 0.06640625 0.032552083333333336
2 0.52294921875 0.7884114583333334 0.0693359375 0.02734375
7 0.5224609375 0.8294270833333334 0.068359375 0.07291666666666667
4 0.50830078125 0.8717447916666666 0.0400390625 0.02734375
7 0.54248046875 0.8743489583333334 0.0302734375 0.032552083333333336
7 0.30810546875 0.9153645833333334 0.5380859375 0.026041666666666668
6 0.19970703125 0.9856770833333334 0.3212890625 0.028645833333333332
2 0.7978515625 0.19140625 0.326171875 0.044270833333333336
4 0.94140625 0.2923177083333333 0.078125 0.10286458333333333
4 0.94140625 0.2923177083333333 0.078125 0.10546875
0 0.7978515625 0.2864583333333333 0.365234375 0.09114583333333333
2 0.783203125 0.2916666666666667 0.19921875 0.07552083333333333
4 0.94140625 0.396484375 0.078125 0.10286458333333333
4 0.94140625 0.396484375 0.078125 0.10546875
0 0.7978515625 0.390625 0.365234375 0.09114583333333333
2 0.783203125 0.3958333333333333 0.19921875 0.07552083333333333
4 0.94140625 0.5240885416666666 0.078125 0.14973958333333334
4 0.94140625 0.5240885416666666 0.078125 0.10546875
0 0.7978515625 0.517578125 0.365234375 0.13671875
2 0.783203125 0.5240885416666666 0.19921875 0.12369791666666667
4 0.94140625 0.6516927083333334 0.078125 0.10286458333333333
4 0.94140625 0.6516927083333334 0.078125 0.10546875
0 0.7978515625 0.6458333333333334 0.365234375 0.09114583333333333
2 0.783203125 0.6510416666666666 0.19921875 0.07552083333333333
4 0.94140625 0.7669270833333334 0.078125 0.125
4 0.94140625 0.7669270833333334 0.078125 0.10416666666666667
0 0.7978515625 0.7604166666666666 0.365234375 0.11197916666666667
2 0.783203125 0.7669270833333334 0.19921875 0.09895833333333333
4 0.94140625 0.7669270833333334 0.048828125 0.06510416666666667
4 0.7978515625 0.9283854166666666 0.365234375 0.14322916666666666