6 0.78564453125 0.016927083333333332 0.0751953125 0.020833333333333332
7 0.912109375 0.017578125 0.103515625 0.022135416666666668
4 0.9736328125 0.018229166666666668 0.013671875 0.018229166666666668
4 0.0517578125 0.07486979166666667 0.041015625 0.055989583333333336
0 0.0517578125 0.07486979166666667 0.041015625 0.055989583333333336
1 0.24365234375 0.076171875 0.3115234375 0.055989583333333336
4 0.419921875 0.07291666666666667 0.025390625 0.033854166666666664
0 0.419921875 0.07356770833333333 0.041015625 0.055989583333333336
7 0.5 0.07421875 0.0859375 0.0234375
0 0.5 0.07486979166666667 0.09765625 0.040364583333333336
4 0.89306640625 0.07486979166666667 0.0205078125 0.02734375
0 0.93359375 0.07486979166666667 0.1015625 0.055989583333333336
7 0.94482421875 0.07421875 0.0771484375 0.020833333333333332
7 0.119140625 0.17447916666666666 0.205078125 0.028645833333333332
7 0.265625 0.17447916666666666 0.087890625 0.028645833333333332
7 0.353515625 0.17447916666666666 0.087890625 0.028645833333333332
7 0.44140625 0.17447916666666666 0.087890625 0.028645833333333332
7 0.5341796875 0.17447916666666666 0.09765625 0.028645833333333332
6 0.0302734375 0.220703125 0.02734375 0.01953125
7 0.2919921875 0.21549479166666666 0.017578125 0.02734375
7 0.3798828125 0.21549479166666666 0.009765625 0.02734375
7 0.4677734375 0.21549479166666666 0.017578125 0.02734375
6 0.52734375 0.21028645833333334 0.06640625 0.016927083333333332
6 0.52001953125 0.22981770833333334 0.0517578125 0.016927083333333332
6 0.0380859375 0.28125 0.04296875 0.020833333333333332
4 0.07666015625 0.283203125 0.0244140625 0.032552083333333336
7 0.2919921875 0.2779947916666667 0.009765625 0.02734375
7 0.3798828125 0.2779947916666667 0.009765625 0.02734375
7 0.4677734375 0.2779947916666667 0.009765625 0.02734375
6 0.52734375 0.2727864583333333 0.06640625 0.016927083333333332
6 0.52001953125 0.2923177083333333 0.0517578125 0.016927083333333332
6 0.046875 0.345703125 0.060546875 0.01953125
7 0.2919921875 0.3404947916666667 0.009765625 0.02734375
7 0.3798828125 0.3404947916666667 0.009765625 0.02734375
7 0.4677734375 0.3404947916666667 0.009765625 0.02734375
6 0.52734375 0.3352864583333333 0.06640625 0.016927083333333332
6 0.52001953125 0.3548177083333333 0.0517578125 0.016927083333333332
6 0.0546875 0.40625 0.076171875 0.020833333333333332
4 0.10986328125 0.408203125 0.0244140625 0.032552083333333336
4 0.13671875 0.408203125 0.025390625 0.032552083333333336
7 0.2919921875 0.4029947916666667 0.017578125 0.02734375
7 0.3798828125 0.4029947916666667 0.009765625 0.02734375
7 0.4677734375 0.4029947916666667 0.017578125 0.02734375
6 0.52734375 0.3977864583333333 0.06640625 0.016927083333333332
6 0.52001953125 0.4173177083333333 0.0517578125 0.016927083333333332
6 0.04833984375 0.46875 0.0634765625 0.020833333333333332
4 0.09765625 0.470703125 0.025390625 0.032552083333333336
7 0.2919921875 0.4654947916666667 0.009765625 0.02734375
7 0.3798828125 0.4654947916666667 0.009765625 0.02734375
7 0.4677734375 0.4654947916666667 0.009765625 0.02734375
6 0.52734375 0.4602864583333333 0.06640625 0.016927083333333332
6 0.52001953125 0.4798177083333333 0.0517578125 0.016927083333333332
6 0.0390625 0.53125 0.044921875 0.020833333333333332
4 0.0791015625 0.533203125 0.025390625 0.032552083333333336
7 0.2919921875 0.5279947916666666 0.009765625 0.02734375
7 0.3798828125 0.5279947916666666 0.009765625 0.02734375
7 0.4677734375 0.5279947916666666 0.009765625 0.02734375
6 0.52734375 0.5227864583333334 0.06640625 0.016927083333333332
6 0.52001953125 0.5423177083333334 0.0517578125 0.016927083333333332
6 0.0546875 0.595703125 0.076171875 0.01953125
7 0.2919921875 0.5904947916666666 0.017578125 0.02734375
7 0.3798828125 0.5904947916666666 0.017578125 0.02734375
7 0.4677734375 0.5904947916666666 0.017578125 0.02734375
6 0.52734375 0.5852864583333334 0.06640625 0.016927083333333332
6 0.52001953125 0.6048177083333334 0.0517578125 0.016927083333333332
6 0.04833984375 0.658203125 0.0634765625 0.01953125
7 0.2919921875 0.6529947916666666 0.017578125 0.02734375
7 0.3798828125 0.6529947916666666 0.009765625 0.02734375
7 0.4677734375 0.6529947916666666 0.017578125 0.02734375
6 0.52734375 0.6477864583333334 0.06640625 0.016927083333333332
6 0.52001953125 0.6673177083333334 0.0517578125 0.016927083333333332
4 0.89306640625 0.5 0.2138671875 0.3333333333333333
4 0.89306640625 0.8333333333333334 0.2138671875 0.3333333333333333
4 0.89306640625 0.5 0.2138671875 0.3333333333333333
4 0.89306640625 0.8333333333333334 0.2138671875 0.3333333333333333
4 0.7978515625 0.3893229166666667 0.369140625 0.453125
4 0.7978515625 0.3893229166666667 0.369140625 0.453125
4 0.62939453125 0.6041666666666666 0.0107421875 0.0234375
7 0.931640625 0.6048177083333334 0.0546875 0.01953125
7 0.07421875 0.7649739583333334 0.046875 0.01953125
0 0.03125 0.765625 0.01953125 0.03125
7 0.0859375 0.802734375 0.0703125 0.01953125
0 0.03125 0.8033854166666666 0.01953125 0.03125
7 0.07861328125 0.8404947916666666 0.0556640625 0.01953125
0 0.03125 0.8411458333333334 0.01953125 0.03125
7 0.08837890625 0.8782552083333334 0.0751953125 0.01953125
0 0.03125 0.87890625 0.01953125 0.03125
7 0.28076171875 0.7649739583333334 0.0732421875 0.01953125
0 0.224609375 0.765625 0.01953125 0.03125
7 0.2724609375 0.802734375 0.056640625 0.01953125
0 0.224609375 0.8033854166666666 0.01953125 0.03125
7 0.29052734375 0.8404947916666666 0.0927734375 0.01953125
0 0.224609375 0.8411458333333334 0.01953125 0.03125
7 0.29052734375 0.8782552083333334 0.0927734375 0.01953125
0 0.224609375 0.87890625 0.01953125 0.03125
7 0.4970703125 0.7649739583333334 0.119140625 0.01953125
0 0.41796875 0.765625 0.01953125 0.03125
7 0.50830078125 0.802734375 0.1416015625 0.01953125
0 0.41796875 0.8033854166666666 0.01953125 0.03125
7 0.47021484375 0.8404947916666666 0.0654296875 0.01953125
0 0.41796875 0.8411458333333334 0.01953125 0.03125
7 0.4814453125 0.8782552083333334 0.087890625 0.01953125
0 0.41796875 0.87890625 0.01953125 0.03125
7 0.66455078125 0.7649739583333334 0.0673828125 0.01953125
0 0.611328125 0.765625 0.01953125 0.03125
7 0.7001953125 0.802734375 0.138671875 0.01953125
0 0.611328125 0.8033854166666666 0.01953125 0.03125
7 0.6845703125 0.8404947916666666 0.107421875 0.01953125
0 0.611328125 0.8411458333333334 0.01953125 0.03125
7 0.703125 0.8782552083333334 0.14453125 0.01953125
0 0.611328125 0.87890625 0.01953125 0.03125
7 0.88134765625 0.7649739583333334 0.1142578125 0.01953125
0 0.8046875 0.765625 0.01953125 0.03125
7 0.8935546875 0.802734375 0.138671875 0.01953125
0 0.8046875 0.8033854166666666 0.01953125 0.03125
7 0.873046875 0.8404947916666666 0.09765625 0.01953125
0 0.8046875 0.8411458333333334 0.01953125 0.03125
7 0.8681640625 0.8782552083333334 0.087890625 0.01953125
0 0.8046875 0.87890625 0.01953125 0.03125
4 0.5 0.9661458333333334 0.966796875 0.06770833333333333
4 0.9326171875 0.9856770833333334 0.04296875 0.028645833333333332