2 0.18896484375 0.054036458333333336 0.3388671875 0.048177083333333336
0 0.9404296875 0.054036458333333336 0.080078125 0.02734375
2 0.3017578125 0.3932291666666667 0.32421875 0.046875
7 0.3017578125 0.4876302083333333 0.283203125 0.08463541666666667
6 0.388671875 0.5188802083333334 0.0234375 0.022135416666666668
7 0.4013671875 0.5188802083333334 0.00390625 0.022135416666666668
3 0.3017578125 0.5944010416666666 0.32421875 0.053385416666666664
7 0.3017578125 0.6627604166666666 0.32421875 0.03125
2 0.6982421875 0.3932291666666667 0.32421875 0.046875
7 0.6982421875 0.48828125 0.32421875 0.09375
7 0.69873046875 0.595703125 0.1298828125 0.01953125
0 0.6982421875 0.595703125 0.2734375 0.055989583333333336
0 0.35302734375 0.7838541666666666 0.0673828125 0.0234375
0 0.46484375 0.7838541666666666 0.060546875 0.0234375
0 0.5546875 0.7838541666666666 0.0234375 0.0234375
0 0.6474609375 0.7838541666666666 0.06640625 0.0234375