4 0.03662109375 0.08723958333333333 0.0732421875 0.0390625
0 0.03662109375 0.08723958333333333 0.0732421875 0.0390625
4 0.0908203125 0.08723958333333333 0.03515625 0.0390625
0 0.10888671875 0.08723958333333333 0.0712890625 0.0390625
4 0.12646484375 0.08723958333333333 0.0361328125 0.0390625
2 0.12109375 0.14192708333333334 0.2421875 0.044270833333333336
4 0.1640625 0.3255208333333333 0.328125 0.21875
4 0.1640625 0.3984375 0.328125 0.3645833333333333
4 0.1640625 0.3984375 0.328125 0.3645833333333333
2 0.1640625 0.4140625 0.283203125 0.057291666666666664
7 0.1630859375 0.4791666666666667 0.28125 0.046875
7 0.125 0.5442708333333334 0.205078125 0.0234375
4 0.25830078125 0.5442708333333334 0.0185546875 0.036458333333333336
4 0.29638671875 0.5442708333333334 0.0185546875 0.036458333333333336
4 0.5 0.3255208333333333 0.328125 0.21875
4 0.5 0.3984375 0.328125 0.3645833333333333
4 0.5 0.3984375 0.328125 0.3645833333333333
2 0.5 0.4140625 0.283203125 0.057291666666666664
7 0.48779296875 0.4791666666666667 0.2587890625 0.046875
7 0.4609375 0.5442708333333334 0.205078125 0.0234375
4 0.59423828125 0.5442708333333334 0.0185546875 0.036458333333333336
4 0.63232421875 0.5442708333333334 0.0185546875 0.036458333333333336
4 0.8359375 0.3255208333333333 0.328125 0.21875
4 0.8359375 0.3984375 0.328125 0.3645833333333333
4 0.8359375 0.3984375 0.328125 0.3645833333333333
2 0.8359375 0.4283854166666667 0.283203125 0.0859375
7 0.833984375 0.4947916666666667 0.279296875 0.020833333333333332
7 0.796875 0.5442708333333334 0.205078125 0.0234375
4 0.93017578125 0.5442708333333334 0.0185546875 0.036458333333333336
4 0.96826171875 0.5442708333333334 0.0185546875 0.036458333333333336
7 0.5 0.6640625 0.375 0.041666666666666664
0 0.5 0.7180989583333334 0.169921875 0.01953125
4 0.4453125 0.8932291666666666 0.439453125 0.21354166666666666
4 0.44189453125 0.8932291666666666 0.4462890625 0.21354166666666666
4 0.4453125 0.8932291666666666 0.439453125 0.21354166666666666
4 0.33203125 0.8932291666666666 0.6640625 0.21354166666666666
2 0.1533203125 0.85546875 0.26171875 0.0859375
7 0.14599609375 0.9557291666666666 0.2470703125 0.08854166666666667
4 0.8359375 0.8932291666666666 0.328125 0.21354166666666666
4 0.8359375 0.8932291666666666 0.328125 0.21354166666666666
4 0.8359375 0.8932291666666666 0.328125 0.21354166666666666
2 0.8359375 0.9778645833333334 0.283203125 0.044270833333333336
0 0.03369140625 0.9596354166666666 0.0322265625 0.028645833333333332
7 0.8046875 0.7669270833333334 0.322265625 0.033854166666666664
7 0.79638671875 0.8424479166666666 0.3056640625 0.11458333333333333
0 0.912109375 0.8893229166666666 0.087890625 0.026041666666666668
7 0.95751953125 0.8893229166666666 0.0048828125 0.020833333333333332
0 0.716796875 0.947265625 0.17578125 0.053385416666666664
0 0.892578125 0.947265625 0.17578125 0.053385416666666664