4 0.0830078125 0.080078125 0.107421875 0.08203125
7 0.046875 0.16080729166666666 0.03515625 0.01953125
6 0.05859375 0.185546875 0.05859375 0.01953125
6 0.0615234375 0.21028645833333334 0.064453125 0.01953125
6 0.05908203125 0.23502604166666666 0.0595703125 0.01953125
6 0.0419921875 0.259765625 0.025390625 0.01953125
6 0.05322265625 0.2845052083333333 0.0478515625 0.01953125
6 0.04541015625 0.3092447916666667 0.0322265625 0.01953125
7 0.0498046875 0.3723958333333333 0.044921875 0.020833333333333332
6 0.0693359375 0.3919270833333333 0.083984375 0.020833333333333332
6 0.06640625 0.4114583333333333 0.078125 0.020833333333333332
6 0.0556640625 0.4309895833333333 0.056640625 0.020833333333333332
6 0.046875 0.4505208333333333 0.0390625 0.020833333333333332
6 0.0498046875 0.4700520833333333 0.044921875 0.020833333333333332
6 0.05810546875 0.4895833333333333 0.0615234375 0.020833333333333332
6 0.0546875 0.5091145833333334 0.0546875 0.020833333333333332
6 0.07666015625 0.5286458333333334 0.0986328125 0.020833333333333332
6 0.0498046875 0.5481770833333334 0.044921875 0.020833333333333332
6 0.03955078125 0.5677083333333334 0.0244140625 0.020833333333333332
6 0.06005859375 0.5872395833333334 0.0654296875 0.020833333333333332
2 0.4599609375 0.060546875 0.556640625 0.02734375
7 0.19677734375 0.10026041666666667 0.0302734375 0.020833333333333332
7 0.3408203125 0.10026041666666667 0.259765625 0.020833333333333332
7 0.32275390625 0.13671875 0.2822265625 0.020833333333333332
7 0.46484375 0.13671875 0.00390625 0.020833333333333332
7 0.2177734375 0.18229166666666666 0.0703125 0.036458333333333336
7 0.2890625 0.18229166666666666 0.0703125 0.036458333333333336
7 0.3701171875 0.18229166666666666 0.08984375 0.036458333333333336
7 0.44873046875 0.18229166666666666 0.0654296875 0.036458333333333336
6 0.21728515625 0.21875 0.0556640625 0.020833333333333332
7 0.2890625 0.21875 0.0703125 0.036458333333333336
7 0.3701171875 0.21875 0.08984375 0.036458333333333336
7 0.44873046875 0.21875 0.0654296875 0.036458333333333336
6 0.21728515625 0.2552083333333333 0.0556640625 0.020833333333333332
7 0.2890625 0.2552083333333333 0.0703125 0.036458333333333336
7 0.3701171875 0.2552083333333333 0.08984375 0.036458333333333336
7 0.44873046875 0.2552083333333333 0.0654296875 0.036458333333333336
7 0.3408203125 0.3203125 0.318359375 0.020833333333333332
7 0.5009765625 0.3203125 0.00390625 0.020833333333333332
7 0.2177734375 0.3645833333333333 0.0703125 0.036458333333333336
7 0.2890625 0.3645833333333333 0.0703125 0.036458333333333336
7 0.3701171875 0.3645833333333333 0.08984375 0.036458333333333336
7 0.44873046875 0.3645833333333333 0.0654296875 0.036458333333333336
6 0.21728515625 0.4010416666666667 0.0556640625 0.020833333333333332
7 0.2890625 0.4010416666666667 0.0703125 0.036458333333333336
7 0.3701171875 0.4010416666666667 0.08984375 0.036458333333333336
7 0.44873046875 0.4010416666666667 0.0654296875 0.036458333333333336
6 0.21728515625 0.4375 0.0556640625 0.020833333333333332
7 0.2890625 0.4375 0.0703125 0.036458333333333336
7 0.3701171875 0.4375 0.08984375 0.036458333333333336
7 0.44873046875 0.4375 0.0654296875 0.036458333333333336
2 0.4599609375 0.4850260416666667 0.556640625 0.024739583333333332
7 0.19677734375 0.5234375 0.0302734375 0.020833333333333332
7 0.21923828125 0.5234375 0.0166015625 0.020833333333333332
7 0.26611328125 0.5234375 0.0791015625 0.020833333333333332
7 0.3193359375 0.5234375 0.029296875 0.020833333333333332
7 0.3720703125 0.5234375 0.076171875 0.020833333333333332
7 0.5068359375 0.5234375 0.197265625 0.020833333333333332
7 0.63720703125 0.5234375 0.0654296875 0.020833333333333332
7 0.45751953125 0.54296875 0.5517578125 0.059895833333333336
6 0.404296875 0.5625 0.076171875 0.020833333333333332
7 0.47607421875 0.5625 0.0693359375 0.020833333333333332
7 0.4599609375 0.6087239583333334 0.556640625 0.040364583333333336
2 0.4599609375 0.6569010416666666 0.556640625 0.024739583333333332
7 0.29296875 0.6940104166666666 0.14453125 0.020833333333333332
6 0.390625 0.6940104166666666 0.052734375 0.020833333333333332
7 0.43212890625 0.6940104166666666 0.0302734375 0.020833333333333332
7 0.46435546875 0.6940104166666666 0.0361328125 0.020833333333333332
7 0.49462890625 0.6940104166666666 0.0283203125 0.020833333333333332
7 0.5302734375 0.6940104166666666 0.04296875 0.020833333333333332
7 0.58740234375 0.6940104166666666 0.0751953125 0.020833333333333332
7 0.27392578125 0.7135416666666666 0.1064453125 0.020833333333333332
7 0.4990234375 0.7330729166666666 0.478515625 0.020833333333333332
7 0.4990234375 0.7721354166666666 0.478515625 0.059895833333333336
7 0.2958984375 0.8111979166666666 0.150390625 0.020833333333333332
7 0.38525390625 0.8111979166666666 0.0302734375 0.020833333333333332
7 0.474609375 0.8209635416666666 0.5078125 0.040364583333333336
7 0.4794921875 0.8502604166666666 0.517578125 0.020833333333333332
7 0.4794921875 0.8697916666666666 0.517578125 0.020833333333333332
7 0.4794921875 0.8893229166666666 0.517578125 0.020833333333333332
7 0.4794921875 0.9088541666666666 0.517578125 0.020833333333333332
7 0.4794921875 0.9283854166666666 0.517578125 0.020833333333333332
7 0.4794921875 0.9479166666666666 0.517578125 0.020833333333333332
7 0.4794921875 0.9674479166666666 0.517578125 0.020833333333333332
7 0.19677734375 0.9967447916666666 0.0302734375 0.006510416666666667
7 0.431640625 0.9967447916666666 0.44140625 0.006510416666666667
7 0.80908203125 0.061848958333333336 0.1162109375 0.02734375
7 0.916015625 0.061848958333333336 0.095703125 0.02734375
6 0.79638671875 0.08854166666666667 0.0849609375 0.015625
7 0.80908203125 0.13606770833333334 0.1162109375 0.02734375
7 0.916015625 0.13606770833333334 0.095703125 0.02734375
6 0.78173828125 0.16276041666666666 0.0556640625 0.015625
7 0.857421875 0.24934895833333334 0.212890625 0.02734375
6 0.8125 0.2760416666666667 0.1171875 0.015625