3 0.73681640625 0.3619791666666667 0.4443359375 0.6197916666666666
7 0.26318359375 0.1953125 0.4443359375 0.234375
7 0.26318359375 0.5032552083333334 0.4443359375 0.2643229166666667
7 0.26318359375 0.6822916666666666 0.4443359375 0.0234375
4 0.5 0.83984375 1 0.1953125
4 0.1328125 0.791015625 0.18359375 0.05859375
0 0.44091796875 0.791015625 0.0810546875 0.05859375
0 0.52197265625 0.791015625 0.0830078125 0.05859375
0 0.6162109375 0.791015625 0.107421875 0.05859375
0 0.70703125 0.791015625 0.076171875 0.05859375
0 0.80712890625 0.791015625 0.1259765625 0.05859375
0 0.91455078125 0.791015625 0.0888671875 0.05859375
4 0.5 0.87109375 1 0.2578125