4 0.1064453125 0.05859375 0.193359375 0.06510416666666667
0 0.1064453125 0.05859375 0.193359375 0.06510416666666667
0 0.515625 0.05859375 0.103515625 0.06510416666666667
0 0.6083984375 0.05859375 0.04296875 0.06510416666666667
0 0.6806640625 0.05859375 0.0625 0.06510416666666667
0 0.76318359375 0.05859375 0.0634765625 0.06510416666666667
0 0.9072265625 0.05859375 0.166015625 0.06510416666666667
2 0.291015625 0.3216145833333333 0.5625 0.1484375
7 0.2900390625 0.4986979166666667 0.560546875 0.10677083333333333
7 0.37451171875 0.5338541666666666 0.0810546875 0.041666666666666664
7 0.41796875 0.5338541666666666 0.005859375 0.041666666666666664
7 0.291015625 0.6041666666666666 0.5625 0.036458333333333336
7 0.3056640625 0.6744791666666666 0.533203125 0.036458333333333336
7 0.3056640625 0.7337239583333334 0.533203125 0.07161458333333333
7 0.3056640625 0.79296875 0.533203125 0.036458333333333336
7 0.3056640625 0.8346354166666666 0.533203125 0.036458333333333336
2 0.79248046875 0.3072916666666667 0.3349609375 0.0390625
1 0.79248046875 0.4140625 0.3349609375 0.057291666666666664
1 0.79248046875 0.4908854166666667 0.3349609375 0.057291666666666664
1 0.79248046875 0.5677083333333334 0.3349609375 0.057291666666666664
0 0.66162109375 0.6184895833333334 0.0732421875 0.0390625
1 0.79248046875 0.70703125 0.3349609375 0.06510416666666667