7 0.47119140625 0.027994791666666668 0.8994140625 0.055989583333333336
6 0.03369140625 0.08268229166666667 0.0361328125 0.029947916666666668
6 0.095703125 0.08268229166666667 0.041015625 0.029947916666666668
6 0.1552734375 0.08268229166666667 0.033203125 0.029947916666666668
6 0.220703125 0.08268229166666667 0.052734375 0.029947916666666668
6 0.2958984375 0.08268229166666667 0.05078125 0.029947916666666668
6 0.37158203125 0.08268229166666667 0.0556640625 0.029947916666666668
6 0.4306640625 0.08268229166666667 0.017578125 0.029947916666666668
6 0.87548828125 0.083984375 0.0498046875 0.029947916666666668
7 0.96484375 0.08268229166666667 0.01171875 0.032552083333333336
4 0.07080078125 0.16145833333333334 0.1123046875 0.052083333333333336
0 0.205078125 0.18033854166666666 0.0703125 0.032552083333333336
6 0.31591796875 0.18033854166666666 0.0751953125 0.032552083333333336
1 0.7900390625 0.16145833333333334 0.390625 0.052083333333333336
4 0.5 0.4609375 0.95703125 0.4296875
0 0.5 0.4609375 0.95703125 0.4296875
4 0.884765625 0.6321614583333334 0.009765625 0.014322916666666666
4 0.900390625 0.6321614583333334 0.009765625 0.014322916666666666
4 0.916015625 0.6321614583333334 0.009765625 0.014322916666666666
4 0.931640625 0.6321614583333334 0.009765625 0.014322916666666666
7 0.078125 0.6959635416666666 0.09375 0.02734375
6 0.56640625 0.6959635416666666 0.8671875 0.02734375
4 0.255859375 0.8704427083333334 0.46875 0.2591145833333333
0 0.255859375 0.8704427083333334 0.46875 0.2591145833333333
4 0.744140625 0.8704427083333334 0.46875 0.2591145833333333
0 0.744140625 0.8704427083333334 0.46875 0.2591145833333333
3 0.91943359375 0.96484375 0.1611328125 0.0703125