4 0.5 0.09505208333333333 0.173828125 0.07291666666666667
0 0.5 0.09505208333333333 0.173828125 0.07291666666666667
7 0.095703125 0.16276041666666666 0.162109375 0.0390625
6 0.2236328125 0.16276041666666666 0.095703125 0.0390625
6 0.38671875 0.16276041666666666 0.09765625 0.0390625
6 0.5439453125 0.16276041666666666 0.08984375 0.0390625
6 0.720703125 0.16276041666666666 0.119140625 0.0390625
6 0.88427734375 0.16276041666666666 0.1220703125 0.0390625
4 0.3251953125 0.3932291666666667 0.650390625 0.3880208333333333
0 0.3251953125 0.4993489583333333 0.650390625 0.14192708333333334
0 0.82470703125 0.2662760416666667 0.3212890625 0.08723958333333333
0 0.82470703125 0.3951822916666667 0.3212890625 0.05859375
0 0.82470703125 0.5240885416666666 0.3212890625 0.08723958333333333
3 0.5 0.6725260416666666 0.947265625 0.11848958333333333
2 0.125 0.8307291666666666 0.2109375 0.028645833333333332
7 0.125 0.8951822916666666 0.2109375 0.02734375
6 0.10693359375 0.9576822916666666 0.1748046875 0.07161458333333333
7 0.625 0.8313802083333334 0.7109375 0.029947916666666668
4 0.625 0.94140625 0.7109375 0.1171875