0 0.13916015625 0.051432291666666664 0.1220703125 0.032552083333333336
0 0.5185546875 0.051432291666666664 0.0390625 0.032552083333333336
0 0.5986328125 0.051432291666666664 0.07421875 0.032552083333333336
0 0.67724609375 0.051432291666666664 0.0361328125 0.032552083333333336
0 0.7373046875 0.051432291666666664 0.037109375 0.032552083333333336
0 0.853515625 0.052083333333333336 0.13671875 0.052083333333333336
2 0.25830078125 0.3880208333333333 0.3173828125 0.4166666666666667
2 0.2451171875 0.4713541666666667 0.291015625 0.1015625
2 0.28125 0.5546875 0.36328125 0.1015625
7 0.29052734375 0.6744791666666666 0.3818359375 0.07291666666666667
0 0.21044921875 0.8125 0.2021484375 0.08333333333333333
4 0.35986328125 0.8125 0.0283203125 0.036458333333333336
0 0.35986328125 0.8125 0.0595703125 0.078125
4 0.42822265625 0.8125 0.0244140625 0.03125
0 0.42822265625 0.8125 0.0595703125 0.078125
0 0.68994140625 0.3072916666666667 0.1435546875 0.06510416666666667
4 0.6904296875 0.3079427083333333 0.380859375 0.3815104166666667
2 0.5 0.9986979166666666 0.814453125 0.0026041666666666665
7 0.056640625 0.22721354166666666 0.06640625 0.055989583333333336
0 0.0234375 0.236328125 0.046875 0.07421875
4 0.0234375 0.23111979166666666 0.03125 0.04296875
7 0.03076171875 0.2936197916666667 0.0361328125 0.08463541666666667
7 0.02294921875 0.26171875 0.0205078125 0.015625
7 0.0478515625 0.3138020833333333 0.048828125 0.08333333333333333
0 0.0234375 0.3040364583333333 0.046875 0.06380208333333333
4 0.0234375 0.3040364583333333 0.03125 0.04296875
7 0.04296875 0.3763020833333333 0.0390625 0.08333333333333333
0 0.0234375 0.3665364583333333 0.046875 0.06380208333333333
4 0.0234375 0.3665364583333333 0.03125 0.04296875
7 0.04296875 0.4388020833333333 0.0390625 0.08333333333333333
0 0.0234375 0.4290364583333333 0.046875 0.06380208333333333
4 0.0234375 0.4290364583333333 0.03125 0.04296875
7 0.05078125 0.5149739583333334 0.0546875 0.11067708333333333
0 0.0234375 0.4967447916666667 0.046875 0.07421875
4 0.0234375 0.4915364583333333 0.03125 0.04296875
7 0.02978515625 0.5540364583333334 0.0361328125 0.08463541666666667
7 0.02294921875 0.5221354166666666 0.0224609375 0.015625