4 0.05908203125 0.040364583333333336 0.0869140625 0.049479166666666664
0 0.06591796875 0.0390625 0.1005859375 0.078125
7 0.20556640625 0.038411458333333336 0.1005859375 0.01953125
0 0.20556640625 0.0390625 0.1201171875 0.078125
7 0.296875 0.038411458333333336 0.04296875 0.01953125
0 0.296875 0.0390625 0.0625 0.078125
7 0.38818359375 0.038411458333333336 0.1005859375 0.01953125
0 0.38818359375 0.0390625 0.1201171875 0.078125
7 0.4990234375 0.038411458333333336 0.08203125 0.01953125
0 0.4990234375 0.0390625 0.1015625 0.078125
7 0.7802734375 0.11588541666666667 0.044921875 0.020833333333333332
0 0.7802734375 0.11588541666666667 0.068359375 0.057291666666666664
7 0.8095703125 0.19401041666666666 0.1015625 0.020833333333333332
0 0.8095703125 0.19401041666666666 0.126953125 0.059895833333333336
4 0.85546875 0.2747395833333333 0.0234375 0.0234375
0 0.85546875 0.2734375 0.0234375 0.078125
7 0.890625 0.2727864583333333 0.0078125 0.01953125
0 0.890625 0.2734375 0.0078125 0.078125
7 0.83349609375 0.3502604166666667 0.0966796875 0.020833333333333332
0 0.83349609375 0.3502604166666667 0.1220703125 0.059895833333333336
7 0.96484375 0.0390625 0.0390625 0.078125
2 0.5 0.150390625 0.56640625 0.040364583333333336
2 0.5 0.18880208333333334 0.56640625 0.026041666666666668
4 0.423828125 0.2799479166666667 0.0390625 0.052083333333333336
2 0.423828125 0.3294270833333333 0.12109375 0.026041666666666668
4 0.423828125 0.35546875 0.12109375 0.005208333333333333
4 0.576171875 0.2799479166666667 0.0390625 0.052083333333333336
2 0.576171875 0.3294270833333333 0.1015625 0.026041666666666668
1 0.509765625 0.4381510416666667 0.32421875 0.02734375
7 0.3994140625 0.529296875 0.103515625 0.02734375
7 0.3994140625 0.5533854166666666 0.103515625 0.0234375
7 0.6201171875 0.529296875 0.103515625 0.02734375
7 0.6201171875 0.5533854166666666 0.103515625 0.0234375
7 0.37451171875 0.6302083333333334 0.0537109375 0.0234375
7 0.4306640625 0.6549479166666666 0.166015625 0.0234375
7 0.64599609375 0.630859375 0.0712890625 0.032552083333333336
0 0.64599609375 0.6315104166666666 0.1494140625 0.06510416666666667
7 0.51171875 0.8229166666666666 0.13671875 0.020833333333333332
0 0.5 0.8216145833333334 0.17578125 0.046875
4 0.0654296875 0.9609375 0.0390625 0.052083333333333336
7 0.47998046875 0.9498697916666666 0.7607421875 0.032552083333333336
0 0.8046875 0.9609375 0.1953125 0.052083333333333336