4 0.0595703125 0.044270833333333336 0.072265625 0.03125
7 0.111328125 0.041666666666666664 0.01953125 0.052083333333333336
0 0.072265625 0.041666666666666664 0.09765625 0.08333333333333333
0 0.22265625 0.041666666666666664 0.0390625 0.08333333333333333
0 0.326171875 0.041666666666666664 0.099609375 0.08333333333333333
0 0.4404296875 0.041666666666666664 0.060546875 0.08333333333333333
0 0.537109375 0.041666666666666664 0.064453125 0.08333333333333333
0 0.62060546875 0.041666666666666664 0.0341796875 0.08333333333333333
0 0.68603515625 0.041666666666666664 0.0283203125 0.08333333333333333
4 0.931640625 0.9088541666666666 0.05859375 0.078125
4 0.38916015625 0.197265625 0.7783203125 0.39453125
4 0.513671875 0.07877604166666667 0.97265625 0.15755208333333334
4 0.34716796875 0.10416666666666667 0.2607421875 0.17447916666666666
4 0.68212890625 0.08333333333333333 0.2607421875 0.16666666666666666
4 0.95458984375 0.07682291666666667 0.0908203125 0.15364583333333334
4 0.1640625 0.453125 0.26171875 0.17447916666666666
4 0.83740234375 0.4596354166666667 0.2607421875 0.17447916666666666
4 0.52294921875 0.8313802083333334 0.9541015625 0.17578125
4 0.349609375 0.8216145833333334 0.26171875 0.17447916666666666
4 0.68017578125 0.8255208333333334 0.2607421875 0.17447916666666666
4 0.93603515625 0.8177083333333334 0.1279296875 0.17447916666666666