0 0.0908203125 0.035807291666666664 0.16796875 0.045572916666666664
4 0.025390625 0.0390625 0.01953125 0.0234375
0 0.025390625 0.0390625 0.037109375 0.052083333333333336
4 0.09814453125 0.0390625 0.0947265625 0.0390625
0 0.12939453125 0.0390625 0.1572265625 0.06510416666666667
7 0.1552734375 0.033854166666666664 0.017578125 0.018229166666666668
4 0.42138671875 0.048177083333333336 0.0146484375 0.018229166666666668
0 0.42529296875 0.040364583333333336 0.0556640625 0.06510416666666667
7 0.4208984375 0.028645833333333332 0.017578125 0.018229166666666668
7 0.51025390625 0.028645833333333332 0.0947265625 0.018229166666666668
0 0.52587890625 0.040364583333333336 0.1435546875 0.06510416666666667
7 0.51953125 0.046875 0.11328125 0.020833333333333332
7 0.66943359375 0.028645833333333332 0.1240234375 0.018229166666666668
0 0.6650390625 0.040364583333333336 0.1328125 0.06510416666666667
7 0.66943359375 0.05078125 0.1240234375 0.026041666666666668
7 0.7841796875 0.028645833333333332 0.0859375 0.018229166666666668
0 0.77978515625 0.040364583333333336 0.0947265625 0.06510416666666667
7 0.7607421875 0.046875 0.0390625 0.020833333333333332
7 0.92529296875 0.046875 0.1005859375 0.020833333333333332
0 0.91259765625 0.040364583333333336 0.1689453125 0.06510416666666667
4 0.85693359375 0.0390625 0.0380859375 0.033854166666666664
7 0.23583984375 0.039713541666666664 0.0205078125 0.04296875
7 0.37109375 0.039713541666666664 0.021484375 0.02734375
1 0.37109375 0.0390625 0.044921875 0.052083333333333336
1 0.30810546875 0.0390625 0.0830078125 0.049479166666666664
7 0.52587890625 0.11328125 0.1298828125 0.0390625
0 0.52587890625 0.11393229166666667 0.1318359375 0.04296875
7 0.48583984375 0.15625 0.0732421875 0.015625
6 0.56298828125 0.15625 0.0771484375 0.015625
4 0.0234375 0.10416666666666667 0.021484375 0.028645833333333332
0 0.09033203125 0.10481770833333333 0.1591796875 0.05078125
7 0.0751953125 0.09375 0.076171875 0.018229166666666668
7 0.103515625 0.11588541666666667 0.1328125 0.026041666666666668
4 0.8046875 0.103515625 0.390625 0.05078125
0 0.8046875 0.103515625 0.390625 0.05078125
0 0.244140625 0.10286458333333333 0.072265625 0.033854166666666664
0 0.33251953125 0.10286458333333333 0.1005859375 0.033854166666666664
0 0.42724609375 0.10286458333333333 0.0849609375 0.033854166666666664
0 0.26953125 0.16015625 0.123046875 0.033854166666666664
0 0.3681640625 0.16015625 0.0703125 0.033854166666666664
0 0.42626953125 0.16015625 0.0419921875 0.033854166666666664
0 0.505859375 0.16015625 0.11328125 0.033854166666666664
0 0.2939453125 0.21744791666666666 0.171875 0.033854166666666664
0 0.41796875 0.21744791666666666 0.072265625 0.033854166666666664
0 0.50830078125 0.21744791666666666 0.1044921875 0.033854166666666664
0 0.26025390625 0.2747395833333333 0.1044921875 0.033854166666666664
0 0.35498046875 0.2747395833333333 0.0810546875 0.033854166666666664
0 0.43115234375 0.2747395833333333 0.0673828125 0.033854166666666664
0 0.51904296875 0.2747395833333333 0.1044921875 0.033854166666666664
0 0.25830078125 0.33203125 0.1005859375 0.033854166666666664
0 0.34765625 0.33203125 0.07421875 0.033854166666666664
7 0.34765625 0.15950520833333334 0.66015625 0.01953125
6 0.0390625 0.3528645833333333 0.033203125 0.06770833333333333
0 0.0390625 0.3528645833333333 0.078125 0.3255208333333333
6 0.9609375 0.3528645833333333 0.033203125 0.06770833333333333
0 0.9609375 0.3528645833333333 0.078125 0.3255208333333333
7 0.48291015625 0.541015625 0.6962890625 0.01953125
6 0.849609375 0.541015625 0.033203125 0.01953125
2 0.17333984375 0.6360677083333334 0.2685546875 0.03515625
4 0.17333984375 0.8229166666666666 0.2158203125 0.3125
0 0.17333984375 0.8229166666666666 0.2685546875 0.3125
7 0.05029296875 0.9934895833333334 0.0224609375 0.013020833333333334
7 0.06884765625 0.9947916666666666 0.0146484375 0.010416666666666666
7 0.0810546875 0.9947916666666666 0.0078125 0.010416666666666666
7 0.11328125 0.9934895833333334 0.03515625 0.013020833333333334
7 0.13671875 0.9947916666666666 0.013671875 0.010416666666666666
7 0.14892578125 0.9947916666666666 0.0068359375 0.010416666666666666
2 0.5 0.6536458333333334 0.26953125 0.0703125
4 0.5 0.8509114583333334 0.26953125 0.2981770833333333
0 0.5 0.8509114583333334 0.26953125 0.2981770833333333
2 0.8271484375 0.9850260416666666 0.26953125 0.029947916666666668
3 0.82666015625 0.7552083333333334 0.2939453125 0.3255208333333333
7 0.9169921875 0.9296875 0.0859375 0.015625
0 0.923828125 0.9309895833333334 0.099609375 0.018229166666666668
4 0.96630859375 0.9309895833333334 0.0146484375 0.015625