4 0.19970703125 0.07161458333333333 0.1318359375 0.041666666666666664
2 0.14453125 0.16015625 0.021484375 0.018229166666666668
0 0.15478515625 0.15169270833333334 0.0009765625 0.0013020833333333333
2 0.2177734375 0.166015625 0.115234375 0.029947916666666668
7 0.244140625 0.23177083333333334 0.220703125 0.059895833333333336
2 0.390625 0.16015625 0.021484375 0.018229166666666668
0 0.40087890625 0.15169270833333334 0.0009765625 0.0013020833333333333
2 0.43798828125 0.166015625 0.0634765625 0.029947916666666668
7 0.494140625 0.23177083333333334 0.228515625 0.059895833333333336
2 0.6376953125 0.16015625 0.021484375 0.018229166666666668
0 0.64794921875 0.15169270833333334 0.0009765625 0.0013020833333333333
2 0.7275390625 0.166015625 0.1484375 0.029947916666666668
7 0.74365234375 0.23177083333333334 0.2333984375 0.059895833333333336
7 0.20654296875 0.2838541666666667 0.1396484375 0.020833333333333332
1 0.23291015625 0.3059895833333333 0.1923828125 0.026041666666666668
1 0.2373046875 0.33984375 0.201171875 0.028645833333333332
1 0.3515625 0.33203125 0.021484375 0.028645833333333332
7 0.462890625 0.2838541666666667 0.16015625 0.020833333333333332
1 0.4638671875 0.3059895833333333 0.162109375 0.026041666666666668
1 0.4833984375 0.33984375 0.201171875 0.028645833333333332
1 0.59765625 0.33203125 0.021484375 0.028645833333333332
7 0.6962890625 0.2838541666666667 0.1328125 0.020833333333333332
1 0.71630859375 0.3059895833333333 0.1728515625 0.026041666666666668
1 0.73046875 0.33984375 0.201171875 0.028645833333333332
1 0.8447265625 0.33203125 0.021484375 0.028645833333333332
2 0.2529296875 0.4270833333333333 0.23828125 0.03125
4 0.166015625 0.48046875 0.064453125 0.036458333333333336
0 0.19775390625 0.462890625 0.0009765625 0.0013020833333333333
7 0.2431640625 0.4921875 0.21875 0.059895833333333336
6 0.2294921875 0.521484375 0.19140625 0.040364583333333336
7 0.20654296875 0.53125 0.0087890625 0.020833333333333332
2 0.49951171875 0.4270833333333333 0.2392578125 0.03125
4 0.412109375 0.48046875 0.064453125 0.036458333333333336
0 0.44384765625 0.462890625 0.0009765625 0.0013020833333333333
7 0.5224609375 0.482421875 0.158203125 0.040364583333333336
6 0.4765625 0.501953125 0.193359375 0.040364583333333336
7 0.44189453125 0.51171875 0.0087890625 0.020833333333333332
2 0.74658203125 0.4270833333333333 0.2392578125 0.03125
4 0.6591796875 0.48046875 0.064453125 0.036458333333333336
0 0.69091796875 0.462890625 0.0009765625 0.0013020833333333333
7 0.7548828125 0.482421875 0.12890625 0.040364583333333336
6 0.73681640625 0.501953125 0.2197265625 0.040364583333333336
7 0.66015625 0.51171875 0.0078125 0.020833333333333332
7 0.7353515625 0.5703125 0.216796875 0.059895833333333336
6 0.66259765625 0.58984375 0.0615234375 0.020833333333333332
7 0.69677734375 0.58984375 0.0087890625 0.020833333333333332
2 0.14453125 0.6393229166666666 0.021484375 0.018229166666666668
0 0.15478515625 0.630859375 0.0009765625 0.0013020833333333333
2 0.1826171875 0.6451822916666666 0.044921875 0.029947916666666668
7 0.24560546875 0.720703125 0.2236328125 0.07942708333333333
2 0.390625 0.6393229166666666 0.021484375 0.018229166666666668
0 0.40087890625 0.630859375 0.0009765625 0.0013020833333333333
2 0.44091796875 0.6451822916666666 0.0693359375 0.029947916666666668
7 0.49755859375 0.7109375 0.2353515625 0.059895833333333336
7 0.1923828125 0.7825520833333334 0.111328125 0.020833333333333332
1 0.21533203125 0.8046875 0.1572265625 0.026041666666666668
1 0.2373046875 0.8385416666666666 0.201171875 0.028645833333333332
1 0.3515625 0.8307291666666666 0.021484375 0.028645833333333332
7 0.43994140625 0.7825520833333334 0.1142578125 0.020833333333333332
1 0.4794921875 0.8046875 0.193359375 0.026041666666666668
1 0.4833984375 0.8385416666666666 0.201171875 0.028645833333333332
1 0.59765625 0.8307291666666666 0.021484375 0.028645833333333332
2 0.2529296875 0.92578125 0.23828125 0.03125
4 0.166015625 0.9791666666666666 0.064453125 0.036458333333333336
0 0.19775390625 0.9615885416666666 0.0009765625 0.0013020833333333333
7 0.2490234375 0.98046875 0.23046875 0.0390625
2 0.49951171875 0.92578125 0.2392578125 0.03125
4 0.412109375 0.9791666666666666 0.064453125 0.036458333333333336
0 0.44384765625 0.9615885416666666 0.0009765625 0.0013020833333333333
7 0.49755859375 0.98046875 0.2353515625 0.0390625
6 0.46875 1 0.09375 0
7 0.51904296875 1 0.0087890625 0