0 0.0732421875 0.035807291666666664 0.1328125 0.045572916666666664
4 0.025390625 0.0390625 0.01953125 0.0234375
0 0.025390625 0.0390625 0.037109375 0.052083333333333336
4 0.09814453125 0.0390625 0.0947265625 0.0390625
0 0.12939453125 0.0390625 0.1572265625 0.06510416666666667
0 0.14013671875 0.050130208333333336 0.0498046875 0.014322916666666666
4 0.55810546875 0.048177083333333336 0.0146484375 0.018229166666666668
0 0.56201171875 0.040364583333333336 0.0556640625 0.06510416666666667
7 0.5576171875 0.028645833333333332 0.017578125 0.018229166666666668
7 0.63916015625 0.028645833333333332 0.0791015625 0.018229166666666668
0 0.65869140625 0.040364583333333336 0.1357421875 0.06510416666666667
7 0.65234375 0.046875 0.10546875 0.020833333333333332
7 0.76171875 0.028645833333333332 0.05078125 0.018229166666666668
0 0.76611328125 0.040364583333333336 0.0771484375 0.06510416666666667
7 0.7705078125 0.05078125 0.068359375 0.026041666666666668
7 0.84619140625 0.046875 0.0634765625 0.020833333333333332
0 0.85205078125 0.040364583333333336 0.0927734375 0.06510416666666667
7 0.96044921875 0.046875 0.0283203125 0.020833333333333332
0 0.94775390625 0.040364583333333336 0.0966796875 0.06510416666666667
4 0.92822265625 0.0390625 0.0380859375 0.033854166666666664
7 0.232421875 0.039713541666666664 0.013671875 0.04296875
7 0.5078125 0.039713541666666664 0.021484375 0.02734375
1 0.5078125 0.0390625 0.044921875 0.052083333333333336
1 0.373046875 0.0390625 0.2265625 0.049479166666666664
7 0.6591796875 0.11328125 0.109375 0.0390625
0 0.6591796875 0.11393229166666667 0.111328125 0.04296875
7 0.6318359375 0.15625 0.078125 0.015625
6 0.69970703125 0.15625 0.0517578125 0.015625
4 0.0234375 0.10416666666666667 0.021484375 0.028645833333333332
0 0.0947265625 0.10481770833333333 0.16796875 0.05078125
7 0.05615234375 0.09375 0.0380859375 0.018229166666666668
7 0.10791015625 0.11588541666666667 0.1416015625 0.026041666666666668
6 0.82421875 0.1015625 0.046875 0.020833333333333332
0 0.890625 0.10286458333333333 0.1953125 0.033854166666666664
7 0.9140625 0.1015625 0.134765625 0.020833333333333332
0 0.25 0.10286458333333333 0.083984375 0.033854166666666664
0 0.3525390625 0.10286458333333333 0.1171875 0.033854166666666664
0 0.46240234375 0.10286458333333333 0.0986328125 0.033854166666666664
0 0.55126953125 0.10286458333333333 0.0751953125 0.033854166666666664
0 0.63671875 0.10286458333333333 0.091796875 0.033854166666666664
0 0.73193359375 0.10286458333333333 0.0947265625 0.033854166666666664
0 0.24462890625 0.16015625 0.0732421875 0.033854166666666664
0 0.31494140625 0.16015625 0.0634765625 0.033854166666666664
0 0.39892578125 0.16015625 0.1005859375 0.033854166666666664
0 0.4697265625 0.16015625 0.037109375 0.033854166666666664
0 0.5556640625 0.16015625 0.130859375 0.033854166666666664
0 0.65673828125 0.16015625 0.0673828125 0.033854166666666664
0 0.740234375 0.16015625 0.095703125 0.033854166666666664
0 0.259765625 0.21744791666666666 0.103515625 0.033854166666666664
6 0.0390625 0.2916666666666667 0.033203125 0.06770833333333333
0 0.0390625 0.2916666666666667 0.078125 0.3255208333333333
6 0.9609375 0.2916666666666667 0.033203125 0.06770833333333333
0 0.9609375 0.2916666666666667 0.078125 0.3255208333333333
2 0.17333984375 0.515625 0.2685546875 0.0703125
4 0.1728515625 0.744140625 0.26953125 0.3606770833333333
0 0.17333984375 0.744140625 0.2685546875 0.3606770833333333
0 0.17333984375 0.962890625 0.2685546875 0.024739583333333332
2 0.5 0.498046875 0.26953125 0.03515625
4 0.5 0.7265625 0.26953125 0.3958333333333333
0 0.5 0.7265625 0.26953125 0.3958333333333333
0 0.5 0.962890625 0.26953125 0.024739583333333332
2 0.8271484375 0.8671875 0.26953125 0.0703125
0 0.8271484375 0.943359375 0.267578125 0.037760416666666664
0 0.8271484375 0.943359375 0.26953125 0.040364583333333336
3 0.82666015625 0.6171875 0.2939453125 0.3255208333333333
7 0.82666015625 0.79296875 0.2939453125 0.015625