2 0.341796875 0.2565104166666667 0.44921875 0.09375
7 0.341796875 0.32421875 0.44921875 0.03125
0 0.2138671875 0.3815104166666667 0.193359375 0.052083333333333336
4 0.783203125 0.3268229166666667 0.43359375 0.4270833333333333
7 0.56640625 0.6432291666666666 0.32421875 0.0234375
4 0.18896484375 0.796875 0.1474609375 0.16666666666666666
7 0.18896484375 0.92578125 0.2548828125 0.0234375
7 0.18896484375 0.9661458333333334 0.2548828125 0.057291666666666664
4 0.56591796875 0.7975260416666666 0.1259765625 0.16796875
7 0.56591796875 0.9270833333333334 0.2548828125 0.0234375
7 0.56591796875 0.9674479166666666 0.2548828125 0.057291666666666664
4 0.9404296875 0.796875 0.119140625 0.16666666666666666
7 0.908203125 0.92578125 0.18359375 0.0234375
7 0.908203125 0.9661458333333334 0.18359375 0.057291666666666664