0 0.10400390625 0.01953125 0.0810546875 0.0390625
7 0.19921875 0.01953125 0.046875 0.0234375
0 0.2041015625 0.01953125 0.099609375 0.0390625
7 0.3466796875 0.01953125 0.12109375 0.0234375
0 0.3515625 0.01953125 0.173828125 0.0390625
7 0.52783203125 0.01953125 0.1162109375 0.0234375
0 0.53271484375 0.01953125 0.1689453125 0.0390625
7 0.6767578125 0.01953125 0.0546875 0.0234375
0 0.681640625 0.01953125 0.107421875 0.0390625
7 0.8076171875 0.01953125 0.08203125 0.0234375
0 0.8125 0.01953125 0.134765625 0.0390625
0 0.91943359375 0.01953125 0.0576171875 0.0390625
4 0.11279296875 0.21809895833333334 0.1123046875 0.14973958333333334
0 0.11279296875 0.21809895833333334 0.1123046875 0.14973958333333334
4 0.5 0.19466145833333334 0.4296875 0.23307291666666666
2 0.5 0.3776041666666667 0.603515625 0.028645833333333332
7 0.25341796875 0.46484375 0.0615234375 0.0234375
0 0.25830078125 0.46484375 0.1142578125 0.0390625
7 0.365234375 0.46484375 0.05078125 0.0234375
0 0.3701171875 0.46484375 0.103515625 0.0390625
7 0.48974609375 0.46484375 0.0869140625 0.0234375
0 0.49462890625 0.46484375 0.1396484375 0.0390625
7 0.6162109375 0.46484375 0.0546875 0.0234375
0 0.62109375 0.46484375 0.107421875 0.0390625
7 0.7333984375 0.46484375 0.068359375 0.0234375
0 0.73828125 0.46484375 0.12109375 0.0390625
4 0.88232421875 0.224609375 0.1220703125 0.16276041666666666
0 0.88232421875 0.224609375 0.1220703125 0.16276041666666666
2 0.26318359375 0.60546875 0.4443359375 0.0703125
7 0.28271484375 0.6666666666666666 0.4052734375 0.026041666666666668
7 0.28271484375 0.6927083333333334 0.4052734375 0.026041666666666668
7 0.28271484375 0.71875 0.4052734375 0.026041666666666668
7 0.28271484375 0.7447916666666666 0.4052734375 0.026041666666666668
7 0.28271484375 0.7708333333333334 0.4052734375 0.026041666666666668
7 0.28271484375 0.796875 0.4052734375 0.026041666666666668
7 0.28271484375 0.8359375 0.4052734375 0.026041666666666668
7 0.28271484375 0.8619791666666666 0.4052734375 0.026041666666666668
7 0.28271484375 0.8880208333333334 0.4052734375 0.026041666666666668
6 0.26318359375 0.953125 0.4443359375 0.07552083333333333
7 0.7392578125 0.6158854166666666 0.400390625 0.06510416666666667
7 0.59130859375 0.6744791666666666 0.0537109375 0.0234375
7 0.7744140625 0.6875 0.314453125 0.049479166666666664
0 0.53515625 0.6484375 0.041015625 0.078125
0 0.9384765625 0.6484375 0.041015625 0.078125
4 0.71923828125 0.7395833333333334 0.0107421875 0.013020833333333334
4 0.73681640625 0.7395833333333334 0.0107421875 0.013020833333333334
4 0.75439453125 0.7395833333333334 0.0107421875 0.013020833333333334
3 0.73681640625 0.8893229166666666 0.4443359375 0.22135416666666666