4 0.06494140625 0.040364583333333336 0.0283203125 0.033854166666666664
0 0.14599609375 0.037760416666666664 0.0517578125 0.07552083333333333
0 0.23388671875 0.037760416666666664 0.0693359375 0.07552083333333333
0 0.326171875 0.037760416666666664 0.060546875 0.07552083333333333
0 0.4111328125 0.037760416666666664 0.0546875 0.07552083333333333
7 0.51416015625 0.04296875 0.0849609375 0.020833333333333332
0 0.5205078125 0.036458333333333336 0.109375 0.07291666666666667
0 0.64111328125 0.037760416666666664 0.0771484375 0.07552083333333333
0 0.74072265625 0.037760416666666664 0.0673828125 0.07552083333333333
0 0.8291015625 0.037760416666666664 0.0546875 0.07552083333333333
7 0.93505859375 0.044270833333333336 0.0146484375 0.026041666666666668
7 0.5 0.09114583333333333 1 0.03125
3 0.5 0.26953125 0.947265625 0.3255208333333333
2 0.30712890625 0.474609375 0.5439453125 0.01953125
4 0.30712890625 0.6861979166666666 0.4912109375 0.3645833333333333
0 0.30712890625 0.6861979166666666 0.5439453125 0.3645833333333333
2 0.25634765625 0.9309895833333334 0.4423828125 0.1015625
2 0.78173828125 0.474609375 0.3857421875 0.01953125
4 0.66943359375 0.5553385416666666 0.1298828125 0.10286458333333333
0 0.66943359375 0.5553385416666666 0.1513671875 0.10286458333333333
2 0.8544921875 0.5481770833333334 0.201171875 0.0859375
4 0.66943359375 0.705078125 0.1396484375 0.10286458333333333
0 0.66943359375 0.705078125 0.1513671875 0.10286458333333333
2 0.8603515625 0.6979166666666666 0.212890625 0.0859375
4 0.6689453125 0.8548177083333334 0.140625 0.10286458333333333
0 0.66943359375 0.8548177083333334 0.1513671875 0.10286458333333333
2 0.86083984375 0.84765625 0.2138671875 0.0859375
4 0.66943359375 0.9765625 0.1396484375 0.046875
0 0.66943359375 0.9765625 0.1513671875 0.046875
2 0.859375 0.9772135416666666 0.2109375 0.045572916666666664