0 0.029296875 0.028645833333333332 0.03515625 0.057291666666666664
0 0.12451171875 0.028645833333333332 0.0458984375 0.057291666666666664
0 0.224609375 0.028645833333333332 0.046875 0.057291666666666664
0 0.33349609375 0.028645833333333332 0.0634765625 0.057291666666666664
0 0.44873046875 0.028645833333333332 0.0595703125 0.057291666666666664
0 0.55126953125 0.028645833333333332 0.0380859375 0.057291666666666664
0 0.65234375 0.028645833333333332 0.056640625 0.057291666666666664
0 0.77001953125 0.028645833333333332 0.0712890625 0.057291666666666664
4 0.87841796875 0.028645833333333332 0.0380859375 0.057291666666666664
0 0.9697265625 0.028645833333333332 0.037109375 0.057291666666666664
6 0.06787109375 0.09114583333333333 0.0927734375 0.03125
7 0.7978515625 0.09114583333333333 0.052734375 0.028645833333333332
0 0.91259765625 0.09114583333333333 0.1318359375 0.028645833333333332
4 0.5 0.2747395833333333 0.087890625 0.1171875
2 0.49951171875 0.4140625 0.2392578125 0.09114583333333333
2 0.49951171875 0.4986979166666667 0.5458984375 0.09114583333333333
2 0.49951171875 0.6256510416666666 0.4775390625 0.17578125
4 0.5 0.9140625 0.650390625 0.171875