4 0.091796875 0.024739583333333332 0.150390625 0.041666666666666664
0 0.22265625 0.026041666666666668 0.091796875 0.052083333333333336
7 0.29736328125 0.025390625 0.0439453125 0.01953125
0 0.30419921875 0.026041666666666668 0.0732421875 0.052083333333333336
4 0.32763671875 0.02734375 0.0107421875 0.0078125
6 0.39013671875 0.025390625 0.0849609375 0.01953125
0 0.39013671875 0.026041666666666668 0.1005859375 0.052083333333333336
7 0.52734375 0.0234375 0.056640625 0.015625
1 0.60693359375 0.024739583333333332 0.1044921875 0.028645833333333332
7 0.6884765625 0.0234375 0.060546875 0.015625
1 0.76904296875 0.024739583333333332 0.1044921875 0.028645833333333332
1 0.8330078125 0.024739583333333332 0.013671875 0.018229166666666668
7 0.87939453125 0.0234375 0.0810546875 0.015625
0 0.95166015625 0.022786458333333332 0.0654296875 0.032552083333333336
2 0.30908203125 0.09114583333333333 0.4638671875 0.03125
2 0.30908203125 0.13151041666666666 0.3974609375 0.03125
4 0.306640625 0.3404947916666667 0.580078125 0.36328125
2 0.08154296875 0.5540364583333334 0.1064453125 0.022135416666666668
2 0.1044921875 0.5826822916666666 0.15234375 0.022135416666666668
2 0.294921875 0.5540364583333334 0.138671875 0.022135416666666668
2 0.29638671875 0.5826822916666666 0.1416015625 0.022135416666666668
2 0.498046875 0.5540364583333334 0.150390625 0.022135416666666668
2 0.498046875 0.5826822916666666 0.150390625 0.022135416666666668
7 0.8017578125 0.09765625 0.36328125 0.052083333333333336
7 0.8017578125 0.14713541666666666 0.36328125 0.046875
7 0.7236328125 0.18033854166666666 0.06640625 0.01953125
7 0.6884765625 0.19856770833333334 0.13671875 0.014322916666666666
1 0.861328125 0.189453125 0.189453125 0.032552083333333336
7 0.72509765625 0.228515625 0.0654296875 0.01953125
7 0.6884765625 0.24674479166666666 0.13671875 0.014322916666666666
1 0.861328125 0.23763020833333334 0.189453125 0.032552083333333336
7 0.740234375 0.2766927083333333 0.03515625 0.01953125
7 0.6884765625 0.294921875 0.13671875 0.014322916666666666
1 0.861328125 0.2858072916666667 0.189453125 0.032552083333333336
7 0.7265625 0.3248697916666667 0.0625 0.01953125
7 0.6884765625 0.3430989583333333 0.13671875 0.014322916666666666
1 0.861328125 0.333984375 0.189453125 0.032552083333333336
7 0.71240234375 0.373046875 0.0908203125 0.01953125
7 0.6884765625 0.3912760416666667 0.13671875 0.014322916666666666
1 0.861328125 0.3821614583333333 0.189453125 0.032552083333333336
3 0.8173828125 0.4622395833333333 0.296875 0.1015625
4 0.78515625 0.52734375 0.015625 0.020833333333333332
0 0.81201171875 0.52734375 0.0908203125 0.033854166666666664
7 0.82177734375 0.5266927083333334 0.0478515625 0.01953125
7 0.8203125 0.5546875 0.107421875 0.015625
6 0.89111328125 0.5546875 0.0341796875 0.015625
4 0.861328125 0.5944010416666666 0.189453125 0.032552083333333336
7 0.08984375 0.6549479166666666 0.146484375 0.020833333333333332
4 0.0517578125 0.7278645833333334 0.05859375 0.078125
0 0.0849609375 0.6861979166666666 0 0
4 0.1201171875 0.7278645833333334 0.05859375 0.078125
0 0.1533203125 0.6861979166666666 0 0
4 0.1884765625 0.7278645833333334 0.05859375 0.078125
0 0.2216796875 0.6861979166666666 0 0
4 0.2568359375 0.7278645833333334 0.05859375 0.078125
0 0.2900390625 0.6861979166666666 0 0
4 0.3251953125 0.7278645833333334 0.05859375 0.078125
0 0.3583984375 0.6861979166666666 0 0
4 0.3935546875 0.7278645833333334 0.05859375 0.078125
0 0.4267578125 0.6861979166666666 0 0
4 0.4619140625 0.7278645833333334 0.05859375 0.078125
0 0.4951171875 0.6861979166666666 0 0
4 0.5302734375 0.7278645833333334 0.05859375 0.078125
0 0.5634765625 0.6861979166666666 0 0
4 0.5986328125 0.7278645833333334 0.05859375 0.078125
0 0.6318359375 0.6861979166666666 0 0
4 0.6669921875 0.7278645833333334 0.05859375 0.078125
0 0.7001953125 0.6861979166666666 0 0
4 0.7353515625 0.7278645833333334 0.05859375 0.078125
0 0.7685546875 0.6861979166666666 0 0
4 0.8037109375 0.7278645833333334 0.05859375 0.078125
0 0.8369140625 0.6861979166666666 0 0
4 0.8720703125 0.7278645833333334 0.05859375 0.078125
0 0.9052734375 0.6861979166666666 0 0
4 0.9404296875 0.7278645833333334 0.05859375 0.078125
0 0.9736328125 0.6861979166666666 0 0
4 0.0517578125 0.8190104166666666 0.05859375 0.078125
0 0.0849609375 0.77734375 0 0
4 0.1201171875 0.8190104166666666 0.05859375 0.078125
0 0.1533203125 0.77734375 0 0
4 0.1884765625 0.8190104166666666 0.05859375 0.078125
0 0.2216796875 0.77734375 0 0
4 0.2568359375 0.8190104166666666 0.05859375 0.078125
0 0.2900390625 0.77734375 0 0
4 0.3251953125 0.8190104166666666 0.05859375 0.078125
0 0.3583984375 0.77734375 0 0
4 0.3935546875 0.8190104166666666 0.05859375 0.078125
0 0.4267578125 0.77734375 0 0
4 0.4619140625 0.8190104166666666 0.05859375 0.078125
0 0.4951171875 0.77734375 0 0
4 0.5302734375 0.8190104166666666 0.05859375 0.078125
0 0.5634765625 0.77734375 0 0
4 0.5986328125 0.8190104166666666 0.05859375 0.078125
0 0.6318359375 0.77734375 0 0
4 0.6669921875 0.8190104166666666 0.05859375 0.078125
0 0.7001953125 0.77734375 0 0
4 0.7353515625 0.8190104166666666 0.05859375 0.078125
0 0.7685546875 0.77734375 0 0
4 0.8037109375 0.8190104166666666 0.05859375 0.078125
0 0.8369140625 0.77734375 0 0
4 0.8720703125 0.8190104166666666 0.05859375 0.078125
0 0.9052734375 0.77734375 0 0
4 0.9404296875 0.8190104166666666 0.05859375 0.078125
0 0.9736328125 0.77734375 0 0
7 0.056640625 0.8977864583333334 0.080078125 0.01953125
7 0.1904296875 0.8977864583333334 0.189453125 0.01953125
7 0.54150390625 0.8977864583333334 0.5126953125 0.01953125
7 0.85009765625 0.8977864583333334 0.1083984375 0.01953125
7 0.49267578125 0.908203125 0.9521484375 0.040364583333333336
7 0.39111328125 0.9186197916666666 0.1669921875 0.01953125
7 0.48974609375 0.9290364583333334 0.9462890625 0.040364583333333336
7 0.49462890625 0.9856770833333334 0.9560546875 0.028645833333333332
6 0.60302734375 0.99609375 0.0634765625 0.0078125