0 0.25 0.036458333333333336 0.5 0.07291666666666667
0 0.75 0.036458333333333336 0.5 0.07291666666666667
0 0.048828125 0.036458333333333336 0.05859375 0.07291666666666667
7 0.22705078125 0.036458333333333336 0.0791015625 0.07291666666666667
0 0.17822265625 0.036458333333333336 0.2001953125 0.07291666666666667
7 0.34375 0.036458333333333336 0.107421875 0.07291666666666667
0 0.34375 0.036458333333333336 0.130859375 0.07291666666666667
0 0.4453125 0.036458333333333336 0.072265625 0.07291666666666667
7 0.93359375 0.036458333333333336 0.021484375 0.028645833333333332
0 0.94580078125 0.036458333333333336 0.0693359375 0.07291666666666667
4 0.6162109375 0.3880208333333333 0.65234375 0.6302083333333334
4 0.0341796875 0.255859375 0.048828125 0.19661458333333334
2 0.1748046875 0.216796875 0.232421875 0.11588541666666667
2 0.1748046875 0.3131510416666667 0.232421875 0.07942708333333333
7 0.0859375 0.3821614583333333 0.0546875 0.03515625
2 0.1748046875 0.4837239583333333 0.232421875 0.13151041666666666
7 0.1142578125 0.5924479166666666 0.0390625 0.0234375
0 0.103515625 0.5924479166666666 0.08984375 0.049479166666666664
2 0.1806640625 0.72265625 0.244140625 0.0390625
4 0.18798828125 0.8580729166666666 0.2587890625 0.19270833333333334
0 0.19287109375 0.880859375 0.2685546875 0.23828125
7 0.28271484375 0.9244791666666666 0.0498046875 0.033854166666666664
2 0.18798828125 0.98046875 0.2587890625 0.026041666666666668
2 0.18798828125 0.9967447916666666 0.2587890625 0.006510416666666667
4 0.48095703125 0.8580729166666666 0.2587890625 0.19270833333333334
0 0.48583984375 0.880859375 0.2685546875 0.23828125
7 0.5732421875 0.9244791666666666 0.0546875 0.033854166666666664
2 0.48095703125 0.98046875 0.2587890625 0.026041666666666668
4 0.77392578125 0.8580729166666666 0.2587890625 0.19270833333333334
0 0.77880859375 0.880859375 0.2685546875 0.23828125
7 0.8662109375 0.9244791666666666 0.0546875 0.033854166666666664
2 0.77392578125 0.9837239583333334 0.2587890625 0.032552083333333336
4 0.96875 0.8580729166666666 0.0625 0.19270833333333334
0 0.96875 0.880859375 0.0625 0.23828125
2 0.96875 0.98046875 0.0625 0.026041666666666668
7 0.392578125 0.9036458333333334 0.765625 0.057291666666666664
6 0.037109375 0.9505208333333334 0.0546875 0.026041666666666668
7 0.142578125 0.9505208333333334 0.15625 0.026041666666666668
0 0.955078125 0.9296875 0.05078125 0.028645833333333332