2 0.1845703125 0.08072916666666667 0.26953125 0.0390625
0 0.62841796875 0.08072916666666667 0.0380859375 0.08072916666666667
0 0.7158203125 0.08072916666666667 0.05859375 0.08072916666666667
0 0.8017578125 0.08072916666666667 0.03515625 0.08072916666666667
0 0.90380859375 0.08072916666666667 0.0908203125 0.08072916666666667
2 0.13427734375 0.22135416666666666 0.1689453125 0.09895833333333333
2 0.54931640625 0.22135416666666666 0.6630859375 0.09895833333333333
2 0.14453125 0.3151041666666667 0.189453125 0.09895833333333333
2 0.427734375 0.3151041666666667 0.376953125 0.09895833333333333
2 0.13427734375 0.4368489583333333 0.1669921875 0.040364583333333336
7 0.12109375 0.4733072916666667 0.140625 0.032552083333333336
7 0.154296875 0.5045572916666666 0.20703125 0.032552083333333336
7 0.12255859375 0.5358072916666666 0.1435546875 0.032552083333333336
2 0.3916015625 0.4368489583333333 0.083984375 0.040364583333333336
7 0.4228515625 0.4733072916666667 0.146484375 0.032552083333333336
7 0.44091796875 0.5045572916666666 0.1826171875 0.032552083333333336
7 0.41162109375 0.5358072916666666 0.1240234375 0.032552083333333336
2 0.73095703125 0.4368489583333333 0.1630859375 0.040364583333333336
7 0.71826171875 0.4733072916666667 0.1376953125 0.032552083333333336
7 0.73583984375 0.5045572916666666 0.1728515625 0.032552083333333336
7 0.72265625 0.5358072916666666 0.146484375 0.032552083333333336
2 0.0908203125 0.6022135416666666 0.080078125 0.040364583333333336
7 0.15087890625 0.638671875 0.2001953125 0.032552083333333336
7 0.1572265625 0.669921875 0.212890625 0.032552083333333336
7 0.109375 0.701171875 0.1171875 0.032552083333333336
2 0.390625 0.6022135416666666 0.08203125 0.040364583333333336
7 0.4453125 0.638671875 0.19140625 0.032552083333333336
7 0.43896484375 0.669921875 0.1787109375 0.032552083333333336
7 0.41796875 0.701171875 0.13671875 0.032552083333333336
2 0.7080078125 0.6022135416666666 0.1171875 0.040364583333333336
7 0.736328125 0.638671875 0.173828125 0.032552083333333336
7 0.74560546875 0.669921875 0.1923828125 0.032552083333333336
7 0.7119140625 0.701171875 0.125 0.032552083333333336
2 0.0966796875 0.767578125 0.091796875 0.040364583333333336
7 0.130859375 0.8040364583333334 0.16015625 0.032552083333333336
7 0.12451171875 0.8352864583333334 0.1474609375 0.032552083333333336
7 0.11865234375 0.8665364583333334 0.1357421875 0.032552083333333336
2 0.40673828125 0.767578125 0.1142578125 0.040364583333333336
7 0.41357421875 0.8040364583333334 0.1279296875 0.032552083333333336
7 0.4306640625 0.8352864583333334 0.162109375 0.032552083333333336
7 0.41552734375 0.8665364583333334 0.1318359375 0.032552083333333336
2 0.71142578125 0.767578125 0.1240234375 0.040364583333333336
7 0.70849609375 0.8040364583333334 0.1181640625 0.032552083333333336
7 0.76171875 0.8352864583333334 0.224609375 0.032552083333333336
7 0.70703125 0.8665364583333334 0.115234375 0.032552083333333336
2 0.11865234375 0.9329427083333334 0.1357421875 0.040364583333333336
7 0.10693359375 0.9694010416666666 0.1123046875 0.032552083333333336
7 0.1630859375 0.9921875 0.224609375 0.015625
2 0.4169921875 0.9329427083333334 0.134765625 0.040364583333333336
7 0.41259765625 0.9694010416666666 0.1259765625 0.032552083333333336
7 0.4404296875 0.9921875 0.181640625 0.015625
2 0.6982421875 0.9329427083333334 0.09765625 0.040364583333333336
7 0.70556640625 0.9694010416666666 0.1123046875 0.032552083333333336
7 0.73779296875 0.9921875 0.1767578125 0.015625
4 0.970703125 0.9635416666666666 0.0234375 0.03125