4 0.087890625 0.034505208333333336 0.13671875 0.029947916666666668
4 0.76123046875 0.03515625 0.0205078125 0.028645833333333332
0 0.76123046875 0.033854166666666664 0.0439453125 0.06770833333333333
7 0.759765625 0.02734375 0.041015625 0.03125
4 0.80517578125 0.03515625 0.0205078125 0.028645833333333332
0 0.80517578125 0.033854166666666664 0.0439453125 0.06770833333333333
7 0.865234375 0.033854166666666664 0.052734375 0.06770833333333333
0 0.865234375 0.033854166666666664 0.076171875 0.06770833333333333
4 0.92529296875 0.03515625 0.0205078125 0.028645833333333332
0 0.92529296875 0.033854166666666664 0.0439453125 0.06770833333333333
0 0.97314453125 0.033854166666666664 0.0517578125 0.06770833333333333
4 0.5 0.3815104166666667 1 0.625
4 0.029296875 0.14713541666666666 0.01171875 0.015625
4 0.056640625 0.14713541666666666 0.01171875 0.015625
7 0.1396484375 0.146484375 0.130859375 0.024739583333333332
2 0.2353515625 0.24869791666666666 0.431640625 0.08854166666666667
7 0.2353515625 0.3697916666666667 0.431640625 0.13020833333333334
7 0.166015625 0.470703125 0.29296875 0.029947916666666668
4 0.0400390625 0.7786458333333334 0.041015625 0.0546875
0 0.16552734375 0.7786458333333334 0.2919921875 0.0546875
7 0.15380859375 0.763671875 0.1669921875 0.029947916666666668
7 0.18408203125 0.7766927083333334 0.2275390625 0.055989583333333336
4 0.38330078125 0.7786458333333334 0.0419921875 0.0546875
0 0.50830078125 0.7786458333333334 0.2919921875 0.0546875
7 0.4697265625 0.763671875 0.111328125 0.029947916666666668
7 0.50439453125 0.7766927083333334 0.1806640625 0.055989583333333336
4 0.70654296875 0.7786458333333334 0.0419921875 0.0546875
0 0.83154296875 0.7786458333333334 0.2919921875 0.0546875
7 0.8544921875 0.7786458333333334 0.24609375 0.0546875
7 0.49609375 0.8912760416666666 0.953125 0.02734375
4 0.02734375 0.9231770833333334 0.015625 0.020833333333333332
0 0.49609375 0.9231770833333334 0.953125 0.020833333333333332
7 0.111328125 0.9225260416666666 0.1328125 0.029947916666666668
7 0.982421875 0.4466145833333333 0.03515625 0.046875
3 0.9462890625 0.9283854166666666 0.087890625 0.1171875