4 0.0927734375 0.041666666666666664 0.15625 0.041666666666666664
0 0.078125 0.041666666666666664 0.126953125 0.041666666666666664
0 0.49560546875 0.041666666666666664 0.1083984375 0.08333333333333333
0 0.5966796875 0.041666666666666664 0.09375 0.08333333333333333
0 0.6806640625 0.041666666666666664 0.07421875 0.08333333333333333
0 0.76416015625 0.041666666666666664 0.0927734375 0.08333333333333333
0 0.861328125 0.04296875 0.08984375 0.052083333333333336
2 0.314453125 0.3828125 0.50390625 0.390625
2 0.314453125 0.6575520833333334 0.50390625 0.1171875
0 0.1806640625 0.796875 0.236328125 0.078125
4 0.78955078125 0.5416666666666666 0.4208984375 0.4114583333333333
3 0.958984375 0.9453125 0.08203125 0.109375