2 0.08203125 0.048177083333333336 0.134765625 0.028645833333333332
2 0.1337890625 0.095703125 0.23828125 0.022135416666666668
2 0.3115234375 0.095703125 0.119140625 0.022135416666666668
2 0.45263671875 0.095703125 0.1650390625 0.022135416666666668
1 0.83984375 0.045572916666666664 0.291015625 0.049479166666666664
4 0.9658203125 0.045572916666666664 0.015625 0.020833333333333332
0 0.96533203125 0.045572916666666664 0.0166015625 0.020833333333333332
7 0.9775390625 0.06966145833333333 0.041015625 0.01953125
6 0.89599609375 0.09635416666666667 0.0498046875 0.020833333333333332
6 0.966796875 0.09635416666666667 0.037109375 0.020833333333333332
4 0.3701171875 0.38671875 0.740234375 0.5
2 0.36767578125 0.4309895833333333 0.7060546875 0.09635416666666667
0 0.5 0.509765625 1 0.25390625
6 0.36767578125 0.5169270833333334 0.7060546875 0.049479166666666664
7 0.05810546875 0.5950520833333334 0.0576171875 0.018229166666666668
4 0.87060546875 0.21940104166666666 0.2587890625 0.16536458333333334
2 0.87060546875 0.23502604166666666 0.2353515625 0.045572916666666664
0 0.87060546875 0.21940104166666666 0.2587890625 0.16536458333333334
2 0.87646484375 0.2727864583333333 0.2470703125 0.016927083333333332
4 0.87060546875 0.38671875 0.2587890625 0.16666666666666666
2 0.87060546875 0.4029947916666667 0.2353515625 0.045572916666666664
0 0.87060546875 0.38671875 0.2587890625 0.16666666666666666
2 0.87646484375 0.4407552083333333 0.2470703125 0.016927083333333332
4 0.87060546875 0.5546875 0.2587890625 0.16666666666666666
2 0.87060546875 0.55078125 0.2353515625 0.0234375
0 0.87060546875 0.5546875 0.2587890625 0.16666666666666666
2 0.87646484375 0.5930989583333334 0.2470703125 0.048177083333333336
4 0.03955078125 0.703125 0.0498046875 0.026041666666666668
2 0.20703125 0.69921875 0.177734375 0.026041666666666668
2 0.345703125 0.69921875 0.1015625 0.026041666666666668
2 0.4638671875 0.69921875 0.13671875 0.026041666666666668
2 0.5537109375 0.69921875 0.044921875 0.026041666666666668
2 0.62939453125 0.69921875 0.1064453125 0.026041666666666668
2 0.78173828125 0.69921875 0.2001953125 0.026041666666666668
4 0.96044921875 0.703125 0.0498046875 0.026041666666666668
2 0.0859375 0.7682291666666666 0.142578125 0.020833333333333332
4 0.0712890625 0.8776041666666666 0.111328125 0.1484375
0 0.0712890625 0.9016927083333334 0.111328125 0.19661458333333334
2 0.04248046875 0.974609375 0.0537109375 0.016927083333333332
2 0.103515625 0.974609375 0.0703125 0.016927083333333332
2 0.0712890625 0.9928385416666666 0.111328125 0.014322916666666666
4 0.1943359375 0.8776041666666666 0.111328125 0.1484375
0 0.1943359375 0.9016927083333334 0.111328125 0.19661458333333334
2 0.17626953125 0.974609375 0.0751953125 0.016927083333333332
2 0.1943359375 0.9928385416666666 0.111328125 0.014322916666666666
4 0.31640625 0.8958333333333334 0.111328125 0.11197916666666667
0 0.31640625 0.9016927083333334 0.111328125 0.19661458333333334
2 0.30078125 0.974609375 0.080078125 0.016927083333333332
2 0.41357421875 0.974609375 0.1455078125 0.016927083333333332
2 0.31640625 0.9928385416666666 0.111328125 0.014322916666666666
4 0.439453125 0.8776041666666666 0.111328125 0.1484375
0 0.439453125 0.9016927083333334 0.111328125 0.19661458333333334
2 0.4833984375 0.974609375 0.19921875 0.016927083333333332
2 0.439453125 0.9928385416666666 0.111328125 0.014322916666666666
4 0.5625 0.8776041666666666 0.111328125 0.1484375
0 0.5625 0.9016927083333334 0.111328125 0.19661458333333334
2 0.54150390625 0.974609375 0.0693359375 0.016927083333333332
2 0.6357421875 0.974609375 0.12109375 0.016927083333333332
2 0.5625 0.9928385416666666 0.111328125 0.014322916666666666
4 0.68505859375 0.8958333333333334 0.1123046875 0.11197916666666667
0 0.68505859375 0.9016927083333334 0.1123046875 0.19661458333333334
2 0.72314453125 0.974609375 0.1884765625 0.016927083333333332
2 0.84765625 0.974609375 0.060546875 0.016927083333333332
2 0.68505859375 0.9928385416666666 0.1123046875 0.014322916666666666
4 0.8076171875 0.8776041666666666 0.111328125 0.1484375
0 0.8076171875 0.9016927083333334 0.111328125 0.19661458333333334
2 0.84765625 0.974609375 0.19140625 0.016927083333333332
2 0.8076171875 0.9928385416666666 0.111328125 0.014322916666666666
4 0.9306640625 0.8958333333333334 0.111328125 0.11197916666666667
0 0.9306640625 0.9016927083333334 0.111328125 0.19661458333333334
2 0.9375 0.974609375 0.125 0.016927083333333332
2 0.9306640625 0.9928385416666666 0.111328125 0.014322916666666666
4 0.9990234375 0.8776041666666666 0.001953125 0.1484375
0 0.9990234375 0.9016927083333334 0.001953125 0.19661458333333334
2 0.9990234375 0.974609375 0.001953125 0.016927083333333332
2 0.9990234375 0.9928385416666666 0.001953125 0.014322916666666666