4 0.10986328125 0.0390625 0.0830078125 0.06510416666666667
0 0.10986328125 0.0390625 0.1025390625 0.052083333333333336
4 0.9599609375 0.036458333333333336 0.015625 0.020833333333333332
0 0.9599609375 0.0390625 0.03125 0.046875
4 0.0341796875 0.0390625 0.03515625 0.020833333333333332
0 0.0341796875 0.0390625 0.068359375 0.078125
4 0.05224609375 0.13346354166666666 0.1044921875 0.08463541666666667
0 0.05224609375 0.166015625 0.1044921875 0.022135416666666668
4 0.05224609375 0.13346354166666666 0.1044921875 0.08463541666666667
2 0.03759765625 0.13346354166666666 0.0751953125 0.024739583333333332
4 0.18701171875 0.13346354166666666 0.1474609375 0.08463541666666667
0 0.18701171875 0.166015625 0.1474609375 0.022135416666666668
4 0.18701171875 0.13346354166666666 0.1474609375 0.08463541666666667
2 0.18701171875 0.13346354166666666 0.0888671875 0.024739583333333332
4 0.34326171875 0.13346354166666666 0.1474609375 0.08463541666666667
0 0.34326171875 0.166015625 0.1474609375 0.022135416666666668
4 0.34326171875 0.13346354166666666 0.1474609375 0.08463541666666667
2 0.34326171875 0.13346354166666666 0.0947265625 0.024739583333333332
4 0.49951171875 0.13346354166666666 0.1474609375 0.08463541666666667
0 0.49951171875 0.166015625 0.1474609375 0.022135416666666668
4 0.49951171875 0.13346354166666666 0.1474609375 0.08463541666666667
4 0.49951171875 0.13346354166666666 0.1474609375 0.08463541666666667
2 0.49951171875 0.13346354166666666 0.1181640625 0.048177083333333336
4 0.65576171875 0.13346354166666666 0.1474609375 0.08463541666666667
0 0.65576171875 0.166015625 0.1474609375 0.022135416666666668
4 0.65576171875 0.13346354166666666 0.1474609375 0.08463541666666667
2 0.65576171875 0.13346354166666666 0.1181640625 0.048177083333333336
4 0.81201171875 0.13346354166666666 0.1474609375 0.08463541666666667
0 0.81201171875 0.166015625 0.1474609375 0.022135416666666668
4 0.81201171875 0.13346354166666666 0.1474609375 0.08463541666666667
2 0.81201171875 0.13346354166666666 0.1123046875 0.024739583333333332
4 0.947265625 0.13346354166666666 0.10546875 0.08463541666666667
0 0.947265625 0.166015625 0.10546875 0.022135416666666668
4 0.947265625 0.13346354166666666 0.10546875 0.08463541666666667
2 0.9599609375 0.13346354166666666 0.080078125 0.024739583333333332
4 0.90283203125 0.13346354166666666 0.0107421875 0.024739583333333332
4 0.0283203125 0.13346354166666666 0.01171875 0.024739583333333332
4 0.9609375 0.13736979166666666 0.021484375 0.01171875
2 0.5 0.2825520833333333 0.529296875 0.08333333333333333
2 0.5 0.361328125 0.529296875 0.037760416666666664
4 0.17578125 0.6165364583333334 0.3046875 0.3190104166666667
4 0.17578125 0.6165364583333334 0.3046875 0.3190104166666667
0 0.16845703125 0.7337239583333334 0.2607421875 0.055989583333333336
4 0.033203125 0.8014322916666666 0.01953125 0.02734375
6 0.10400390625 0.8001302083333334 0.1123046875 0.024739583333333332
4 0.2470703125 0.798828125 0.015625 0.022135416666666668
7 0.2685546875 0.8020833333333334 0.017578125 0.020833333333333332
4 0.296875 0.8001302083333334 0.015625 0.022135416666666668
7 0.31884765625 0.8020833333333334 0.0185546875 0.020833333333333332
4 0.5 0.6165364583333334 0.3046875 0.3190104166666667
4 0.5 0.6165364583333334 0.3046875 0.3190104166666667
0 0.49267578125 0.7337239583333334 0.2607421875 0.055989583333333336
4 0.357421875 0.8014322916666666 0.01953125 0.02734375
6 0.41259765625 0.8001302083333334 0.0810546875 0.024739583333333332
4 0.5771484375 0.798828125 0.015625 0.022135416666666668
7 0.59912109375 0.8020833333333334 0.0185546875 0.020833333333333332
4 0.6279296875 0.8001302083333334 0.015625 0.022135416666666668
7 0.646484375 0.8020833333333334 0.01171875 0.020833333333333332
4 0.82421875 0.6165364583333334 0.3046875 0.3190104166666667
4 0.82421875 0.6165364583333334 0.3046875 0.3190104166666667
0 0.751953125 0.7467447916666666 0.130859375 0.029947916666666668
4 0.681640625 0.8014322916666666 0.01953125 0.02734375
6 0.77099609375 0.8001302083333334 0.1494140625 0.024739583333333332
4 0.888671875 0.798828125 0.015625 0.022135416666666668
7 0.9111328125 0.8020833333333334 0.01953125 0.020833333333333332
4 0.9404296875 0.8001302083333334 0.015625 0.022135416666666668
7 0.96484375 0.8020833333333334 0.0234375 0.020833333333333332
4 0.17578125 0.9296875 0.3046875 0.140625
4 0.17578125 0.9296875 0.3046875 0.140625
4 0.5 0.9296875 0.3046875 0.140625
4 0.5 0.9296875 0.3046875 0.140625
4 0.82421875 0.9296875 0.3046875 0.140625
4 0.82421875 0.9296875 0.3046875 0.140625