7 0.43310546875 0.036458333333333336 0.2275390625 0.028645833333333332
0 0.62060546875 0.037109375 0.1201171875 0.04296875
4 0.12158203125 0.1328125 0.0947265625 0.044270833333333336
0 0.13330078125 0.1328125 0.1181640625 0.057291666666666664
4 0.91015625 0.14127604166666666 0.03125 0.040364583333333336
0 0.89794921875 0.13216145833333334 0.0556640625 0.05078125
7 0.1123046875 0.20442708333333334 0.076171875 0.036458333333333336
0 0.1123046875 0.208984375 0.076171875 0.045572916666666664
7 0.20849609375 0.20442708333333334 0.0712890625 0.036458333333333336
2 0.19873046875 0.3639322916666667 0.1904296875 0.11067708333333333
2 0.380859375 0.3639322916666667 0.17578125 0.11067708333333333
2 0.328125 0.4108072916666667 0.44921875 0.20442708333333334
4 0.11767578125 0.5891927083333334 0.0283203125 0.037760416666666664
7 0.173828125 0.5891927083333334 0.0546875 0.037760416666666664
7 0.33203125 0.5891927083333334 0.263671875 0.037760416666666664
4 0.11767578125 0.6555989583333334 0.0283203125 0.037760416666666664
7 0.21044921875 0.6555989583333334 0.1279296875 0.037760416666666664
7 0.39892578125 0.6555989583333334 0.2412109375 0.037760416666666664
4 0.11767578125 0.7220052083333334 0.0283203125 0.037760416666666664
7 0.18017578125 0.7220052083333334 0.0673828125 0.037760416666666664
7 0.30859375 0.7220052083333334 0.19140625 0.037760416666666664
7 0.2373046875 0.8444010416666666 0.267578125 0.032552083333333336
0 0.35888671875 0.8444010416666666 0.5107421875 0.032552083333333336
4 0.3935546875 0.841796875 0.015625 0.01953125
0 0.18310546875 0.9609375 0.1591796875 0.078125
0 0.37060546875 0.9609375 0.1630859375 0.078125
4 0.76708984375 0.5006510416666666 0.3388671875 0.4309895833333333
4 0.77490234375 0.5494791666666666 0.2939453125 0.4609375
7 0.77490234375 0.3860677083333333 0.1220703125 0.06380208333333333
7 0.28759765625 0.9049479166666666 0.5380859375 0.049479166666666664
6 0.3447265625 0.9173177083333334 0.044921875 0.024739583333333332
7 0.2890625 0.9296875 0.541015625 0.049479166666666664
0 0.263671875 0.9420572916666666 0.080078125 0.024739583333333332
7 0.3046875 0.9544270833333334 0.572265625 0.049479166666666664
7 0.6884765625 0.9296875 0.146484375 0.044270833333333336
7 0.87109375 0.9296875 0.126953125 0.049479166666666664
4 0.9814453125 0.8860677083333334 0.01953125 0.02734375
0 0.9814453125 0.8854166666666666 0.03125 0.033854166666666664