4 0.04638671875 0.026041666666666668 0.0166015625 0.020833333333333332
0 0.04638671875 0.026692708333333332 0.0341796875 0.04296875
4 0.08740234375 0.026041666666666668 0.0166015625 0.020833333333333332
0 0.08740234375 0.026692708333333332 0.0341796875 0.04296875
0 0.150390625 0.016927083333333332 0.025390625 0.026041666666666668
0 0.150390625 0.016927083333333332 0.025390625 0.026041666666666668
6 0.14794921875 0.028645833333333332 0.0322265625 0.018229166666666668
4 0.5 0.030598958333333332 0.19140625 0.03515625
0 0.5 0.029947916666666668 0.19140625 0.033854166666666664
0 0.83447265625 0.026041666666666668 0.1181640625 0.041666666666666664
0 0.83447265625 0.026041666666666668 0.1181640625 0.041666666666666664
0 0.931640625 0.026041666666666668 0.064453125 0.041666666666666664
0 0.931640625 0.026041666666666668 0.064453125 0.041666666666666664
3 0.5 0.24609375 0.947265625 0.3255208333333333
2 0.0751953125 0.474609375 0.1015625 0.01953125
2 0.5 0.5377604166666666 0.951171875 0.0546875
2 0.24853515625 0.5885416666666666 0.4482421875 0.026041666666666668
0 0.107421875 0.6927083333333334 0.134765625 0.057291666666666664
4 0.22802734375 0.6966145833333334 0.0166015625 0.020833333333333332
0 0.26904296875 0.6927083333333334 0.1572265625 0.057291666666666664
7 0.26806640625 0.6959635416666666 0.0517578125 0.022135416666666668
4 0.5419921875 0.8502604166666666 0.201171875 0.17708333333333334
2 0.37646484375 0.7942708333333334 0.4599609375 0.06510416666666667
0 0.39453125 0.8658854166666666 0.49609375 0.20833333333333334
6 0.39453125 0.8893229166666666 0.49609375 0.10416666666666667
7 0.154296875 0.962890625 0.015625 0.014322916666666666
7 0.18896484375 0.962890625 0.0556640625 0.014322916666666666
7 0.05615234375 0.7805989583333334 0.0634765625 0.014322916666666666
7 0.82861328125 0.7838541666666666 0.2939453125 0.013020833333333334
3 0.82861328125 0.9016927083333334 0.2939453125 0.19661458333333334