7 0.1484375 0.026041666666666668 0.21484375 0.018229166666666668
6 0.2998046875 0.026041666666666668 0.087890625 0.018229166666666668
7 0.35693359375 0.026041666666666668 0.0263671875 0.018229166666666668
6 0.41748046875 0.026041666666666668 0.0869140625 0.018229166666666668
4 0.0205078125 0.027994791666666668 0.01171875 0.016927083333333332
0 0.025390625 0.026041666666666668 0.03125 0.026041666666666668
4 0.0341796875 0.09114583333333333 0.0390625 0.0390625
0 0.0341796875 0.09114583333333333 0.068359375 0.078125
0 0.09716796875 0.09114583333333333 0.0576171875 0.078125
0 0.15576171875 0.09114583333333333 0.0595703125 0.078125
0 0.21484375 0.09114583333333333 0.05859375 0.078125
0 0.30810546875 0.09114583333333333 0.1279296875 0.078125
0 0.40234375 0.09114583333333333 0.060546875 0.078125
0 0.462890625 0.09114583333333333 0.060546875 0.078125
0 0.52294921875 0.09114583333333333 0.0595703125 0.078125
0 0.5849609375 0.09114583333333333 0.064453125 0.078125
0 0.64990234375 0.09114583333333333 0.0654296875 0.078125
0 0.7119140625 0.09114583333333333 0.05859375 0.078125
0 0.77392578125 0.09114583333333333 0.0654296875 0.078125
6 0.890625 0.09049479166666667 0.052734375 0.024739583333333332
6 0.9658203125 0.09049479166666667 0.0390625 0.024739583333333332
4 0.5 0.5651041666666666 1 0.8697916666666666
0 0.5 0.5651041666666666 1 0.8697916666666666
4 0.5 0.5748697916666666 0.05859375 0.07942708333333333
2 0.67626953125 0.609375 0.0087890625 0.015625
2 0.73828125 0.6106770833333334 0.1015625 0.018229166666666668
2 0.79736328125 0.7233072916666666 0.2509765625 0.13151041666666666
0 0.79736328125 0.7233072916666666 0.2509765625 0.13151041666666666
4 0.69287109375 0.8190104166666666 0.0419921875 0.010416666666666666
6 0.79736328125 0.8854166666666666 0.2509765625 0.07552083333333333
0 0.79736328125 0.8854166666666666 0.2509765625 0.07552083333333333