4 0.0947265625 0.034505208333333336 0.12890625 0.053385416666666664
0 0.32861328125 0.034505208333333336 0.0869140625 0.06901041666666667
0 0.41845703125 0.034505208333333336 0.0947265625 0.06901041666666667
0 0.505859375 0.034505208333333336 0.08203125 0.06901041666666667
0 0.6015625 0.034505208333333336 0.111328125 0.06901041666666667
0 0.68701171875 0.034505208333333336 0.0615234375 0.06901041666666667
0 0.75146484375 0.034505208333333336 0.0693359375 0.06901041666666667
0 0.81787109375 0.034505208333333336 0.0654296875 0.06901041666666667
7 0.92529296875 0.032552083333333336 0.0498046875 0.020833333333333332
0 0.90966796875 0.033203125 0.1201171875 0.04296875
4 0.5 0.3391927083333333 1 0.55078125
0 0.29296875 0.6614583333333334 0.490234375 0.036458333333333336
7 0.76171875 0.6608072916666666 0.193359375 0.02734375
0 0.74462890625 0.6614583333333334 0.3212890625 0.0546875
6 0.09228515625 0.8372395833333334 0.0771484375 0.041666666666666664
7 0.25 0.9524739583333334 0.392578125 0.09505208333333333
6 0.63330078125 0.8372395833333334 0.1591796875 0.041666666666666664
7 0.75 0.9524739583333334 0.392578125 0.09505208333333333