4 0.16259765625 0.044921875 0.2314453125 0.024739583333333332
0 0.16259765625 0.046875 0.2314453125 0.028645833333333332
7 0.35546875 0.046875 0.076171875 0.026041666666666668
7 0.44580078125 0.046875 0.0439453125 0.026041666666666668
7 0.533203125 0.046875 0.0703125 0.026041666666666668
4 0.62255859375 0.045572916666666664 0.0478515625 0.026041666666666668
0 0.78857421875 0.045572916666666664 0.0693359375 0.052083333333333336
0 0.78857421875 0.045572916666666664 0.0693359375 0.052083333333333336
0 0.88037109375 0.045572916666666664 0.0830078125 0.052083333333333336
0 0.88037109375 0.045572916666666664 0.0830078125 0.052083333333333336
3 0.5 0.17317708333333334 0.7109375 0.1171875
7 0.09130859375 0.291015625 0.1513671875 0.03515625
4 0.046875 0.3815104166666667 0.0390625 0.052083333333333336
0 0.1328125 0.3815104166666667 0.234375 0.10416666666666667
7 0.10546875 0.3678385416666667 0.0546875 0.02734375
7 0.111328125 0.3971354166666667 0.06640625 0.0234375
7 0.140625 0.4596354166666667 0.1171875 0.0234375
0 0.1328125 0.4596354166666667 0.234375 0.052083333333333336
7 0.140625 0.51171875 0.1171875 0.0234375
0 0.1328125 0.51171875 0.234375 0.052083333333333336
7 0.140625 0.5638020833333334 0.1171875 0.0234375
0 0.1328125 0.5638020833333334 0.234375 0.052083333333333336
7 0.140625 0.6158854166666666 0.1171875 0.0234375
0 0.1328125 0.6158854166666666 0.234375 0.052083333333333336
7 0.140625 0.66796875 0.1171875 0.0234375
0 0.1328125 0.66796875 0.234375 0.052083333333333336
7 0.140625 0.7200520833333334 0.1171875 0.0234375
0 0.1328125 0.7200520833333334 0.234375 0.052083333333333336
7 0.140625 0.7721354166666666 0.1171875 0.0234375
0 0.1328125 0.7721354166666666 0.234375 0.052083333333333336
7 0.140625 0.82421875 0.1171875 0.0234375
0 0.1328125 0.82421875 0.234375 0.052083333333333336
7 0.140625 0.8763020833333334 0.1171875 0.0234375
0 0.1328125 0.8763020833333334 0.234375 0.052083333333333336
7 0.140625 0.9283854166666666 0.1171875 0.0234375
0 0.1328125 0.9283854166666666 0.234375 0.052083333333333336
4 0.046875 0.990234375 0.0390625 0.01953125
0 0.1328125 0.9772135416666666 0.234375 0.045572916666666664
7 0.1162109375 0.9895833333333334 0.076171875 0.020833333333333332
4 0.3515625 0.2994791666666667 0.015625 0.020833333333333332
1 0.5009765625 0.2994791666666667 0.345703125 0.052083333333333336
7 0.75 0.2994791666666667 0.103515625 0.0234375
4 0.8330078125 0.296875 0.0234375 0.03125
0 0.9267578125 0.2994791666666667 0.115234375 0.052083333333333336
7 0.3994140625 0.384765625 0.142578125 0.03515625
0 0.92333984375 0.384765625 0.1220703125 0.022135416666666668
7 0.3486328125 0.458984375 0.041015625 0.01953125
7 0.40869140625 0.458984375 0.0302734375 0.01953125
7 0.67431640625 0.458984375 0.0361328125 0.01953125
7 0.77099609375 0.458984375 0.0341796875 0.01953125
7 0.86572265625 0.458984375 0.0263671875 0.01953125
0 0.361328125 0.5123697916666666 0.06640625 0.022135416666666668
0 0.52490234375 0.5123697916666666 0.2626953125 0.022135416666666668
7 0.705078125 0.5123697916666666 0.099609375 0.022135416666666668
0 0.8037109375 0.5123697916666666 0.099609375 0.022135416666666668
7 0.91845703125 0.5123697916666666 0.1318359375 0.022135416666666668
0 0.361328125 0.5670572916666666 0.06640625 0.022135416666666668
0 0.52490234375 0.5670572916666666 0.2626953125 0.022135416666666668
7 0.705078125 0.5670572916666666 0.099609375 0.022135416666666668
0 0.8037109375 0.5670572916666666 0.099609375 0.022135416666666668
7 0.91845703125 0.5670572916666666 0.1318359375 0.022135416666666668
0 0.361328125 0.6217447916666666 0.06640625 0.022135416666666668
0 0.52490234375 0.6217447916666666 0.2626953125 0.022135416666666668
7 0.705078125 0.6217447916666666 0.099609375 0.022135416666666668
0 0.8037109375 0.6217447916666666 0.099609375 0.022135416666666668
7 0.91845703125 0.6217447916666666 0.1318359375 0.022135416666666668
0 0.361328125 0.6764322916666666 0.06640625 0.022135416666666668
0 0.52490234375 0.6764322916666666 0.2626953125 0.022135416666666668
7 0.705078125 0.6764322916666666 0.099609375 0.022135416666666668
0 0.8037109375 0.6764322916666666 0.099609375 0.022135416666666668
7 0.91845703125 0.6764322916666666 0.1318359375 0.022135416666666668
0 0.361328125 0.7311197916666666 0.06640625 0.022135416666666668
0 0.52490234375 0.7311197916666666 0.2626953125 0.022135416666666668
7 0.705078125 0.7311197916666666 0.099609375 0.022135416666666668
0 0.8037109375 0.7311197916666666 0.099609375 0.022135416666666668
7 0.91845703125 0.7311197916666666 0.1318359375 0.022135416666666668
0 0.361328125 0.7858072916666666 0.06640625 0.022135416666666668
0 0.52490234375 0.7858072916666666 0.2626953125 0.022135416666666668
7 0.705078125 0.7858072916666666 0.099609375 0.022135416666666668
0 0.8037109375 0.7858072916666666 0.099609375 0.022135416666666668
7 0.91845703125 0.7858072916666666 0.1318359375 0.022135416666666668
0 0.361328125 0.8404947916666666 0.06640625 0.022135416666666668
0 0.52490234375 0.8404947916666666 0.2626953125 0.022135416666666668
7 0.705078125 0.8404947916666666 0.099609375 0.022135416666666668
0 0.8037109375 0.8404947916666666 0.099609375 0.022135416666666668
7 0.91845703125 0.8404947916666666 0.1318359375 0.022135416666666668
0 0.361328125 0.8951822916666666 0.06640625 0.022135416666666668
0 0.52490234375 0.8951822916666666 0.2626953125 0.022135416666666668
7 0.705078125 0.8951822916666666 0.099609375 0.022135416666666668
0 0.8037109375 0.8951822916666666 0.099609375 0.022135416666666668
7 0.91845703125 0.8951822916666666 0.1318359375 0.022135416666666668
0 0.361328125 0.9498697916666666 0.06640625 0.022135416666666668
0 0.52490234375 0.9498697916666666 0.2626953125 0.022135416666666668
7 0.705078125 0.9498697916666666 0.099609375 0.022135416666666668
0 0.8037109375 0.9498697916666666 0.099609375 0.022135416666666668
7 0.91845703125 0.9498697916666666 0.1318359375 0.022135416666666668
0 0.361328125 0.9967447916666666 0.06640625 0.006510416666666667
0 0.52490234375 0.9967447916666666 0.2626953125 0.006510416666666667
7 0.705078125 0.9967447916666666 0.099609375 0.006510416666666667
0 0.8037109375 0.9967447916666666 0.099609375 0.006510416666666667
7 0.91845703125 0.9967447916666666 0.1318359375 0.006510416666666667
3 0.5 0.9596354166666666 1 0.08072916666666667