4 0.107421875 0.039713541666666664 0.17578125 0.02734375
0 0.107421875 0.041666666666666664 0.17578125 0.08333333333333333
1 0.53125 0.033854166666666664 0.244140625 0.041666666666666664
1 0.78515625 0.033854166666666664 0.244140625 0.041666666666666664
0 0.78759765625 0.06640625 0.2392578125 0.015625
1 0.95361328125 0.032552083333333336 0.0732421875 0.0390625
7 0.5 0.236328125 0.390625 0.10807291666666667
4 0.421875 0.357421875 0.01953125 0.022135416666666668
0 0.5 0.357421875 0.29296875 0.055989583333333336
7 0.5107421875 0.3567708333333333 0.1484375 0.020833333333333332
7 0.5 0.4147135416666667 0.29296875 0.022135416666666668
1 0.5 0.4759114583333333 0.29296875 0.06380208333333333
1 0.5 0.5384114583333334 0.29296875 0.06380208333333333
1 0.5 0.6015625 0.29296875 0.06510416666666667
1 0.5 0.6705729166666666 0.29296875 0.049479166666666664
6 0.50048828125 0.7154947916666666 0.0888671875 0.016927083333333332
7 0.4794921875 0.744140625 0.2109375 0.016927083333333332
6 0.525390625 0.751953125 0.203125 0.032552083333333336
7 0.4912109375 0.759765625 0.064453125 0.016927083333333332
6 0.54931640625 0.759765625 0.0537109375 0.016927083333333332
4 0.43017578125 0.89453125 0.1474609375 0.059895833333333336
4 0.580078125 0.89453125 0.126953125 0.059895833333333336