0 0.11328125 0.032552083333333336 0.154296875 0.06510416666666667
6 0.2255859375 0.020833333333333332 0.0546875 0.020833333333333332
7 0.2529296875 0.041666666666666664 0.109375 0.020833333333333332
6 0.3349609375 0.041666666666666664 0.0546875 0.020833333333333332
6 0.9189453125 0.029947916666666668 0.08984375 0.020833333333333332
2 0.5 0.150390625 1 0.06640625
7 0.49951171875 0.224609375 0.5556640625 0.022135416666666668
7 0.5 0.2662760416666667 0.578125 0.022135416666666668
7 0.50048828125 0.3079427083333333 0.5673828125 0.022135416666666668
7 0.5 0.44140625 1 0.041666666666666664
4 0.1533203125 0.5670572916666666 0.1953125 0.15755208333333334
6 0.15185546875 0.6692708333333334 0.1103515625 0.0234375
4 0.38525390625 0.56640625 0.1962890625 0.15625
6 0.38427734375 0.66796875 0.1259765625 0.0234375
4 0.6171875 0.5670572916666666 0.1953125 0.15755208333333334
6 0.61572265625 0.6692708333333334 0.1005859375 0.0234375
4 0.84912109375 0.5670572916666666 0.1962890625 0.15755208333333334
6 0.84814453125 0.6692708333333334 0.0947265625 0.0234375
6 0.50048828125 0.794921875 0.0908203125 0.022135416666666668
6 0.33251953125 0.8483072916666666 0.0830078125 0.022135416666666668
7 0.3818359375 0.8483072916666666 0.017578125 0.022135416666666668
6 0.41650390625 0.8483072916666666 0.0556640625 0.022135416666666668
7 0.45166015625 0.8483072916666666 0.0166015625 0.022135416666666668
6 0.53564453125 0.8483072916666666 0.1513671875 0.022135416666666668
7 0.619140625 0.8483072916666666 0.017578125 0.022135416666666668
6 0.66748046875 0.8483072916666666 0.0830078125 0.022135416666666668
7 0.49951171875 0.8665364583333334 0.4052734375 0.022135416666666668