7 0.498046875 0.07356770833333333 0.92578125 0.045572916666666664
6 0.61767578125 0.08528645833333333 0.0830078125 0.022135416666666668
7 0.74609375 0.08528645833333333 0.173828125 0.022135416666666668
0 0.4384765625 0.14778645833333334 0.142578125 0.05859375
0 0.58056640625 0.14778645833333334 0.1044921875 0.061197916666666664
7 0.08984375 0.054036458333333336 0.052734375 0.022135416666666668
0 0.09912109375 0.054036458333333336 0.1279296875 0.07421875
7 0.23388671875 0.054036458333333336 0.1318359375 0.037760416666666664
0 0.23388671875 0.053385416666666664 0.1318359375 0.07291666666666667
1 0.6640625 0.057291666666666664 0.041015625 0.036458333333333336
0 0.74951171875 0.054036458333333336 0.1044921875 0.05859375
0 0.8857421875 0.054036458333333336 0.142578125 0.055989583333333336
4 0.0869140625 0.16861979166666666 0.103515625 0.040364583333333336
0 0.0869140625 0.16861979166666666 0.103515625 0.040364583333333336
7 0.49560546875 0.16861979166666666 0.1181640625 0.037760416666666664
0 0.49560546875 0.16861979166666666 0.1181640625 0.08463541666666667
7 0.59130859375 0.16861979166666666 0.0751953125 0.037760416666666664
0 0.59130859375 0.16861979166666666 0.0751953125 0.08463541666666667
7 0.6923828125 0.16861979166666666 0.12890625 0.037760416666666664
0 0.6923828125 0.16861979166666666 0.12890625 0.08463541666666667
7 0.81298828125 0.16861979166666666 0.1142578125 0.037760416666666664
0 0.81298828125 0.16861979166666666 0.1142578125 0.08463541666666667
7 0.9169921875 0.16861979166666666 0.095703125 0.037760416666666664
0 0.9169921875 0.16861979166666666 0.095703125 0.08463541666666667
0 0.07275390625 0.006510416666666667 0.0751953125 0.013020833333333334
4 0.34130859375 0.537109375 0.6123046875 0.5716145833333334
0 0.34130859375 0.2513020833333333 0.6123046875 0
2 0.34130859375 0.9108072916666666 0.6123046875 0.17838541666666666
2 0.75390625 0.2708333333333333 0.154296875 0.028645833333333332
2 0.814453125 0.3723958333333333 0.30078125 0.11458333333333333
0 0.72021484375 0.3938802083333333 0.1123046875 0.07161458333333333
0 0.8701171875 0.3938802083333333 0.189453125 0.07161458333333333
2 0.814453125 0.5104166666666666 0.30078125 0.11458333333333333
0 0.69775390625 0.5319010416666666 0.0673828125 0.07161458333333333
0 0.84814453125 0.5319010416666666 0.2353515625 0.07161458333333333
2 0.814453125 0.6484375 0.30078125 0.11458333333333333
0 0.7060546875 0.669921875 0.083984375 0.07161458333333333
0 0.85595703125 0.669921875 0.2177734375 0.07161458333333333
2 0.75390625 0.7486979166666666 0.154296875 0.028645833333333332
2 0.814453125 0.8502604166666666 0.30078125 0.11458333333333333
0 0.72021484375 0.8717447916666666 0.1123046875 0.07161458333333333
0 0.8701171875 0.8717447916666666 0.189453125 0.07161458333333333
2 0.814453125 0.9654947916666666 0.30078125 0.06901041666666667
0 0.69775390625 0.9869791666666666 0.0673828125 0.026041666666666668
0 0.84814453125 0.9869791666666666 0.2353515625 0.026041666666666668