4 0.025390625 0.01953125 0.017578125 0.0234375
7 0.1787109375 0.017578125 0.26953125 0.022135416666666668
7 0.37158203125 0.017578125 0.1162109375 0.022135416666666668
0 0.38037109375 0.018229166666666668 0.1337890625 0.020833333333333332
4 0.796875 0.01953125 0.017578125 0.0234375
0 0.8857421875 0.01953125 0.208984375 0.0234375
7 0.89794921875 0.018229166666666668 0.1845703125 0.0234375
0 0.2958984375 0.07291666666666667 0.572265625 0.0546875
6 0.8115234375 0.07291666666666667 0.052734375 0.0546875
4 0.84716796875 0.059895833333333336 0.0166015625 0.020833333333333332
7 0.859375 0.07291666666666667 0.005859375 0.0546875
6 0.91015625 0.07291666666666667 0.09765625 0.0546875
7 0.9619140625 0.07291666666666667 0.0078125 0.0546875
6 0.9775390625 0.07291666666666667 0.025390625 0.0546875
1 0.80126953125 0.09505208333333333 0.0166015625 0.020833333333333332
1 0.90380859375 0.095703125 0.1708984375 0.037760416666666664
7 0.0419921875 0.16015625 0.0390625 0.0234375
0 0.0478515625 0.16080729166666666 0.05078125 0.03515625
7 0.12255859375 0.16015625 0.0673828125 0.0234375
0 0.12841796875 0.16080729166666666 0.0791015625 0.03515625
7 0.22412109375 0.16015625 0.0810546875 0.0234375
0 0.2294921875 0.16080729166666666 0.091796875 0.03515625
7 0.33837890625 0.16015625 0.0947265625 0.0234375
0 0.34423828125 0.16080729166666666 0.1064453125 0.03515625
7 0.478515625 0.16015625 0.130859375 0.0234375
0 0.48388671875 0.16080729166666666 0.1416015625 0.03515625
7 0.60546875 0.16015625 0.0703125 0.0234375
0 0.611328125 0.16080729166666666 0.08203125 0.03515625
7 0.685546875 0.16015625 0.03515625 0.0234375
0 0.69091796875 0.16080729166666666 0.0458984375 0.03515625
2 0.3466796875 0.2526041666666667 0.640625 0.026041666666666668
7 0.21728515625 0.2858072916666667 0.3486328125 0.024739583333333332
0 0.43408203125 0.2864583333333333 0.0869140625 0.026041666666666668
7 0.0439453125 0.3587239583333333 0.060546875 0.03515625
7 0.0439453125 0.4010416666666667 0.060546875 0.052083333333333336
2 0.37109375 0.3619791666666667 0.560546875 0.0546875
7 0.38525390625 0.4329427083333333 0.5888671875 0.07942708333333333
6 0.10595703125 0.4837239583333333 0.0302734375 0.016927083333333332
7 0.125 0.482421875 0.009765625 0.024739583333333332
6 0.14013671875 0.4837239583333333 0.0224609375 0.016927083333333332
7 0.1552734375 0.482421875 0.009765625 0.024739583333333332
6 0.1708984375 0.4837239583333333 0.0234375 0.016927083333333332
7 0.1865234375 0.482421875 0.009765625 0.024739583333333332
6 0.20654296875 0.4837239583333333 0.0322265625 0.016927083333333332
7 0.05224609375 0.5390625 0.0791015625 0.028645833333333332
2 0.376953125 0.5403645833333334 0.572265625 0.03125
7 0.05224609375 0.5690104166666666 0.0791015625 0.028645833333333332
2 0.376953125 0.5703125 0.572265625 0.03125
7 0.05224609375 0.5989583333333334 0.0791015625 0.028645833333333332
2 0.376953125 0.6002604166666666 0.572265625 0.03125
7 0.05224609375 0.62890625 0.0791015625 0.028645833333333332
2 0.376953125 0.6302083333333334 0.572265625 0.03125
0 0.64501953125 0.65625 0.0693359375 0.0234375
2 0.1142578125 0.720703125 0.203125 0.022135416666666668
0 0.236328125 0.8229166666666666 0.28125 0.0390625
7 0.23388671875 0.9173177083333334 0.3916015625 0.10546875
2 0.23388671875 0.9908854166666666 0.3720703125 0.018229166666666668
4 0.67578125 0.869140625 0.443359375 0.26171875
0 0.67578125 0.869140625 0.443359375 0.26171875
4 0.6982421875 0.869140625 0.443359375 0.26171875
0 0.6982421875 0.869140625 0.443359375 0.26171875
4 0.720703125 0.869140625 0.443359375 0.26171875
0 0.720703125 0.869140625 0.443359375 0.26171875
4 0.7431640625 0.869140625 0.443359375 0.26171875
0 0.7431640625 0.869140625 0.443359375 0.26171875
4 0.765625 0.869140625 0.443359375 0.26171875
0 0.765625 0.869140625 0.443359375 0.26171875
4 0.783203125 0.869140625 0.43359375 0.26171875
0 0.783203125 0.869140625 0.43359375 0.26171875
4 0.79443359375 0.869140625 0.4111328125 0.26171875
0 0.79443359375 0.869140625 0.4111328125 0.26171875
4 0.8056640625 0.869140625 0.388671875 0.26171875
0 0.8056640625 0.869140625 0.388671875 0.26171875
2 0.53466796875 0.23893229166666666 0.1298828125 0.022135416666666668
4 0.58984375 0.3828125 0.240234375 0.2552083333333333
2 0.5869140625 0.5338541666666666 0.234375 0.0234375
7 0.5888671875 0.583984375 0.23828125 0.06640625
6 0.57373046875 0.60546875 0.0634765625 0.020833333333333332
2 0.794921875 0.23893229166666666 0.162109375 0.022135416666666668
4 0.833984375 0.3828125 0.240234375 0.2552083333333333
2 0.826171875 0.5462239583333334 0.224609375 0.048177083333333336
7 0.83447265625 0.6087239583333334 0.2412109375 0.06640625
6 0.833984375 0.6399739583333334 0.240234375 0.040364583333333336
2 0.97900390625 0.23893229166666666 0.0419921875 0.022135416666666668
4 0.97900390625 0.3828125 0.0419921875 0.2552083333333333
2 0.97900390625 0.5462239583333334 0.0419921875 0.048177083333333336
7 0.97900390625 0.619140625 0.0419921875 0.08723958333333333
0 0.71533203125 0.744140625 0.0302734375 0.040364583333333336
0 0.79248046875 0.7421875 0.0185546875 0.03125
0 0.81298828125 0.7421875 0.0185546875 0.03125
0 0.83349609375 0.7421875 0.0185546875 0.03125
0 0.85400390625 0.7421875 0.0185546875 0.03125
0 0.87451171875 0.7421875 0.0185546875 0.03125
0 0.95068359375 0.744140625 0.0302734375 0.040364583333333336
2 0.8330078125 0.818359375 0.265625 0.022135416666666668
4 0.94384765625 0.8235677083333334 0.0439453125 0.022135416666666668
0 0.93896484375 0.8229166666666666 0.0537109375 0.0234375
0 0.7880859375 0.8450520833333334 0.17578125 0.020833333333333332
7 0.8330078125 0.865234375 0.265625 0.016927083333333332
4 0.95556640625 0.8665364583333334 0.0205078125 0.022135416666666668
0 0.95068359375 0.8658854166666666 0.0302734375 0.0234375
4 0.92578125 0.8665364583333334 0.021484375 0.022135416666666668
0 0.9208984375 0.8658854166666666 0.03125 0.0234375
0 0.76513671875 0.9010416666666666 0.1298828125 0.020833333333333332
7 0.8330078125 0.9212239583333334 0.265625 0.016927083333333332
4 0.95556640625 0.9225260416666666 0.0205078125 0.022135416666666668
0 0.95068359375 0.921875 0.0302734375 0.0234375
4 0.92578125 0.9225260416666666 0.021484375 0.022135416666666668
0 0.9208984375 0.921875 0.03125 0.0234375
0 0.76513671875 0.95703125 0.1298828125 0.020833333333333332
7 0.8330078125 0.9772135416666666 0.265625 0.016927083333333332
4 0.95556640625 0.978515625 0.0205078125 0.022135416666666668
0 0.95068359375 0.9778645833333334 0.0302734375 0.0234375
4 0.92578125 0.978515625 0.021484375 0.022135416666666668
0 0.9208984375 0.9778645833333334 0.03125 0.0234375