7 0.3037109375 0.9114583333333334 0.509765625 0.07552083333333333
6 0.3037109375 0.9524739583333334 0.509765625 0.048177083333333336
6 0.13525390625 0.9661458333333334 0.0927734375 0.020833333333333332
0 0.86767578125 0.92578125 0.1123046875 0.020833333333333332
0 0.70654296875 0.9283854166666666 0.0966796875 0.0234375
7 0.5 0.018229166666666668 1 0.028645833333333332
3 0.5 0.10546875 0.7109375 0.1171875
6 0.61669921875 0.189453125 0.0595703125 0.022135416666666668
7 0.70703125 0.189453125 0.07421875 0.022135416666666668
0 0.712890625 0.189453125 0.0859375 0.022135416666666668
6 0.83642578125 0.189453125 0.1142578125 0.022135416666666668
7 0.93505859375 0.189453125 0.0361328125 0.022135416666666668
0 0.94091796875 0.189453125 0.0478515625 0.022135416666666668
7 0.44775390625 0.189453125 0.0478515625 0.022135416666666668
7 0.51171875 0.189453125 0.080078125 0.022135416666666668
0 0.517578125 0.189453125 0.091796875 0.022135416666666668
6 0.35986328125 0.189453125 0.0810546875 0.022135416666666668
7 0.0771484375 0.2610677083333333 0.107421875 0.06640625
0 0.08203125 0.2552083333333333 0.1171875 0.078125
7 0.9384765625 0.2552083333333333 0.046875 0.026041666666666668
0 0.93115234375 0.2552083333333333 0.0908203125 0.078125
0 0.17529296875 0.2552083333333333 0.0693359375 0.078125
0 0.251953125 0.2552083333333333 0.083984375 0.078125
0 0.33935546875 0.2552083333333333 0.0908203125 0.078125
0 0.44140625 0.2552083333333333 0.11328125 0.078125
0 0.546875 0.2552083333333333 0.09765625 0.078125
0 0.62060546875 0.2552083333333333 0.0498046875 0.078125
0 0.70703125 0.2552083333333333 0.0625 0.078125
0 0.78173828125 0.2552083333333333 0.0869140625 0.078125
0 0.85546875 0.2552083333333333 0.060546875 0.078125
2 0.5 0.3385416666666667 0.953125 0.036458333333333336
4 0.26904296875 0.595703125 0.4443359375 0.3841145833333333
0 0.26904296875 0.5859375 0.4443359375 0.3645833333333333
6 0.0712890625 0.798828125 0.048828125 0.024739583333333332
2 0.22900390625 0.8359375 0.3642578125 0.0390625
7 0.265625 0.9108072916666666 0.4375 0.08203125
2 0.26904296875 0.9928385416666666 0.4248046875 0.014322916666666666
0 0.26904296875 0.986328125 0.4443359375 0.02734375
4 0.61572265625 0.49609375 0.2138671875 0.18489583333333334
6 0.53564453125 0.6178385416666666 0.0537109375 0.024739583333333332
2 0.609375 0.6712239583333334 0.201171875 0.06901041666666667
7 0.57373046875 0.7298177083333334 0.0791015625 0.024739583333333332
7 0.5615234375 0.771484375 0.080078125 0.024739583333333332
6 0.61962890625 0.7858072916666666 0.1962890625 0.05078125
7 0.5703125 0.8287760416666666 0.09765625 0.024739583333333332
6 0.62109375 0.8430989583333334 0.19921875 0.05078125
4 0.84716796875 0.49609375 0.2138671875 0.18489583333333334
6 0.7587890625 0.6178385416666666 0.037109375 0.024739583333333332
2 0.8447265625 0.6888020833333334 0.208984375 0.10416666666666667
7 0.79296875 0.7623697916666666 0.080078125 0.024739583333333332
6 0.8525390625 0.791015625 0.19921875 0.07942708333333333
6 0.52734375 0.9368489583333334 0.037109375 0.024739583333333332
2 0.61474609375 0.9778645833333334 0.2119140625 0.044270833333333336
6 0.76611328125 0.9368489583333334 0.0517578125 0.024739583333333332
2 0.8466796875 0.9778645833333334 0.212890625 0.044270833333333336