4 0.07763671875 0.025390625 0.1416015625 0.032552083333333336
7 0.1318359375 0.049479166666666664 0.25 0.015625
0 0.5703125 0.031901041666666664 0.04296875 0.06380208333333333
4 0.61767578125 0.03125 0.0185546875 0.0234375
0 0.61767578125 0.031901041666666664 0.0517578125 0.06380208333333333
7 0.7646484375 0.032552083333333336 0.1015625 0.018229166666666668
0 0.76416015625 0.031901041666666664 0.1220703125 0.06380208333333333
7 0.87451171875 0.033854166666666664 0.0478515625 0.018229166666666668
0 0.8662109375 0.031901041666666664 0.083984375 0.06380208333333333
7 0.9541015625 0.033854166666666664 0.0390625 0.018229166666666668
0 0.9541015625 0.031901041666666664 0.091796875 0.06380208333333333
7 0.06640625 0.1015625 0.03515625 0.026041666666666668
7 0.181640625 0.10286458333333333 0.041015625 0.026041666666666668
0 0.166015625 0.10286458333333333 0.087890625 0.07552083333333333
7 0.3203125 0.10286458333333333 0.08203125 0.026041666666666668
0 0.3046875 0.10286458333333333 0.12890625 0.07552083333333333
7 0.47509765625 0.10286458333333333 0.0732421875 0.026041666666666668
0 0.45947265625 0.10286458333333333 0.1201171875 0.07552083333333333
7 0.62158203125 0.10286458333333333 0.0654296875 0.026041666666666668
0 0.60595703125 0.10286458333333333 0.1123046875 0.07552083333333333
7 0.76904296875 0.10286458333333333 0.0751953125 0.026041666666666668
0 0.75341796875 0.10286458333333333 0.1220703125 0.07552083333333333
7 0.17578125 0.17838541666666666 0.2421875 0.03125
7 0.51953125 0.21744791666666666 0.9296875 0.026041666666666668
6 0.08837890625 0.2643229166666667 0.0673828125 0.020833333333333332
2 0.14892578125 0.3756510416666667 0.2880859375 0.03515625
7 0.5 0.41015625 0.990234375 0.026041666666666668
1 0.18505859375 0.4934895833333333 0.3525390625 0.06770833333333333
7 0.65869140625 0.4934895833333333 0.0478515625 0.020833333333333332
0 0.72607421875 0.4934895833333333 0.2724609375 0.06770833333333333
7 0.69384765625 0.4934895833333333 0.0166015625 0.020833333333333332
7 0.73095703125 0.4934895833333333 0.0595703125 0.020833333333333332
7 0.77294921875 0.4934895833333333 0.0166015625 0.020833333333333332
7 0.80078125 0.4934895833333333 0.04296875 0.020833333333333332
7 0.92919921875 0.4934895833333333 0.0634765625 0.028645833333333332
0 0.9287109375 0.4934895833333333 0.125 0.06770833333333333
5 0.08154296875 0.56640625 0.1533203125 0.026041666666666668
2 0.5 0.703125 0.990234375 0.041666666666666664
4 0.09765625 0.8619791666666666 0.185546875 0.234375
4 0.298828125 0.8619791666666666 0.185546875 0.234375
4 0.5 0.8619791666666666 0.185546875 0.234375
4 0.701171875 0.8619791666666666 0.185546875 0.234375
4 0.90234375 0.8619791666666666 0.185546875 0.234375
7 0.76708984375 0.11263020833333333 0.2802734375 0.01953125
7 0.78076171875 0.12239583333333333 0.3076171875 0.0390625
7 0.7880859375 0.173828125 0.04296875 0.01953125
0 0.78857421875 0.173828125 0.0634765625 0.037760416666666664
7 0.7880859375 0.228515625 0.361328125 0.045572916666666664