4 0.05859375 0.06901041666666667 0.021484375 0.020833333333333332
4 0.1162109375 0.06901041666666667 0.015625 0.020833333333333332
0 0.1162109375 0.06901041666666667 0.015625 0.020833333333333332
4 0.2109375 0.06770833333333333 0.09765625 0.020833333333333332
0 0.2109375 0.06770833333333333 0.09765625 0.020833333333333332
4 0.49267578125 0.06770833333333333 0.1025390625 0.044270833333333336
0 0.5 0.06770833333333333 0.1171875 0.044270833333333336
4 0.82861328125 0.06901041666666667 0.0166015625 0.026041666666666668
0 0.82861328125 0.06901041666666667 0.0361328125 0.026041666666666668
0 0.91259765625 0.06901041666666667 0.0830078125 0.033854166666666664
0 0.23291015625 0.14713541666666666 0.0322265625 0.028645833333333332
0 0.296875 0.14713541666666666 0.052734375 0.028645833333333332
0 0.37451171875 0.14713541666666666 0.0576171875 0.028645833333333332
0 0.44482421875 0.14713541666666666 0.0400390625 0.028645833333333332
0 0.54833984375 0.14713541666666666 0.1240234375 0.028645833333333332
0 0.66162109375 0.14713541666666666 0.0576171875 0.028645833333333332
0 0.7509765625 0.14713541666666666 0.078125 0.028645833333333332
7 0.5 0.24609375 1 0.16666666666666666
6 0.12109375 0.4108072916666667 0.083984375 0.024739583333333332
7 0.26123046875 0.4095052083333333 0.0498046875 0.024739583333333332
2 0.4951171875 0.466796875 0.8984375 0.014322916666666666
2 0.087890625 0.4915364583333333 0.083984375 0.022135416666666668
0 0.10693359375 0.4915364583333333 0.1220703125 0.03515625
2 0.14404296875 0.4915364583333333 0.0087890625 0.01171875
2 0.24755859375 0.4915364583333333 0.0341796875 0.024739583333333332
0 0.2607421875 0.4915364583333333 0.09375 0.024739583333333332
2 0.2890625 0.4915364583333333 0.037109375 0.024739583333333332
2 0.3720703125 0.4915364583333333 0.0546875 0.024739583333333332
0 0.38525390625 0.4915364583333333 0.1142578125 0.024739583333333332
2 0.423828125 0.4915364583333333 0.037109375 0.024739583333333332
2 0.52099609375 0.4915364583333333 0.0830078125 0.024739583333333332
0 0.53515625 0.4915364583333333 0.14453125 0.024739583333333332
2 0.587890625 0.4915364583333333 0.0390625 0.024739583333333332
4 0.7197265625 0.7701822916666666 0.474609375 0.4596354166666667
0 0.7197265625 0.771484375 0.46875 0.45703125
6 0.06298828125 0.568359375 0.0341796875 0.016927083333333332
7 0.109375 0.568359375 0.052734375 0.016927083333333332
2 0.25048828125 0.6907552083333334 0.4091796875 0.20963541666666666
7 0.26171875 0.875 0.388671875 0.11458333333333333
7 0.26171875 0.9661458333333334 0.388671875 0.06770833333333333