4 0.5 0.014322916666666666 1 0.028645833333333332
0 0 0.033854166666666664 0 0.06510416666666667
0 0 0.10026041666666667 0 0.06510416666666667
0 0 0.16666666666666666 0 0.06510416666666667
0 0 0.23307291666666666 0 0.06510416666666667
0 0 0.2994791666666667 0 0.06510416666666667
0 0 0.3658854166666667 0 0.06510416666666667
0 0 0.4322916666666667 0 0.06510416666666667
4 0.9755859375 0.07421875 0.048828125 0.06510416666666667
4 0.5 0.4947916666666667 1 0.6666666666666666
2 0.5 0.4342447916666667 0.90234375 0.20442708333333334
7 0.5 0.5787760416666666 0.6328125 0.08203125
7 0.5 0.7356770833333334 0.099609375 0.03125
0 0.5 0.736328125 0.1484375 0.07161458333333333
2 0.33544921875 0.9290364583333334 0.6318359375 0.040364583333333336
4 0.14404296875 0.9876302083333334 0.2880859375 0.024739583333333332
0 0.14404296875 0.9876302083333334 0.2880859375 0.024739583333333332
0 0.43212890625 0.9876302083333334 0.2880859375 0.024739583333333332
4 0.43212890625 0.9876302083333334 0.2880859375 0.024739583333333332
7 0.38037109375 0.958984375 0.2666015625 0.024739583333333332
6 0.55419921875 0.958984375 0.0830078125 0.024739583333333332
7 0.60986328125 0.958984375 0.0302734375 0.024739583333333332
6 0.66455078125 0.958984375 0.0810546875 0.024739583333333332
7 0.70654296875 0.958984375 0.0048828125 0.024739583333333332
4 0.97314453125 0.9563802083333334 0.0341796875 0.045572916666666664