7 0.3701171875 0.7897135416666666 0.701171875 0.024739583333333332
7 0.361328125 0.87109375 0.68359375 0.0703125
6 0.30712890625 0.896484375 0.0791015625 0.01953125
0 0.892578125 0.86328125 0.17578125 0.06770833333333333
6 0.05517578125 0.9602864583333334 0.0712890625 0.01953125
4 0.06884765625 0.078125 0.0732421875 0.06510416666666667
0 0.072265625 0.078125 0.115234375 0.10416666666666667
0 0.17724609375 0.09114583333333333 0.0654296875 0.026041666666666668
0 0.2744140625 0.09114583333333333 0.0703125 0.026041666666666668
0 0.3681640625 0.09114583333333333 0.05859375 0.026041666666666668
0 0.4560546875 0.09114583333333333 0.05859375 0.026041666666666668
0 0.533203125 0.09114583333333333 0.037109375 0.026041666666666668
2 0.5 0.4674479166666667 1 0.08333333333333333
2 0.5 0.5494791666666666 1 0.08333333333333333
7 0.5 0.5 1 1