6 0.7978515625 0.026692708333333332 0.052734375 0.02734375
7 0.83203125 0.026692708333333332 0.015625 0.02734375
6 0.89697265625 0.026692708333333332 0.1142578125 0.02734375
4 0.373046875 0.13802083333333334 0.654296875 0.1171875
0 0.3828125 0.13802083333333334 0.673828125 0.1171875
7 0.8955078125 0.13541666666666666 0.052734375 0.033854166666666664
0 0.90478515625 0.13671875 0.0986328125 0.0546875
0 0.18798828125 0.2721354166666667 0.2841796875 0.0859375
0 0.44091796875 0.2721354166666667 0.2236328125 0.0859375
0 0.67529296875 0.2721354166666667 0.2451171875 0.0859375
0 0.87548828125 0.2721354166666667 0.1572265625 0.0859375
4 0.5 0.4869791666666667 0.908203125 0.3385416666666667
6 0.72705078125 0.4329427083333333 0.4208984375 0.037760416666666664
0 0.5 0.484375 0.908203125 0.03125
6 0.72705078125 0.4674479166666667 0.4208984375 0.033854166666666664
7 0.638671875 0.5319010416666666 0.244140625 0.053385416666666664
4 0.1875 0.8326822916666666 0.28125 0.20963541666666666
0 0.1875 0.8606770833333334 0.283203125 0.2786458333333333
7 0.1875 0.978515625 0.248046875 0.040364583333333336
6 0.1875 0.9986979166666666 0.248046875 0.0026041666666666665
4 0.49951171875 0.8326822916666666 0.2822265625 0.20963541666666666
0 0.49951171875 0.8606770833333334 0.2841796875 0.2786458333333333
7 0.49951171875 0.9791666666666666 0.2490234375 0.041666666666666664
4 0.81201171875 0.8326822916666666 0.2822265625 0.20963541666666666
0 0.81201171875 0.8606770833333334 0.2841796875 0.2786458333333333
7 0.81201171875 0.9791666666666666 0.2490234375 0.041666666666666664