6 0.51123046875 0.025390625 0.6220703125 0.024739583333333332
4 0.109375 0.09114583333333333 0.13671875 0.044270833333333336
0 0.109375 0.09114583333333333 0.166015625 0.078125
0 0.37158203125 0.09244791666666667 0.0849609375 0.07552083333333333
0 0.45654296875 0.09244791666666667 0.0849609375 0.07552083333333333
0 0.52978515625 0.09244791666666667 0.0615234375 0.07552083333333333
0 0.60546875 0.09244791666666667 0.08984375 0.07552083333333333
7 0.68310546875 0.09114583333333333 0.0419921875 0.028645833333333332
0 0.68798828125 0.09244791666666667 0.0751953125 0.07552083333333333
0 0.75390625 0.09244791666666667 0.056640625 0.07552083333333333
0 0.8330078125 0.09244791666666667 0.1015625 0.07552083333333333
4 0.5 0.4791666666666667 1 0.6953125
2 0.5 0.3216145833333333 0.91796875 0.06770833333333333
2 0.5 0.4069010416666667 0.91796875 0.05078125
7 0.5 0.4680989583333333 0.91796875 0.032552083333333336
4 0.15185546875 0.68359375 0.0986328125 0.052083333333333336
0 0.15234375 0.6842447916666666 0.22265625 0.21744791666666666
4 0.15185546875 0.9010416666666666 0.0986328125 0.036458333333333336
0 0.15234375 0.896484375 0.22265625 0.20703125
7 0.57373046875 0.6393229166666666 0.5634765625 0.0234375
7 0.57373046875 0.6627604166666666 0.5634765625 0.0234375
7 0.57373046875 0.7096354166666666 0.5634765625 0.0234375
6 0.57373046875 0.7330729166666666 0.5634765625 0.0234375
7 0.57373046875 0.7799479166666666 0.5634765625 0.0234375
6 0.564453125 0.8033854166666666 0.544921875 0.0234375
6 0.55517578125 0.8268229166666666 0.5263671875 0.0234375
7 0.57373046875 0.8736979166666666 0.5634765625 0.0234375
7 0.57373046875 0.8971354166666666 0.5634765625 0.0234375
6 0.54541015625 0.9205729166666666 0.5068359375 0.0234375
7 0.57373046875 0.9674479166666666 0.5634765625 0.0234375
7 0.57373046875 0.9895833333333334 0.5634765625 0.020833333333333332