2 0.07421875 0.11848958333333333 0.0859375 0.028645833333333332
0 0.138671875 0.15755208333333334 0.21484375 0.036458333333333336
0 0.138671875 0.19401041666666666 0.21484375 0.036458333333333336
0 0.138671875 0.23046875 0.21484375 0.036458333333333336
0 0.138671875 0.2669270833333333 0.21484375 0.036458333333333336
0 0.138671875 0.3033854166666667 0.21484375 0.036458333333333336
0 0.138671875 0.33984375 0.21484375 0.036458333333333336
0 0.138671875 0.3763020833333333 0.21484375 0.036458333333333336
0 0.138671875 0.4127604166666667 0.21484375 0.036458333333333336
0 0.138671875 0.44921875 0.21484375 0.036458333333333336
0 0.138671875 0.4856770833333333 0.21484375 0.036458333333333336
0 0.138671875 0.5221354166666666 0.21484375 0.036458333333333336
0 0.138671875 0.55859375 0.21484375 0.036458333333333336
0 0.138671875 0.5950520833333334 0.21484375 0.036458333333333336
0 0.138671875 0.6315104166666666 0.21484375 0.036458333333333336
0 0.138671875 0.66796875 0.21484375 0.036458333333333336
0 0.138671875 0.7044270833333334 0.21484375 0.036458333333333336
0 0.138671875 0.7408854166666666 0.21484375 0.036458333333333336
0 0.138671875 0.77734375 0.21484375 0.036458333333333336
0 0.138671875 0.8138020833333334 0.21484375 0.036458333333333336
0 0.138671875 0.8502604166666666 0.21484375 0.036458333333333336
0 0.138671875 0.88671875 0.21484375 0.036458333333333336
0 0.138671875 0.9231770833333334 0.21484375 0.036458333333333336
0 0.138671875 0.9596354166666666 0.21484375 0.036458333333333336
0 0.138671875 0.9889322916666666 0.21484375 0.022135416666666668
7 0.2802734375 0.11979166666666667 0.068359375 0.028645833333333332
7 0.3681640625 0.11979166666666667 0.1015625 0.028645833333333332
7 0.46630859375 0.11979166666666667 0.0888671875 0.028645833333333332
7 0.5703125 0.11979166666666667 0.11328125 0.028645833333333332
7 0.69140625 0.11979166666666667 0.123046875 0.028645833333333332
4 0.607421875 0.3756510416666667 0.72265625 0.4830729166666667
4 0.36474609375 0.6959635416666666 0.0966796875 0.13151041666666666
0 0.36474609375 0.7447916666666666 0.2373046875 0.2421875
6 0.36474609375 0.7897135416666666 0.2275390625 0.024739583333333332
7 0.32958984375 0.8346354166666666 0.0146484375 0.026041666666666668
7 0.3525390625 0.8294270833333334 0.02734375 0.046875
7 0.3779296875 0.83203125 0.025390625 0.033854166666666664
7 0.39794921875 0.833984375 0.0107421875 0.024739583333333332
4 0.607421875 0.6959635416666666 0.044921875 0.13151041666666666
0 0.607421875 0.7447916666666666 0.23828125 0.2421875
6 0.607421875 0.7897135416666666 0.228515625 0.024739583333333332
7 0.56689453125 0.8346354166666666 0.0146484375 0.026041666666666668
7 0.59521484375 0.8294270833333334 0.0380859375 0.046875
7 0.62646484375 0.83203125 0.0263671875 0.033854166666666664
7 0.64697265625 0.833984375 0.0107421875 0.024739583333333332
4 0.85009765625 0.6959635416666666 0.0966796875 0.13151041666666666
0 0.85009765625 0.7447916666666666 0.2373046875 0.2421875
6 0.85009765625 0.7897135416666666 0.2275390625 0.024739583333333332
7 0.82177734375 0.8346354166666666 0.0146484375 0.026041666666666668
7 0.8388671875 0.8294270833333334 0.015625 0.046875
7 0.8583984375 0.83203125 0.025390625 0.033854166666666664
7 0.87841796875 0.833984375 0.0107421875 0.024739583333333332
4 0.42529296875 0.9361979166666666 0.3583984375 0.12760416666666666
4 0.78955078125 0.9361979166666666 0.3583984375 0.12760416666666666
0 0.087890625 0.045572916666666664 0.11328125 0.0703125
1 0.484375 0.045572916666666664 0.474609375 0.049479166666666664
7 0.787109375 0.046875 0.056640625 0.020833333333333332
0 0.77490234375 0.045572916666666664 0.1083984375 0.052083333333333336
6 0.8681640625 0.044921875 0.0390625 0.022135416666666668
0 0.9189453125 0.056640625 0.03125 0.022135416666666668