6 0.03515625 0.026041666666666668 0.02734375 0.018229166666666668
6 0.10888671875 0.026041666666666668 0.0556640625 0.018229166666666668
6 0.88916015625 0.026041666666666668 0.0732421875 0.0234375
6 0.97802734375 0.026041666666666668 0.0439453125 0.0234375
2 0.07080078125 0.1015625 0.0986328125 0.0625
4 0.0107421875 0.16080729166666666 0.021484375 0.024739583333333332
7 0.06298828125 0.16080729166666666 0.0830078125 0.016927083333333332
7 0.123046875 0.16080729166666666 0.0390625 0.016927083333333332
1 0.48583984375 0.1015625 0.5400390625 0.046875
1 0.8134765625 0.10286458333333333 0.078125 0.046875
4 0.84375 0.1015625 0.017578125 0.0234375
1 0.88525390625 0.10221354166666667 0.0283203125 0.037760416666666664
6 0.2177734375 0.15885416666666666 0.0390625 0.020833333333333332
6 0.27587890625 0.15885416666666666 0.0517578125 0.020833333333333332
6 0.33935546875 0.15885416666666666 0.0517578125 0.020833333333333332
6 0.41015625 0.15885416666666666 0.064453125 0.020833333333333332
6 0.46826171875 0.15885416666666666 0.0263671875 0.020833333333333332
6 0.51904296875 0.15885416666666666 0.0517578125 0.020833333333333332
6 0.5771484375 0.15885416666666666 0.0390625 0.020833333333333332
6 0.63525390625 0.15885416666666666 0.0517578125 0.020833333333333332
6 0.72412109375 0.15885416666666666 0.1025390625 0.020833333333333332
6 0.8251953125 0.15885416666666666 0.07421875 0.020833333333333332
4 0.98681640625 0.09114583333333333 0.0263671875 0.036458333333333336
0 0.9814453125 0.11393229166666667 0.037109375 0.08723958333333333
7 0.9853515625 0.12760416666666666 0.029296875 0.020833333333333332
4 0.998046875 0.23307291666666666 0.00390625 0.033854166666666664
0 0.998046875 0.23307291666666666 0.00390625 0.033854166666666664
4 0.998046875 0.23307291666666666 0.00390625 0.033854166666666664
0 0.998046875 0.23307291666666666 0.00390625 0.033854166666666664
4 0.998046875 0.23307291666666666 0.00390625 0.033854166666666664
0 0.998046875 0.23307291666666666 0.00390625 0.033854166666666664
4 0.998046875 0.23307291666666666 0.00390625 0.033854166666666664
0 0.998046875 0.23307291666666666 0.00390625 0.033854166666666664
4 0.998046875 0.23307291666666666 0.00390625 0.033854166666666664
0 0.998046875 0.23307291666666666 0.00390625 0.033854166666666664
2 0.0390625 0.22981770833333334 0.05859375 0.022135416666666668
2 0.138671875 0.234375 0.078125 0.036458333333333336
0 0.138671875 0.23697916666666666 0.078125 0.041666666666666664
2 0.2236328125 0.234375 0.078125 0.036458333333333336
0 0.2236328125 0.23697916666666666 0.078125 0.041666666666666664
2 0.30859375 0.234375 0.078125 0.036458333333333336
0 0.30859375 0.23697916666666666 0.078125 0.041666666666666664
2 0.3935546875 0.234375 0.078125 0.036458333333333336
0 0.3935546875 0.23697916666666666 0.078125 0.041666666666666664
2 0.478515625 0.234375 0.078125 0.036458333333333336
0 0.478515625 0.23697916666666666 0.078125 0.041666666666666664
2 0.5634765625 0.234375 0.078125 0.036458333333333336
0 0.5634765625 0.23697916666666666 0.078125 0.041666666666666664
2 0.6484375 0.234375 0.078125 0.036458333333333336
0 0.6484375 0.23697916666666666 0.078125 0.041666666666666664
2 0.7333984375 0.234375 0.078125 0.036458333333333336
0 0.7333984375 0.23697916666666666 0.078125 0.041666666666666664
2 0.818359375 0.234375 0.078125 0.036458333333333336
0 0.818359375 0.23697916666666666 0.078125 0.041666666666666664
2 0.9033203125 0.234375 0.078125 0.036458333333333336
0 0.9033203125 0.23697916666666666 0.078125 0.041666666666666664
2 0.09765625 0.2721354166666667 0.173828125 0.0234375
4 0.09716796875 0.314453125 0.1787109375 0.029947916666666668
4 0.09716796875 0.3522135416666667 0.1787109375 0.029947916666666668
4 0.09716796875 0.3899739583333333 0.1787109375 0.029947916666666668
4 0.09716796875 0.427734375 0.1787109375 0.029947916666666668
4 0.09716796875 0.4654947916666667 0.1787109375 0.029947916666666668
2 0.09765625 0.5065104166666666 0.173828125 0.0234375
2 0.0869140625 0.548828125 0.1015625 0.01953125
0 0.09375 0.5494791666666666 0.115234375 0.020833333333333332
6 0.1767578125 0.548828125 0.025390625 0.01953125
2 0.06787109375 0.5852864583333334 0.0634765625 0.01953125
0 0.09375 0.5859375 0.115234375 0.020833333333333332
6 0.1767578125 0.5852864583333334 0.025390625 0.01953125
2 0.08056640625 0.6217447916666666 0.0888671875 0.01953125
0 0.09375 0.6223958333333334 0.115234375 0.020833333333333332
6 0.1767578125 0.6217447916666666 0.025390625 0.01953125
2 0.0615234375 0.658203125 0.05078125 0.01953125
0 0.09375 0.6588541666666666 0.115234375 0.020833333333333332
6 0.1767578125 0.658203125 0.025390625 0.01953125
2 0.07421875 0.6946614583333334 0.076171875 0.01953125
0 0.09375 0.6953125 0.115234375 0.020833333333333332
6 0.1767578125 0.6946614583333334 0.025390625 0.01953125
2 0.06787109375 0.7311197916666666 0.0634765625 0.01953125
0 0.09375 0.7317708333333334 0.115234375 0.020833333333333332
6 0.1767578125 0.7311197916666666 0.025390625 0.01953125
2 0.06787109375 0.767578125 0.0634765625 0.01953125
0 0.09375 0.7682291666666666 0.115234375 0.020833333333333332
6 0.1767578125 0.767578125 0.025390625 0.01953125
2 0.06787109375 0.8040364583333334 0.0634765625 0.01953125
0 0.09375 0.8046875 0.115234375 0.020833333333333332
6 0.1767578125 0.8040364583333334 0.025390625 0.01953125
2 0.0869140625 0.8404947916666666 0.1015625 0.01953125
0 0.09375 0.8411458333333334 0.115234375 0.020833333333333332
6 0.1767578125 0.8404947916666666 0.025390625 0.01953125
2 0.06787109375 0.876953125 0.0634765625 0.01953125
0 0.09375 0.8776041666666666 0.115234375 0.020833333333333332
6 0.1767578125 0.876953125 0.025390625 0.01953125
2 0.06787109375 0.9134114583333334 0.0634765625 0.01953125
0 0.09375 0.9140625 0.115234375 0.020833333333333332
6 0.1767578125 0.9134114583333334 0.025390625 0.01953125
2 0.06787109375 0.9498697916666666 0.0634765625 0.01953125
0 0.09375 0.9505208333333334 0.115234375 0.020833333333333332
6 0.1767578125 0.9498697916666666 0.025390625 0.01953125
2 0.06787109375 0.986328125 0.0634765625 0.01953125
0 0.09375 0.9869791666666666 0.115234375 0.020833333333333332
6 0.1767578125 0.986328125 0.025390625 0.01953125
6 0.30712890625 0.271484375 0.1923828125 0.022135416666666668
6 0.5283203125 0.271484375 0.19140625 0.022135416666666668
6 0.7763671875 0.271484375 0.240234375 0.022135416666666668
6 0.96240234375 0.271484375 0.0751953125 0.022135416666666668
7 0.2529296875 0.3229166666666667 0.095703125 0.036458333333333336
7 0.34814453125 0.3229166666666667 0.0966796875 0.036458333333333336
7 0.44384765625 0.3229166666666667 0.0966796875 0.036458333333333336
7 0.53955078125 0.3229166666666667 0.0966796875 0.036458333333333336
7 0.634765625 0.3229166666666667 0.095703125 0.036458333333333336
4 0.44384765625 0.5377604166666666 0.4755859375 0.390625
0 0.44384765625 0.5377604166666666 0.4755859375 0.390625
4 0.32421875 0.8736979166666666 0.234375 0.2526041666666667
4 0.568359375 0.8736979166666666 0.234375 0.2526041666666667
7 0.7275390625 0.3229166666666667 0.0703125 0.036458333333333336
7 0.7978515625 0.3229166666666667 0.0703125 0.036458333333333336
7 0.8681640625 0.3229166666666667 0.0703125 0.036458333333333336
7 0.9384765625 0.3229166666666667 0.0703125 0.036458333333333336
4 0.83251953125 0.4661458333333333 0.2587890625 0.22135416666666666
0 0.83251953125 0.4661458333333333 0.2587890625 0.22135416666666666
7 0.7275390625 0.6223958333333334 0.0703125 0.036458333333333336
7 0.7978515625 0.6223958333333334 0.0703125 0.036458333333333336
7 0.8681640625 0.6223958333333334 0.0703125 0.036458333333333336
7 0.9384765625 0.6223958333333334 0.0703125 0.036458333333333336
4 0.83251953125 0.765625 0.2587890625 0.22135416666666666
0 0.83251953125 0.765625 0.2587890625 0.22135416666666666
4 0.8330078125 0.9518229166666666 0.28125 0.09635416666666667
0 0.8330078125 0.9518229166666666 0.28125 0.09635416666666667
7 0.98974609375 0.3229166666666667 0.0205078125 0.036458333333333336
4 0.9951171875 0.4661458333333333 0.009765625 0.22135416666666666
0 0.9951171875 0.4661458333333333 0.009765625 0.22135416666666666
7 0.98974609375 0.6223958333333334 0.0205078125 0.036458333333333336
4 0.9951171875 0.765625 0.009765625 0.22135416666666666
0 0.9951171875 0.765625 0.009765625 0.22135416666666666
7 0.98974609375 0.921875 0.0205078125 0.036458333333333336
4 0.9951171875 0.97265625 0.009765625 0.0546875
0 0.9951171875 0.97265625 0.009765625 0.0546875
4 0.912109375 0.84375 0.09765625 0.13020833333333334
0 0.912109375 0.84375 0.09765625 0.13020833333333334