4 0.0869140625 0.064453125 0.173828125 0.09765625
0 0.0869140625 0.06640625 0.173828125 0.1015625
4 0.234375 0.06510416666666667 0.05859375 0.0390625
4 0.32421875 0.06510416666666667 0.05859375 0.0390625
1 0.4814453125 0.06315104166666667 0.20703125 0.037760416666666664
1 0.6015625 0.0625 0.025390625 0.033854166666666664
4 0.81396484375 0.06510416666666667 0.0595703125 0.0390625
4 0.89013671875 0.06510416666666667 0.0595703125 0.0390625
2 0.15283203125 0.1796875 0.2958984375 0.057291666666666664
2 0.43994140625 0.1796875 0.2783203125 0.057291666666666664
2 0.25341796875 0.22916666666666666 0.4970703125 0.057291666666666664
2 0.0546875 0.2955729166666667 0.099609375 0.026041666666666668
6 0.53857421875 0.2955729166666667 0.1220703125 0.020833333333333332
0 0.03759765625 0.3294270833333333 0.0654296875 0.026041666666666668
0 0.10546875 0.3294270833333333 0.05859375 0.026041666666666668
0 0.1640625 0.3294270833333333 0.048828125 0.026041666666666668
0 0.2275390625 0.3294270833333333 0.06640625 0.026041666666666668
0 0.30029296875 0.3294270833333333 0.0693359375 0.026041666666666668
0 0.380859375 0.3294270833333333 0.080078125 0.026041666666666668
0 0.4619140625 0.3294270833333333 0.0703125 0.026041666666666668
0 0.533203125 0.3294270833333333 0.060546875 0.026041666666666668
0 0.10498046875 0.36328125 0.2001953125 0.026041666666666668
0 0.24658203125 0.36328125 0.0712890625 0.026041666666666668
0 0.3212890625 0.36328125 0.06640625 0.026041666666666668
0 0.380859375 0.36328125 0.04296875 0.026041666666666668
0 0.439453125 0.36328125 0.0625 0.026041666666666668
0 0.50634765625 0.36328125 0.0595703125 0.026041666666666668
0 0.5654296875 0.36328125 0.048828125 0.026041666666666668
0 0.0283203125 0.3971354166666667 0.046875 0.026041666666666668
0 0.0830078125 0.3971354166666667 0.05078125 0.026041666666666668
0 0.13623046875 0.3971354166666667 0.0458984375 0.026041666666666668
0 0.18701171875 0.3971354166666667 0.0439453125 0.026041666666666668
0 0.23583984375 0.3971354166666667 0.0419921875 0.026041666666666668
0 0.310546875 0.3971354166666667 0.095703125 0.026041666666666668
0 0.38623046875 0.3971354166666667 0.0439453125 0.026041666666666668
0 0.44970703125 0.3971354166666667 0.0712890625 0.026041666666666668
0 0.52685546875 0.3971354166666667 0.0732421875 0.026041666666666668
0 0.0380859375 0.4309895833333333 0.06640625 0.026041666666666668
0 0.1005859375 0.4309895833333333 0.046875 0.026041666666666668
0 0.1630859375 0.4309895833333333 0.068359375 0.026041666666666668
0 0.2236328125 0.4309895833333333 0.041015625 0.026041666666666668
0 0.27099609375 0.4309895833333333 0.0439453125 0.026041666666666668
0 0.3330078125 0.4309895833333333 0.068359375 0.026041666666666668
0 0.3994140625 0.4309895833333333 0.052734375 0.026041666666666668
0 0.4541015625 0.4309895833333333 0.046875 0.026041666666666668
0 0.51904296875 0.4309895833333333 0.0712890625 0.026041666666666668
0 0.033203125 0.46484375 0.056640625 0.026041666666666668
0 0.10205078125 0.46484375 0.0693359375 0.026041666666666668
2 0.060546875 0.51953125 0.111328125 0.026041666666666668
6 0.53564453125 0.51953125 0.1279296875 0.020833333333333332
0 0.04736328125 0.5533854166666666 0.0849609375 0.026041666666666668
0 0.11474609375 0.5533854166666666 0.0380859375 0.026041666666666668
0 0.16455078125 0.5533854166666666 0.0498046875 0.026041666666666668
0 0.224609375 0.5533854166666666 0.05859375 0.026041666666666668
0 0.28271484375 0.5533854166666666 0.0478515625 0.026041666666666668
0 0.3525390625 0.5533854166666666 0.080078125 0.026041666666666668
0 0.43310546875 0.5533854166666666 0.0693359375 0.026041666666666668
0 0.513671875 0.5533854166666666 0.080078125 0.026041666666666668
0 0.03955078125 0.5872395833333334 0.0693359375 0.026041666666666668
0 0.1103515625 0.5872395833333334 0.060546875 0.026041666666666668
0 0.1767578125 0.5872395833333334 0.060546875 0.026041666666666668
0 0.2451171875 0.5872395833333334 0.064453125 0.026041666666666668
0 0.31005859375 0.5872395833333334 0.0556640625 0.026041666666666668
0 0.36328125 0.5872395833333334 0.0390625 0.026041666666666668
0 0.41064453125 0.5872395833333334 0.0439453125 0.026041666666666668
0 0.46142578125 0.5872395833333334 0.0478515625 0.026041666666666668
0 0.52685546875 0.5872395833333334 0.0712890625 0.026041666666666668
0 0.0263671875 0.62109375 0.04296875 0.026041666666666668
0 0.08349609375 0.62109375 0.0595703125 0.026041666666666668
0 0.14599609375 0.62109375 0.0556640625 0.026041666666666668
0 0.2119140625 0.62109375 0.064453125 0.026041666666666668
0 0.267578125 0.62109375 0.037109375 0.026041666666666668
0 0.3173828125 0.62109375 0.05078125 0.026041666666666668
0 0.3701171875 0.62109375 0.04296875 0.026041666666666668
0 0.419921875 0.62109375 0.044921875 0.026041666666666668
0 0.48095703125 0.62109375 0.0673828125 0.026041666666666668
0 0.55126953125 0.62109375 0.0615234375 0.026041666666666668
0 0.02783203125 0.6549479166666666 0.0458984375 0.026041666666666668
0 0.0771484375 0.6549479166666666 0.041015625 0.026041666666666668
0 0.12109375 0.6549479166666666 0.037109375 0.026041666666666668
0 0.16796875 0.6549479166666666 0.044921875 0.026041666666666668
0 0.2294921875 0.6549479166666666 0.06640625 0.026041666666666668
0 0.29052734375 0.6549479166666666 0.0458984375 0.026041666666666668
0 0.35400390625 0.6549479166666666 0.0693359375 0.026041666666666668
0 0.443359375 0.6549479166666666 0.09765625 0.026041666666666668
4 0.3076171875 0.8470052083333334 0.60546875 0.3059895833333333
2 0.7763671875 0.16927083333333334 0.330078125 0.026041666666666668
4 0.7587890625 0.287109375 0.294921875 0.19921875
4 0.634765625 0.431640625 0.03125 0.04296875
4 0.685546875 0.431640625 0.03125 0.04296875
4 0.736328125 0.431640625 0.03125 0.04296875
4 0.787109375 0.431640625 0.03125 0.04296875
4 0.837890625 0.431640625 0.03125 0.04296875
2 0.7763671875 0.498046875 0.330078125 0.024739583333333332
0 0.68359375 0.5423177083333334 0.14453125 0.04296875
0 0.68359375 0.583984375 0.14453125 0.04296875
0 0.68359375 0.6256510416666666 0.14453125 0.04296875
0 0.68359375 0.6673177083333334 0.14453125 0.04296875
0 0.68359375 0.708984375 0.14453125 0.04296875
0 0.68359375 0.7506510416666666 0.14453125 0.04296875
0 0.68359375 0.7916666666666666 0.14453125 0.041666666666666664
0 0.828125 0.5423177083333334 0.14453125 0.04296875
0 0.828125 0.583984375 0.14453125 0.04296875
0 0.828125 0.6256510416666666 0.14453125 0.04296875
0 0.828125 0.6673177083333334 0.14453125 0.04296875
0 0.828125 0.708984375 0.14453125 0.04296875
0 0.828125 0.7506510416666666 0.14453125 0.04296875
0 0.828125 0.7916666666666666 0.14453125 0.041666666666666664
2 0.7763671875 0.7018229166666666 0.330078125 0.3333333333333333
6 0.64599609375 0.8984375 0.0693359375 0.020833333333333332
6 0.640625 0.95703125 0.05859375 0.020833333333333332
6 0.67578125 0.994140625 0.12890625 0.01171875