3 0.5 0.09375 0.947265625 0.1171875
0 0.09326171875 0.22135416666666666 0.0185546875 0.015625
0 0.12841796875 0.22135416666666666 0.0361328125 0.015625
0 0.1767578125 0.22135416666666666 0.044921875 0.015625
0 0.23486328125 0.22135416666666666 0.0556640625 0.015625
0 0.29443359375 0.22135416666666666 0.0478515625 0.015625
0 0.3466796875 0.22135416666666666 0.041015625 0.015625
0 0.419921875 0.22135416666666666 0.08984375 0.015625
0 0.48828125 0.22135416666666666 0.03125 0.015625
0 0.5302734375 0.22135416666666666 0.037109375 0.015625
0 0.57763671875 0.22135416666666666 0.0419921875 0.015625
0 0.6279296875 0.22135416666666666 0.04296875 0.015625
4 0.68603515625 0.22200520833333334 0.0068359375 0.009114583333333334
0 0.71630859375 0.22200520833333334 0.0673828125 0.024739583333333332
7 0.72314453125 0.22200520833333334 0.0537109375 0.024739583333333332
7 0.79296875 0.22200520833333334 0.0390625 0.01953125
0 0.8017578125 0.22200520833333334 0.056640625 0.01953125
4 0.912109375 0.220703125 0.0234375 0.032552083333333336
0 0.912109375 0.22526041666666666 0.0234375 0.041666666666666664
2 0.06298828125 0.2858072916666667 0.1064453125 0.024739583333333332
0 0.0947265625 0.2864583333333333 0.169921875 0.0234375
2 0.13818359375 0.2858072916666667 0.0439453125 0.024739583333333332
2 0.19091796875 0.2858072916666667 0.0224609375 0.024739583333333332
0 0.20068359375 0.2864583333333333 0.0419921875 0.0234375
2 0.298828125 0.2858072916666667 0.154296875 0.024739583333333332
0 0.30859375 0.2864583333333333 0.173828125 0.0234375
2 0.46240234375 0.2858072916666667 0.1337890625 0.024739583333333332
0 0.47216796875 0.2864583333333333 0.1533203125 0.0234375
2 0.5869140625 0.2858072916666667 0.076171875 0.024739583333333332
0 0.671875 0.2864583333333333 0.24609375 0.0234375
2 0.7001953125 0.2858072916666667 0.150390625 0.024739583333333332
2 0.845703125 0.2858072916666667 0.1015625 0.024739583333333332
0 0.85546875 0.2864583333333333 0.12109375 0.0234375
2 0.94921875 0.2858072916666667 0.06640625 0.024739583333333332
0 0.9580078125 0.2864583333333333 0.083984375 0.0234375
2 0.18115234375 0.4153645833333333 0.3427734375 0.203125
0 0.18115234375 0.5006510416666666 0.3427734375 0.024739583333333332
4 0.18115234375 0.6588541666666666 0.3427734375 0.2578125
0 0.18115234375 0.6588541666666666 0.3427734375 0.2578125
2 0.16845703125 0.8346354166666666 0.3173828125 0.08333333333333333
0 0.18115234375 0.8352864583333334 0.3427734375 0.07942708333333333
0 0.05859375 0.8932291666666666 0.09765625 0.026041666666666668
7 0.11328125 0.8932291666666666 0.01171875 0.026041666666666668
0 0.17724609375 0.8932291666666666 0.1162109375 0.026041666666666668
7 0.2412109375 0.8932291666666666 0.01171875 0.026041666666666668
0 0.271484375 0.8932291666666666 0.048828125 0.026041666666666668
7 0.2998046875 0.8932291666666666 0.0078125 0.026041666666666668
0 0.03466796875 0.91796875 0.0498046875 0.026041666666666668
2 0.171875 0.978515625 0.32421875 0.04296875
0 0.18115234375 0.9791666666666666 0.3427734375 0.041666666666666664
4 0.521484375 0.4264322916666667 0.30078125 0.22526041666666666
0 0.521484375 0.4264322916666667 0.30078125 0.22526041666666666
7 0.41064453125 0.5130208333333334 0.0791015625 0.052083333333333336
2 0.5166015625 0.5631510416666666 0.291015625 0.037760416666666664
0 0.521484375 0.5631510416666666 0.30078125 0.032552083333333336
2 0.5146484375 0.6100260416666666 0.287109375 0.02734375
0 0.521484375 0.6106770833333334 0.30078125 0.026041666666666668
2 0.509765625 0.654296875 0.27734375 0.02734375
0 0.521484375 0.6549479166666666 0.30078125 0.026041666666666668
2 0.505859375 0.7109375 0.26953125 0.052083333333333336
0 0.521484375 0.7115885416666666 0.30078125 0.05078125
2 0.501953125 0.767578125 0.26171875 0.02734375
0 0.521484375 0.7682291666666666 0.30078125 0.026041666666666668
2 0.51806640625 0.82421875 0.2939453125 0.052083333333333336
0 0.521484375 0.8248697916666666 0.30078125 0.05078125
2 0.51416015625 0.8932291666666666 0.2861328125 0.052083333333333336
0 0.521484375 0.8938802083333334 0.30078125 0.05078125
2 0.51318359375 0.9498697916666666 0.2841796875 0.02734375
0 0.521484375 0.9505208333333334 0.30078125 0.026041666666666668
2 0.49658203125 0.990234375 0.2509765625 0.01953125
0 0.521484375 0.9908854166666666 0.30078125 0.018229166666666668
4 0.8408203125 0.4264322916666667 0.30078125 0.22526041666666666
0 0.84033203125 0.4264322916666667 0.2998046875 0.22526041666666666
2 0.83935546875 0.6100260416666666 0.2978515625 0.13151041666666666
0 0.8408203125 0.6100260416666666 0.30078125 0.12630208333333334
2 0.81689453125 0.7161458333333334 0.2529296875 0.052083333333333336
0 0.8408203125 0.716796875 0.30078125 0.05078125
2 0.8017578125 0.7727864583333334 0.22265625 0.02734375
0 0.8408203125 0.7734375 0.30078125 0.026041666666666668
2 0.82080078125 0.8294270833333334 0.2607421875 0.052083333333333336
0 0.8408203125 0.830078125 0.30078125 0.05078125
2 0.8310546875 0.8984375 0.28125 0.052083333333333336
0 0.8408203125 0.8990885416666666 0.30078125 0.05078125
2 0.82373046875 0.9674479166666666 0.2666015625 0.052083333333333336
0 0.8408203125 0.9680989583333334 0.30078125 0.05078125
3 0.5 0.5 1 1
3 0.5 0.5 1 1