4 0.0595703125 0.044921875 0.119140625 0.029947916666666668
0 0.0693359375 0.046875 0.138671875 0.033854166666666664
7 0.18310546875 0.047526041666666664 0.0419921875 0.022135416666666668
0 0.18310546875 0.048177083333333336 0.0419921875 0.020833333333333332
7 0.27294921875 0.048177083333333336 0.0615234375 0.020833333333333332
0 0.28173828125 0.048177083333333336 0.0791015625 0.020833333333333332
4 0.31591796875 0.05078125 0.0107421875 0.0078125
7 0.39208984375 0.048177083333333336 0.0654296875 0.020833333333333332
0 0.3994140625 0.048177083333333336 0.080078125 0.020833333333333332
4 0.43408203125 0.05078125 0.0107421875 0.0078125
0 0.5166015625 0.048177083333333336 0.078125 0.020833333333333332
7 0.6162109375 0.046875 0.068359375 0.028645833333333332
0 0.6083984375 0.046875 0.107421875 0.0390625
0 0.85498046875 0.048177083333333336 0.0458984375 0.020833333333333332
7 0.94677734375 0.046875 0.0732421875 0.020833333333333332
0 0.94677734375 0.046875 0.1064453125 0.0546875
7 0.5 0.20442708333333334 0.634765625 0.07291666666666667
2 0.5 0.2877604166666667 0.626953125 0.036458333333333336
1 0.42919921875 0.3919270833333333 0.3037109375 0.08854166666666667
7 0.65625 0.3919270833333333 0.083984375 0.0234375
0 0.65625 0.3919270833333333 0.1328125 0.08854166666666667
4 0.5 0.626953125 1 0.22786458333333334
5 0.03564453125 0.5494791666666666 0.0068359375 0.028645833333333332
5 0.10888671875 0.5494791666666666 0.0380859375 0.028645833333333332
5 0.60205078125 0.5494791666666666 0.0322265625 0.028645833333333332
5 0.73974609375 0.5494791666666666 0.0498046875 0.028645833333333332
5 0.830078125 0.5494791666666666 0.03515625 0.028645833333333332
5 0.92822265625 0.5494791666666666 0.0361328125 0.028645833333333332
2 0.03759765625 0.630859375 0.0107421875 0.029947916666666668
4 0.107421875 0.6315104166666666 0.03515625 0.046875
2 0.16943359375 0.6315104166666666 0.0576171875 0.03125
2 0.22998046875 0.6315104166666666 0.0322265625 0.03125
2 0.62451171875 0.630859375 0.0771484375 0.029947916666666668
2 0.7626953125 0.630859375 0.095703125 0.029947916666666668
4 0.8515625 0.6321614583333334 0.068359375 0.029947916666666668
7 0.93896484375 0.6315104166666666 0.0244140625 0.020833333333333332
0 0.93896484375 0.6315104166666666 0.0576171875 0.0546875
2 0.03759765625 0.7233072916666666 0.0107421875 0.029947916666666668
4 0.107421875 0.7239583333333334 0.03515625 0.046875
2 0.18017578125 0.7239583333333334 0.0791015625 0.03125
2 0.25146484375 0.7239583333333334 0.0322265625 0.03125
2 0.62060546875 0.7233072916666666 0.0693359375 0.029947916666666668
2 0.7626953125 0.7233072916666666 0.095703125 0.029947916666666668
4 0.8515625 0.724609375 0.068359375 0.029947916666666668
7 0.93896484375 0.7239583333333334 0.0244140625 0.020833333333333332
0 0.93896484375 0.7239583333333334 0.0576171875 0.0546875
2 0.03759765625 0.8157552083333334 0.0107421875 0.029947916666666668
4 0.107421875 0.81640625 0.03515625 0.046875
2 0.19287109375 0.81640625 0.1044921875 0.03125
2 0.27880859375 0.81640625 0.0361328125 0.03125
2 0.6162109375 0.8157552083333334 0.060546875 0.029947916666666668
2 0.7626953125 0.8157552083333334 0.095703125 0.029947916666666668
4 0.8515625 0.8170572916666666 0.068359375 0.029947916666666668
7 0.93896484375 0.81640625 0.0244140625 0.020833333333333332
0 0.93896484375 0.81640625 0.0576171875 0.0546875
2 0.03759765625 0.908203125 0.0107421875 0.029947916666666668
4 0.107421875 0.9088541666666666 0.03515625 0.046875
2 0.173828125 0.9088541666666666 0.06640625 0.03125
2 0.23779296875 0.9088541666666666 0.0302734375 0.03125
2 0.61474609375 0.908203125 0.0576171875 0.029947916666666668
2 0.7626953125 0.908203125 0.095703125 0.029947916666666668
4 0.8515625 0.9095052083333334 0.068359375 0.029947916666666668
7 0.93896484375 0.9088541666666666 0.0244140625 0.020833333333333332
0 0.93896484375 0.9088541666666666 0.0576171875 0.0546875
0 0.755859375 0.9934895833333334 0.48828125 0.013020833333333334