0 0.107421875 0.13541666666666666 0.13671875 0.03125
0 0.27978515625 0.13541666666666666 0.0986328125 0.03125
0 0.3720703125 0.13541666666666666 0.0390625 0.03125
0 0.4453125 0.13541666666666666 0.060546875 0.03125
0 0.5478515625 0.13541666666666666 0.0625 0.03125
0 0.69921875 0.13541666666666666 0.044921875 0.03125
0 0.86083984375 0.13541666666666666 0.2001953125 0.059895833333333336
7 0.2880859375 0.041666666666666664 0.498046875 0.020833333333333332
6 0.5751953125 0.041666666666666664 0.076171875 0.020833333333333332
0 0.951171875 0.041666666666666664 0.01953125 0.03125
4 0.5 0.3828125 0.921875 0.390625
2 0.5 0.607421875 0.615234375 0.05859375
7 0.5 0.6653645833333334 0.296875 0.036458333333333336
0 0.5 0.7734375 0.21875 0.07552083333333333
0 0.5 0.7734375 0.21875 0.09635416666666667
7 0.5 0.9205729166666666 0.4296875 0.03125