4 0.056640625 0.041666666666666664 0.08203125 0.028645833333333332
0 0.056640625 0.041666666666666664 0.08203125 0.028645833333333332
7 0.162109375 0.041666666666666664 0.033203125 0.03125
0 0.171875 0.041666666666666664 0.0859375 0.052083333333333336
4 0.18994140625 0.041666666666666664 0.0244140625 0.03125
1 0.3154296875 0.041666666666666664 0.203125 0.052083333333333336
1 0.5498046875 0.041666666666666664 0.203125 0.052083333333333336
4 0.70263671875 0.041666666666666664 0.0244140625 0.03125
0 0.70263671875 0.041666666666666664 0.0400390625 0.052083333333333336
0 0.81494140625 0.041666666666666664 0.1240234375 0.041666666666666664
0 0.93408203125 0.041666666666666664 0.1005859375 0.041666666666666664
2 0.84375 0.12890625 0.28125 0.0390625
2 0.84375 0.1796875 0.28125 0.052083333333333336
1 0.84375 0.2786458333333333 0.28125 0.0625
5 0.84375 0.2786458333333333 0.28125 0.0625
1 0.79248046875 0.3567708333333333 0.1787109375 0.0625
5 0.84375 0.3567708333333333 0.28125 0.0625
0 0.93310546875 0.3580729166666667 0.1044921875 0.06510416666666667
0 0.775390625 0.4427083333333333 0.14453125 0.052083333333333336
0 0.91943359375 0.4427083333333333 0.1298828125 0.0625
4 0.97265625 0.125 0.0234375 0.03125
0 0.97265625 0.125 0.046875 0.0625
2 0.2822265625 0.27734375 0.533203125 0.2734375
4 0.7314453125 0.5670572916666666 0.537109375 0.8658854166666666
1 0.21484375 0.4817708333333333 0.3984375 0.0625
5 0.21484375 0.4817708333333333 0.3984375 0.0625
1 0.21484375 0.5598958333333334 0.3984375 0.0625
5 0.21484375 0.5598958333333334 0.3984375 0.0625
7 0.203125 0.6184895833333334 0.375 0.028645833333333332
6 0.07568359375 0.6432291666666666 0.1201171875 0.028645833333333332
7 0.15185546875 0.6432291666666666 0.0341796875 0.028645833333333332
6 0.2314453125 0.6432291666666666 0.126953125 0.028645833333333332
7 0.322265625 0.6432291666666666 0.056640625 0.028645833333333332
6 0.20703125 0.6555989583333334 0.3828125 0.053385416666666664
7 0.1240234375 0.66796875 0.107421875 0.028645833333333332
0 0.21484375 0.7330729166666666 0.3984375 0.07291666666666667