2 0.5 0.045572916666666664 1 0.044270833333333336
4 0.080078125 0.04296875 0.0390625 0.052083333333333336
0 0.080078125 0.044921875 0.0390625 0.055989583333333336
1 0.4033203125 0.04296875 0.587890625 0.036458333333333336
7 0.66162109375 0.04296875 0.0439453125 0.020833333333333332
0 0.66162109375 0.04296875 0.0693359375 0.033854166666666664
4 0.74609375 0.041015625 0.01953125 0.02734375
7 0.779296875 0.04296875 0.041015625 0.020833333333333332
0 0.76806640625 0.04296875 0.0830078125 0.0859375
4 0.83203125 0.041015625 0.025390625 0.02734375
0 0.84765625 0.04296875 0.076171875 0.0859375
7 0.8623046875 0.04296875 0.02734375 0.020833333333333332
4 0.90625 0.044921875 0.017578125 0.014322916666666666
7 0.93603515625 0.044270833333333336 0.0263671875 0.0234375
0 0.0888671875 0.10807291666666667 0.095703125 0.0390625
0 0.185546875 0.10807291666666667 0.09765625 0.0390625
0 0.2802734375 0.10807291666666667 0.091796875 0.0390625
0 0.37109375 0.10807291666666667 0.08984375 0.0390625
0 0.45263671875 0.10807291666666667 0.0732421875 0.0390625
0 0.5380859375 0.10807291666666667 0.09765625 0.0390625
4 0.5 0.3522135416666667 1 0.44921875
2 0.2333984375 0.271484375 0.375 0.12630208333333334
0 0.2333984375 0.3170572916666667 0.375 0.21744791666666666
2 0.2333984375 0.3860677083333333 0.375 0.07942708333333333
0 0.17626953125 0.462890625 0.1591796875 0.05078125
0 0.3173828125 0.462890625 0.103515625 0.05078125
0 0.25 0.6028645833333334 0.5 0.0546875
0 0.75 0.6028645833333334 0.5 0.0546875
2 0.5 0.716796875 0.947265625 0.04296875
4 0.10546875 0.8190104166666666 0.12890625 0.13802083333333334
0 0.10546875 0.83984375 0.12890625 0.1796875
2 0.10546875 0.9147135416666666 0.12890625 0.029947916666666668
4 0.26318359375 0.8190104166666666 0.1298828125 0.13802083333333334
0 0.26318359375 0.83984375 0.1298828125 0.1796875
2 0.26318359375 0.9147135416666666 0.1298828125 0.029947916666666668
4 0.42138671875 0.8190104166666666 0.1298828125 0.13802083333333334
0 0.42138671875 0.845703125 0.1591796875 0.19140625
2 0.42138671875 0.9147135416666666 0.1298828125 0.029947916666666668
4 0.5791015625 0.8190104166666666 0.12890625 0.13802083333333334
0 0.5791015625 0.83984375 0.12890625 0.1796875
2 0.5791015625 0.9147135416666666 0.12890625 0.029947916666666668
4 0.73681640625 0.8190104166666666 0.1298828125 0.13802083333333334
0 0.73681640625 0.83984375 0.1298828125 0.1796875
2 0.73681640625 0.9147135416666666 0.1298828125 0.029947916666666668
4 0.89501953125 0.8190104166666666 0.1298828125 0.13802083333333334
0 0.89501953125 0.845703125 0.1591796875 0.19140625
2 0.89501953125 0.9147135416666666 0.1298828125 0.029947916666666668
7 0.986328125 0.3880208333333333 0.02734375 0.15104166666666666
0 0.986328125 0.3111979166666667 0.02734375 0.036458333333333336
3 0.0048828125 0.5 0.009765625 1