4 0.0888671875 0.03125 0.130859375 0.041666666666666664
0 0.0888671875 0.03125 0.130859375 0.041666666666666664
6 0.25146484375 0.03125 0.0537109375 0.0625
6 0.3701171875 0.03125 0.08984375 0.0625
6 0.4892578125 0.03125 0.0546875 0.0625
0 0.84619140625 0.03125 0.1181640625 0.046875
0 0.95263671875 0.03125 0.0634765625 0.046875
2 0.5 0.14973958333333334 0.517578125 0.0703125
1 0.5 0.2604166666666667 0.796875 0.046875
7 0.107421875 0.4654947916666667 0.07421875 0.029947916666666668
2 0.263671875 0.5540364583333334 0.38671875 0.10546875
7 0.263671875 0.6998697916666666 0.38671875 0.15755208333333334
0 0.14599609375 0.845703125 0.1513671875 0.06380208333333333
0 0.3251953125 0.845703125 0.13671875 0.032552083333333336
4 0.736328125 0.65625 0.3125 0.4166666666666667