4 0.10595703125 0.039713541666666664 0.1806640625 0.048177083333333336
0 0.10205078125 0.041015625 0.2041015625 0.022135416666666668
0 0.27001953125 0.041666666666666664 0.1298828125 0.08072916666666667
0 0.38720703125 0.041666666666666664 0.1044921875 0.08072916666666667
0 0.5234375 0.041666666666666664 0.16796875 0.08072916666666667
0 0.837890625 0.041666666666666664 0.083984375 0.08072916666666667
7 0.93212890625 0.04296875 0.0654296875 0.036458333333333336
0 0.931640625 0.041666666666666664 0.10546875 0.08072916666666667
2 0.33349609375 0.18489583333333334 0.6376953125 0.0703125
2 0.33349609375 0.3209635416666667 0.6376953125 0.16536458333333334
0 0.2041015625 0.4811197916666667 0.37890625 0.07942708333333333
2 0.33349609375 0.7063802083333334 0.6376953125 0.055989583333333336
7 0.87158203125 0.7135416666666666 0.2119140625 0.0234375
0 0.87548828125 0.7135416666666666 0.2197265625 0.0234375
4 0.08203125 0.865234375 0.09765625 0.13151041666666666
0 0.25 0.8873697916666666 0.470703125 0.22526041666666666
2 0.3076171875 0.81640625 0.318359375 0.033854166666666664
6 0.3076171875 0.8678385416666666 0.318359375 0.053385416666666664
7 0.17138671875 0.9459635416666666 0.0087890625 0.022135416666666668
7 0.1962890625 0.9459635416666666 0.04296875 0.022135416666666668
7 0.2470703125 0.9459635416666666 0.052734375 0.022135416666666668
7 0.33984375 0.9459635416666666 0.0234375 0.022135416666666668
7 0.38916015625 0.9459635416666666 0.0751953125 0.022135416666666668
7 0.2294921875 0.9876302083333334 0.138671875 0.022135416666666668
7 0.3740234375 0.9876302083333334 0.111328125 0.022135416666666668
4 0.58203125 0.865234375 0.09765625 0.13151041666666666
0 0.75 0.8873697916666666 0.470703125 0.22526041666666666
2 0.8076171875 0.81640625 0.318359375 0.033854166666666664
6 0.8076171875 0.8678385416666666 0.318359375 0.053385416666666664
7 0.73095703125 0.9459635416666666 0.1279296875 0.022135416666666668
7 0.83251953125 0.9459635416666666 0.0087890625 0.022135416666666668
7 0.873046875 0.9459635416666666 0.07421875 0.022135416666666668
7 0.73193359375 0.9876302083333334 0.1435546875 0.022135416666666668
7 0.88037109375 0.9876302083333334 0.1240234375 0.022135416666666668