4 0.04248046875 0.043619791666666664 0.0458984375 0.03515625
0 0.0400390625 0.04296875 0.080078125 0.0859375
7 0.13232421875 0.042317708333333336 0.0732421875 0.016927083333333332
0 0.14306640625 0.04296875 0.1162109375 0.041666666666666664
4 0.181640625 0.043619791666666664 0.017578125 0.024739583333333332
4 0.65380859375 0.042317708333333336 0.0126953125 0.016927083333333332
0 0.70068359375 0.043619791666666664 0.1455078125 0.045572916666666664
7 0.71044921875 0.04296875 0.0869140625 0.018229166666666668
4 0.80712890625 0.042317708333333336 0.0126953125 0.016927083333333332
0 0.83984375 0.043619791666666664 0.083984375 0.040364583333333336
7 0.8447265625 0.04296875 0.0546875 0.018229166666666668
7 0.93359375 0.046223958333333336 0.052734375 0.04296875
0 0.93359375 0.045572916666666664 0.09375 0.046875
4 0.3349609375 0.3971354166666667 0.630859375 0.5208333333333334
7 0.83056640625 0.150390625 0.3017578125 0.02734375
2 0.83056640625 0.2721354166666667 0.3017578125 0.20833333333333334
0 0.7314453125 0.3984375 0.103515625 0.0234375
0 0.83740234375 0.3984375 0.0908203125 0.0234375
0 0.92041015625 0.3984375 0.0576171875 0.0234375
7 0.83056640625 0.4453125 0.3017578125 0.052083333333333336
4 0.69189453125 0.5 0.0244140625 0.03125
4 0.72509765625 0.5 0.0244140625 0.03125
4 0.75830078125 0.5 0.0244140625 0.03125
4 0.79150390625 0.5 0.0244140625 0.03125
4 0.169921875 0.8580729166666666 0.30078125 0.24739583333333334
7 0.169921875 0.9954427083333334 0.30078125 0.009114583333333334
4 0.50048828125 0.8580729166666666 0.3017578125 0.24739583333333334
4 0.3720703125 0.951171875 0.025390625 0.032552083333333336
0 0.50048828125 0.8606770833333334 0.3017578125 0.2526041666666667
7 0.50048828125 0.9954427083333334 0.3017578125 0.009114583333333334
4 0.83056640625 0.8580729166666666 0.3017578125 0.24739583333333334
7 0.83056640625 0.9954427083333334 0.3017578125 0.009114583333333334
2 0.2900390625 0.9622395833333334 0.365234375 0.020833333333333332
2 0.60693359375 0.9622395833333334 0.2705078125 0.020833333333333332
2 0.826171875 0.962890625 0.1328125 0.040364583333333336
4 0.96630859375 0.9635416666666666 0.0107421875 0.028645833333333332