2 0.1533203125 0.08854166666666667 0.244140625 0.0625
0 0.08837890625 0.08854166666666667 0.1142578125 0.0625
7 0.185546875 0.08723958333333333 0.052734375 0.0390625
0 0.1943359375 0.08528645833333333 0.087890625 0.055989583333333336
4 0.2216796875 0.08919270833333333 0.013671875 0.009114583333333334
1 0.4091796875 0.08854166666666667 0.322265625 0.049479166666666664
1 0.65234375 0.08854166666666667 0.15625 0.049479166666666664
1 0.8193359375 0.08854166666666667 0.1640625 0.0546875
0 0.93505859375 0.08854166666666667 0.0673828125 0.052083333333333336
7 0.048828125 0.01953125 0.033203125 0.018229166666666668
6 0.083984375 0.01953125 0.037109375 0.018229166666666668
7 0.11181640625 0.01953125 0.0146484375 0.018229166666666668
6 0.13818359375 0.01953125 0.0400390625 0.018229166666666668
6 0.21484375 0.01953125 0.060546875 0.018229166666666668
6 0.27392578125 0.01953125 0.0205078125 0.018229166666666668
6 0.34375 0.01953125 0.080078125 0.018229166666666668
7 0.73974609375 0.018880208333333332 0.0556640625 0.01953125
0 0.74462890625 0.018229166666666668 0.0869140625 0.033854166666666664
4 0.77294921875 0.01953125 0.0087890625 0.0078125
0 0.82763671875 0.018229166666666668 0.0673828125 0.033854166666666664
7 0.892578125 0.018880208333333332 0.015625 0.024739583333333332
0 0.892578125 0.018229166666666668 0.05078125 0.033854166666666664
4 0.94384765625 0.018229166666666668 0.0224609375 0.0234375
0 0.94384765625 0.018229166666666668 0.0439453125 0.033854166666666664
7 0.4921875 0.8333333333333334 0.9375 0.044270833333333336
6 0.43017578125 0.8450520833333334 0.0400390625 0.020833333333333332
7 0.70458984375 0.8450520833333334 0.5087890625 0.020833333333333332
6 0.08642578125 0.8684895833333334 0.1259765625 0.020833333333333332
7 0.474609375 0.8802083333333334 0.90234375 0.044270833333333336
0 0.76318359375 0.9466145833333334 0.1748046875 0.044270833333333336
0 0.92138671875 0.9466145833333334 0.1103515625 0.044270833333333336
7 0.04296875 0.17252604166666666 0.033203125 0.029947916666666668
6 0.1201171875 0.16536458333333334 0.037109375 0.020833333333333332
6 0.208984375 0.16536458333333334 0.091796875 0.020833333333333332
6 0.31103515625 0.16536458333333334 0.0634765625 0.020833333333333332
6 0.39013671875 0.16536458333333334 0.0458984375 0.020833333333333332
6 0.484375 0.16536458333333334 0.09375 0.020833333333333332
6 0.60107421875 0.16536458333333334 0.0908203125 0.020833333333333332
6 0.68505859375 0.16536458333333334 0.0283203125 0.020833333333333332
6 0.74462890625 0.16536458333333334 0.0419921875 0.020833333333333332
6 0.84765625 0.16536458333333334 0.115234375 0.020833333333333332
7 0.94482421875 0.16536458333333334 0.0302734375 0.020833333333333332
2 0.14453125 0.2688802083333333 0.2265625 0.11328125
7 0.162109375 0.3684895833333333 0.26171875 0.057291666666666664
7 0.1396484375 0.455078125 0.181640625 0.02734375
0 0.146484375 0.458984375 0.23046875 0.061197916666666664
4 0.453125 0.4036458333333333 0.21875 0.3125
0 0.34375 0.18880208333333334 0 0
4 0.671875 0.4036458333333333 0.21875 0.3125
0 0.5625 0.18880208333333334 0 0
4 0.890625 0.4036458333333333 0.21875 0.3125
0 0.78125 0.18880208333333334 0 0
2 0.16455078125 0.724609375 0.2353515625 0.03515625
7 0.185546875 0.771484375 0.27734375 0.024739583333333332
7 0.10302734375 0.8326822916666666 0.0771484375 0.02734375
4 0.43701171875 0.7955729166666666 0.1650390625 0.1953125
0 0.4375 0.8177083333333334 0.1640625 0.2630208333333333
7 0.4375 0.9368489583333334 0.1640625 0.024739583333333332
4 0.61669921875 0.7955729166666666 0.1650390625 0.19010416666666666
0 0.61669921875 0.830078125 0.1650390625 0.2877604166666667
7 0.61669921875 0.9368489583333334 0.1650390625 0.024739583333333332
6 0.55712890625 0.9602864583333334 0.0458984375 0.022135416666666668
7 0.59130859375 0.9609375 0.0048828125 0.026041666666666668
6 0.6279296875 0.9615885416666666 0.05078125 0.01953125
4 0.79638671875 0.7955729166666666 0.1650390625 0.1953125
0 0.79638671875 0.830078125 0.1650390625 0.2877604166666667
7 0.79638671875 0.9368489583333334 0.1650390625 0.024739583333333332
6 0.734375 0.9602864583333334 0.041015625 0.022135416666666668
7 0.76611328125 0.9609375 0.0048828125 0.026041666666666668
6 0.802734375 0.9615885416666666 0.05078125 0.01953125
4 0.94677734375 0.794921875 0.1064453125 0.22005208333333334
0 0.94677734375 0.8177083333333334 0.1064453125 0.2630208333333333
7 0.94677734375 0.9368489583333334 0.1064453125 0.024739583333333332
2 0.9736328125 0.6692708333333334 0.044921875 0.020833333333333332
4 0.9736328125 0.71484375 0.013671875 0.0234375
0 0.9736328125 0.71484375 0.048828125 0.06510416666666667
4 0.9736328125 0.7799479166666666 0.015625 0.0234375
0 0.9736328125 0.7799479166666666 0.048828125 0.06510416666666667