4 0.5 0.10416666666666667 0.970703125 0.203125
6 0.0615234375 0.24153645833333334 0.056640625 0.032552083333333336
6 0.07373046875 0.2727864583333333 0.0810546875 0.032552083333333336
6 0.09423828125 0.3040364583333333 0.1220703125 0.032552083333333336
1 0.10888671875 0.3567708333333333 0.1513671875 0.028645833333333332
7 0.140625 0.4049479166666667 0.21484375 0.028645833333333332
6 0.0546875 0.4329427083333333 0.04296875 0.024739583333333332
6 0.07373046875 0.4563802083333333 0.0810546875 0.024739583333333332
7 0.140625 0.4973958333333333 0.21484375 0.026041666666666668
7 0.0458984375 0.521484375 0.025390625 0.024739583333333332
6 0.083984375 0.521484375 0.05078125 0.024739583333333332
7 0.0458984375 0.5442708333333334 0.025390625 0.0234375
6 0.08837890625 0.5442708333333334 0.0595703125 0.0234375
6 0.07568359375 0.5904947916666666 0.0849609375 0.024739583333333332
6 0.06591796875 0.6139322916666666 0.0654296875 0.024739583333333332
6 0.06689453125 0.6360677083333334 0.0673828125 0.024739583333333332
6 0.0771484375 0.6595052083333334 0.087890625 0.024739583333333332
6 0.0595703125 0.6829427083333334 0.052734375 0.024739583333333332
6 0.04833984375 0.705078125 0.0302734375 0.024739583333333332
6 0.06591796875 0.728515625 0.0654296875 0.024739583333333332
6 0.11279296875 0.751953125 0.1591796875 0.024739583333333332
4 0.140625 0.8138020833333334 0.21484375 0.06770833333333333
7 0.140625 0.8736979166666666 0.21484375 0.028645833333333332
7 0.0439453125 0.9049479166666666 0.021484375 0.020833333333333332
6 0.12939453125 0.9147135416666666 0.1923828125 0.040364583333333336
7 0.13330078125 0.9440104166666666 0.2001953125 0.059895833333333336
7 0.10107421875 0.9635416666666666 0.0712890625 0.020833333333333332
7 0.13232421875 0.9765625 0.1982421875 0.046875
2 0.62353515625 0.24283854166666666 0.7177734375 0.045572916666666664
7 0.3955078125 0.3053385416666667 0.255859375 0.02734375
7 0.58349609375 0.3053385416666667 0.1201171875 0.02734375
7 0.5078125 0.357421875 0.48046875 0.029947916666666668
7 0.5068359375 0.4212239583333333 0.478515625 0.10026041666666667
7 0.35009765625 0.4583333333333333 0.1064453125 0.026041666666666668
7 0.5078125 0.5078125 0.48046875 0.125
6 0.39990234375 0.5572916666666666 0.0341796875 0.026041666666666668
7 0.4189453125 0.5572916666666666 0.00390625 0.026041666666666668
7 0.29443359375 0.6002604166666666 0.0537109375 0.026041666666666668
5 0.48583984375 0.6002604166666666 0.3212890625 0.026041666666666668
1 0.43310546875 0.6451822916666666 0.3310546875 0.029947916666666668
1 0.61767578125 0.6458333333333334 0.0302734375 0.028645833333333332
6 0.3173828125 0.6959635416666666 0.099609375 0.024739583333333332