4 0.19091796875 0.014322916666666666 0.0126953125 0.015625
4 0.20263671875 0.014322916666666666 0.0126953125 0.015625
4 0.81396484375 0.014322916666666666 0.0126953125 0.015625
7 0.19091796875 0.1015625 0.0126953125 0.15885416666666666
4 0.26611328125 0.10026041666666667 0.0810546875 0.10677083333333333
2 0.44482421875 0.055989583333333336 0.2060546875 0.026041666666666668
4 0.70068359375 0.048828125 0.2158203125 0.053385416666666664
2 0.5751953125 0.11458333333333333 0.466796875 0.052083333333333336
6 0.7158203125 0.16536458333333334 0.169921875 0.015625
7 0.81396484375 0.1015625 0.0126953125 0.15885416666666666
7 0.19091796875 0.443359375 0.0126953125 0.5247395833333334
7 0.38427734375 0.2610677083333333 0.0986328125 0.04296875
7 0.44677734375 0.2610677083333333 0.0283203125 0.04296875
1 0.568359375 0.2610677083333333 0.201171875 0.03515625
7 0.38427734375 0.302734375 0.0986328125 0.04296875
7 0.44677734375 0.302734375 0.0283203125 0.04296875
1 0.568359375 0.302734375 0.201171875 0.03515625
7 0.38427734375 0.3444010416666667 0.0986328125 0.04296875
7 0.44677734375 0.3444010416666667 0.0283203125 0.04296875
1 0.568359375 0.3444010416666667 0.201171875 0.03515625
7 0.38427734375 0.384765625 0.0986328125 0.040364583333333336
7 0.44677734375 0.384765625 0.0283203125 0.040364583333333336
1 0.56591796875 0.384765625 0.2060546875 0.032552083333333336
7 0.38427734375 0.423828125 0.0986328125 0.040364583333333336
7 0.44677734375 0.423828125 0.0283203125 0.040364583333333336
1 0.56591796875 0.423828125 0.2060546875 0.032552083333333336
7 0.38427734375 0.462890625 0.0986328125 0.040364583333333336
7 0.44677734375 0.462890625 0.0283203125 0.040364583333333336
1 0.56591796875 0.462890625 0.2060546875 0.032552083333333336
1 0.583984375 0.5 0.05078125 0.028645833333333332
1 0.640625 0.5 0.056640625 0.028645833333333332
7 0.50244140625 0.6100260416666666 0.6123046875 0.006510416666666667
4 0.19921875 0.7024739583333334 0.005859375 0.006510416666666667
7 0.37548828125 0.66015625 0.3486328125 0.09114583333333333
7 0.6650390625 0.6595052083333334 0.052734375 0.014322916666666666
4 0.693359375 0.6608072916666666 0.005859375 0.006510416666666667
4 0.74951171875 0.66015625 0.0810546875 0.057291666666666664
4 0.8056640625 0.7024739583333334 0.005859375 0.006510416666666667
7 0.81396484375 0.443359375 0.0126953125 0.5247395833333334
4 0.19091796875 0.7135416666666666 0.0126953125 0.015625
4 0.20263671875 0.7135416666666666 0.0126953125 0.015625
4 0.81396484375 0.7135416666666666 0.0126953125 0.015625