6 0.92578125 0.020182291666666668 0.12109375 0.022135416666666668
4 0.259765625 0.3645833333333333 0.380859375 0.5572916666666666
2 0.64599609375 0.240234375 0.2958984375 0.10026041666666667
7 0.64892578125 0.3274739583333333 0.3017578125 0.053385416666666664
6 0.76416015625 0.3430989583333333 0.1279296875 0.022135416666666668
7 0.66552734375 0.3899739583333333 0.3349609375 0.11588541666666667
7 0.62109375 0.4811197916666667 0.24609375 0.022135416666666668
7 0.7626953125 0.4811197916666667 0.0390625 0.022135416666666668
7 0.6689453125 0.5436197916666666 0.341796875 0.14713541666666666
7 0.66943359375 0.6666666666666666 0.3427734375 0.0625
7 0.54736328125 0.7259114583333334 0.0986328125 0.022135416666666668
6 0.64111328125 0.7415364583333334 0.2861328125 0.053385416666666664
7 0.66748046875 0.8170572916666666 0.3388671875 0.053385416666666664
6 0.701171875 0.8326822916666666 0.140625 0.022135416666666668
7 0.66552734375 0.8795572916666666 0.3349609375 0.11588541666666667