4 0.5 0.3841145833333333 0.9609375 0.5598958333333334
2 0.5 0.3450520833333333 0.84375 0.234375
7 0.16357421875 0.4817708333333333 0.1708984375 0.03125
0 0.36572265625 0.482421875 0.2333984375 0.032552083333333336
7 0.4951171875 0.5013020833333334 0.833984375 0.0703125
7 0.7919921875 0.611328125 0.064453125 0.01953125
0 0.8603515625 0.6119791666666666 0.201171875 0.052083333333333336
7 0.87060546875 0.6119791666666666 0.0732421875 0.0234375
4 0.94140625 0.6119791666666666 0.0390625 0.052083333333333336
2 0.330078125 0.76953125 0.54296875 0.0546875
4 0.330078125 0.8450520833333334 0.62109375 0.3098958333333333
4 0.330078125 0.8450520833333334 0.62109375 0.3098958333333333
2 0.8203125 0.76953125 0.2421875 0.0546875
4 0.8203125 0.8450520833333334 0.3203125 0.3098958333333333
4 0.8203125 0.8450520833333334 0.3203125 0.3098958333333333
4 0.048828125 0.052734375 0.05859375 0.02734375
0 0.048828125 0.052083333333333336 0.05859375 0.03125
7 0.46630859375 0.053385416666666664 0.0966796875 0.052083333333333336
0 0.46630859375 0.053385416666666664 0.0966796875 0.052083333333333336
7 0.55908203125 0.053385416666666664 0.0302734375 0.052083333333333336
0 0.55908203125 0.053385416666666664 0.0302734375 0.052083333333333336
7 0.6318359375 0.053385416666666664 0.056640625 0.052083333333333336
0 0.6318359375 0.053385416666666664 0.056640625 0.052083333333333336
7 0.72509765625 0.053385416666666664 0.0712890625 0.052083333333333336
0 0.72509765625 0.053385416666666664 0.0712890625 0.052083333333333336
4 0.7998046875 0.050130208333333336 0.01953125 0.02734375
0 0.7998046875 0.053385416666666664 0.01953125 0.052083333333333336
7 0.8330078125 0.053385416666666664 0.046875 0.052083333333333336
7 0.8544921875 0.052083333333333336 0.037109375 0.052083333333333336
0 0.8544921875 0.052083333333333336 0.037109375 0.052083333333333336
7 0.94140625 0.052083333333333336 0.0546875 0.052083333333333336
0 0.94140625 0.052083333333333336 0.078125 0.052083333333333336
2 0.765625 0.365234375 0.375 0.032552083333333336
7 0.75732421875 0.4544270833333333 0.3583984375 0.1015625
0 0.86328125 0.49609375 0.07421875 0.020833333333333332
7 0.90185546875 0.4954427083333333 0.0029296875 0.01953125
0 0.765625 0.5904947916666666 0.375 0.07942708333333333
7 0.03955078125 0.9661458333333334 0.0400390625 0.028645833333333332
0 0.04931640625 0.9661458333333334 0.0595703125 0.028645833333333332
7 0.0947265625 0.9661458333333334 0.03125 0.028645833333333332
0 0.1044921875 0.9661458333333334 0.05078125 0.028645833333333332
7 0.14501953125 0.9661458333333334 0.0302734375 0.028645833333333332
0 0.15478515625 0.9661458333333334 0.0498046875 0.028645833333333332
7 0.197265625 0.9661458333333334 0.03515625 0.028645833333333332
0 0.20703125 0.9661458333333334 0.0546875 0.028645833333333332
7 0.25146484375 0.9661458333333334 0.0341796875 0.028645833333333332
0 0.26123046875 0.9661458333333334 0.0537109375 0.028645833333333332
7 0.30810546875 0.9661458333333334 0.0400390625 0.028645833333333332
0 0.31787109375 0.9661458333333334 0.0595703125 0.028645833333333332
7 0.37060546875 0.9661458333333334 0.0458984375 0.028645833333333332
0 0.38037109375 0.9661458333333334 0.0654296875 0.028645833333333332
1 0.640625 0.96484375 0.263671875 0.0390625
0 0.83154296875 0.9654947916666666 0.0986328125 0.040364583333333336
4 0.9208984375 0.9654947916666666 0.021484375 0.029947916666666668
0 0.9208984375 0.96484375 0.03125 0.03125
4 0.9658203125 0.9641927083333334 0.01953125 0.02734375
0 0.96826171875 0.96484375 0.0244140625 0.026041666666666668
3 0.9658203125 0.9427083333333334 0.068359375 0.078125