2 0.095703125 0.051432291666666664 0.1484375 0.04296875
0 0.095703125 0.051432291666666664 0.1484375 0.04296875
7 0.9599609375 0.052083333333333336 0.037109375 0.020833333333333332
7 0.05126953125 0.15690104166666666 0.0595703125 0.022135416666666668
7 0.12646484375 0.15690104166666666 0.0341796875 0.022135416666666668
7 0.1982421875 0.15690104166666666 0.0546875 0.022135416666666668
7 0.306640625 0.15690104166666666 0.10546875 0.022135416666666668
7 0.42333984375 0.15690104166666666 0.0732421875 0.022135416666666668
7 0.50927734375 0.15690104166666666 0.0419921875 0.022135416666666668
7 0.57861328125 0.15690104166666666 0.0419921875 0.022135416666666668
7 0.64794921875 0.15690104166666666 0.0400390625 0.022135416666666668
7 0.74658203125 0.15690104166666666 0.1025390625 0.022135416666666668
4 0.81298828125 0.15690104166666666 0.0126953125 0.009114583333333334
0 0.76708984375 0.15690104166666666 0.1435546875 0.040364583333333336
4 0.96875 0.15625 0.01953125 0.026041666666666668
0 0.96875 0.15625 0.01953125 0.026041666666666668
3 0.5 0.29296875 0.7109375 0.1171875
4 0.81787109375 0.3665364583333333 0.0751953125 0.01953125
0 0.81787109375 0.3665364583333333 0.0751953125 0.01953125
4 0.5 0.478515625 1 0.14973958333333334
4 0.333984375 0.6770833333333334 0.625 0.46875
4 0.333984375 0.6770833333333334 0.09765625 0.1953125
2 0.296875 0.978515625 0.4921875 0.04296875
0 0.333984375 0.9557291666666666 0.625 0.08854166666666667
3 0.83203125 0.60546875 0.29296875 0.3255208333333333
4 0.94091796875 0.783203125 0.0751953125 0.01953125
0 0.94091796875 0.783203125 0.0751953125 0.01953125
4 0.83203125 0.9290364583333334 0.29296875 0.14192708333333334
0 0.83203125 0.9290364583333334 0.29296875 0.14192708333333334