0 0.5 0.01953125 0.21875 0.0390625
7 0.4833984375 0.01953125 0.876953125 0.0234375
0 0.9599609375 0.05859375 0.04296875 0.0234375
7 0.1181640625 0.057942708333333336 0.146484375 0.01953125
6 0.21142578125 0.057942708333333336 0.0400390625 0.01953125
7 0.435546875 0.057942708333333336 0.408203125 0.01953125
6 0.68017578125 0.057942708333333336 0.0810546875 0.01953125
7 0.7373046875 0.057942708333333336 0.033203125 0.01953125
6 0.83203125 0.057942708333333336 0.15625 0.01953125
7 0.91162109375 0.057942708333333336 0.0029296875 0.01953125
2 0.06787109375 0.12890625 0.0986328125 0.041666666666666664
7 0.1357421875 0.12890625 0.234375 0.044270833333333336
1 0.84423828125 0.126953125 0.2744140625 0.037760416666666664
0 0.9599609375 0.126953125 0.04296875 0.037760416666666664
2 0.1044921875 0.203125 0.171875 0.052083333333333336
0 0.1259765625 0.2109375 0.21484375 0.06770833333333333
0 0.3310546875 0.2109375 0.1953125 0.06770833333333333
0 0.4921875 0.2109375 0.126953125 0.06770833333333333
2 0.31201171875 0.30078125 0.5869140625 0.052083333333333336
4 0.947265625 0.3001302083333333 0.068359375 0.08984375
0 0.947265625 0.3046875 0.068359375 0.09895833333333333
6 0.6708984375 0.2766927083333333 0.08984375 0.029947916666666668
7 0.76611328125 0.2766927083333333 0.0478515625 0.04296875
2 0.267578125 0.4127604166666667 0.46484375 0.052083333333333336
7 0.267578125 0.4973958333333333 0.46484375 0.09895833333333333
6 0.25830078125 0.583984375 0.4462890625 0.029947916666666668
7 0.11376953125 0.6490885416666666 0.1572265625 0.029947916666666668
6 0.24560546875 0.6653645833333334 0.4208984375 0.0625
0 0.0498046875 0.7845052083333334 0.029296875 0.040364583333333336
0 0.08837890625 0.7845052083333334 0.0302734375 0.040364583333333336
0 0.12744140625 0.7845052083333334 0.0302734375 0.040364583333333336
4 0.865234375 0.4524739583333333 0.1953125 0.13151041666666666
6 0.82177734375 0.53515625 0.1083984375 0.0234375
6 0.8251953125 0.5598958333333334 0.115234375 0.0234375
4 0.865234375 0.6595052083333334 0.1953125 0.13151041666666666
6 0.85791015625 0.7545572916666666 0.1806640625 0.048177083333333336
2 0.408203125 0.9173177083333334 0.779296875 0.06901041666666667
2 0.4990234375 0.9055989583333334 0.927734375 0.029947916666666668
6 0.29736328125 0.9739583333333334 0.4169921875 0.026041666666666668