1 0.44140625 0.046875 0.64453125 0.0625
0 0.8759765625 0.046875 0.072265625 0.046875
7 0.07177734375 0.12239583333333333 0.0732421875 0.046875
0 0.1015625 0.12239583333333333 0.1328125 0.046875
7 0.2109375 0.12239583333333333 0.064453125 0.046875
0 0.23046875 0.12239583333333333 0.103515625 0.046875
7 0.31787109375 0.12239583333333333 0.0498046875 0.046875
0 0.33642578125 0.12239583333333333 0.0869140625 0.046875
7 0.42333984375 0.12239583333333333 0.0654296875 0.046875
0 0.43994140625 0.12239583333333333 0.0986328125 0.046875
7 0.54443359375 0.12239583333333333 0.0888671875 0.046875
0 0.564453125 0.12239583333333333 0.12890625 0.046875
7 0.67578125 0.12239583333333333 0.072265625 0.046875
0 0.69140625 0.12239583333333333 0.103515625 0.046875
7 0.77978515625 0.12239583333333333 0.0517578125 0.046875
0 0.79638671875 0.12239583333333333 0.0849609375 0.046875
7 0.8740234375 0.12239583333333333 0.046875 0.0234375
7 0.94189453125 0.12239583333333333 0.0283203125 0.0234375
2 0.5 0.22395833333333334 0.9765625 0.046875
2 0.1572265625 0.474609375 0.1875 0.08463541666666667
0 0.33935546875 0.4947916666666667 0.6083984375 0.4166666666666667
7 0.134765625 0.544921875 0.0390625 0.022135416666666668
7 0.16748046875 0.544921875 0.0283203125 0.022135416666666668
2 0.767578125 0.3502604166666667 0.177734375 0.09114583333333333
7 0.6982421875 0.4270833333333333 0.0390625 0.020833333333333332
7 0.73095703125 0.4270833333333333 0.0283203125 0.020833333333333332
2 0.787109375 0.6510416666666666 0.169921875 0.020833333333333332
2 0.888671875 0.6510416666666666 0.03515625 0.020833333333333332
2 0.1826171875 0.7779947916666666 0.138671875 0.022135416666666668
7 0.1748046875 0.837890625 0.291015625 0.08723958333333333
2 0.5078125 0.7779947916666666 0.1484375 0.022135416666666668
7 0.5 0.8235677083333334 0.291015625 0.05859375
2 0.833984375 0.7779947916666666 0.12890625 0.022135416666666668
7 0.8251953125 0.8235677083333334 0.291015625 0.05859375
2 0.5 0.958984375 0.9296875 0.048177083333333336