4 0.0810546875 0.0390625 0.115234375 0.044270833333333336
0 0.0810546875 0.0390625 0.115234375 0.044270833333333336
0 0.4814453125 0.037760416666666664 0.126953125 0.041666666666666664
7 0.5849609375 0.035807291666666664 0.046875 0.01953125
0 0.5947265625 0.036458333333333336 0.08203125 0.0390625
7 0.66650390625 0.035807291666666664 0.0478515625 0.01953125
0 0.669921875 0.036458333333333336 0.0703125 0.0390625
0 0.736328125 0.036458333333333336 0.064453125 0.0390625
7 0.79833984375 0.035807291666666664 0.0458984375 0.01953125
0 0.80859375 0.036458333333333336 0.08203125 0.0390625
0 0.8798828125 0.036458333333333336 0.0625 0.0390625
0 0.943359375 0.036458333333333336 0.06640625 0.0390625
7 0.0537109375 0.083984375 0.04296875 0.022135416666666668
0 0.05419921875 0.083984375 0.0615234375 0.045572916666666664
7 0.1142578125 0.083984375 0.04296875 0.022135416666666668
0 0.11376953125 0.083984375 0.0595703125 0.045572916666666664
7 0.20751953125 0.083984375 0.1123046875 0.022135416666666668
0 0.20751953125 0.083984375 0.1298828125 0.045572916666666664
7 0.29638671875 0.083984375 0.0322265625 0.022135416666666668
0 0.29638671875 0.083984375 0.0498046875 0.045572916666666664
7 0.3544921875 0.083984375 0.05078125 0.022135416666666668
0 0.3544921875 0.083984375 0.068359375 0.045572916666666664
7 0.4384765625 0.083984375 0.083984375 0.022135416666666668
0 0.4384765625 0.083984375 0.1015625 0.045572916666666664
7 0.51611328125 0.083984375 0.0380859375 0.022135416666666668
0 0.51611328125 0.083984375 0.0556640625 0.045572916666666664
7 0.5810546875 0.083984375 0.05859375 0.022135416666666668
0 0.58154296875 0.083984375 0.0771484375 0.045572916666666664
7 0.64990234375 0.083984375 0.0439453125 0.022135416666666668
0 0.64990234375 0.083984375 0.0615234375 0.045572916666666664
2 0.5 0.18424479166666666 0.94140625 0.03515625
7 0.5 0.23307291666666666 0.94140625 0.03125
3 0.177734375 0.3151041666666667 0.296875 0.1015625
7 0.08935546875 0.412109375 0.1181640625 0.05859375
0 0.08935546875 0.4127604166666667 0.1201171875 0.0625
0 0.49951171875 0.578125 0.2373046875 0.046875
4 0.10107421875 0.697265625 0.0556640625 0.07421875
2 0.2861328125 0.6881510416666666 0.287109375 0.04296875
1 0.28125 0.7591145833333334 0.279296875 0.052083333333333336
7 0.46533203125 0.7591145833333334 0.0751953125 0.041666666666666664
0 0.46533203125 0.7591145833333334 0.0771484375 0.052083333333333336
7 0.82470703125 0.6848958333333334 0.1669921875 0.026041666666666668
4 0.83935546875 0.8079427083333334 0.1474609375 0.19661458333333334
4 0.08837890625 0.8515625 0.0302734375 0.046875
7 0.181640625 0.8515625 0.1484375 0.0546875
4 0.28955078125 0.8515625 0.0302734375 0.046875
7 0.390625 0.8515625 0.1640625 0.0546875
4 0.50634765625 0.8515625 0.0302734375 0.046875
7 0.630859375 0.8515625 0.2109375 0.0546875
7 0.380859375 0.9348958333333334 0.615234375 0.0390625