4 0.08447265625 0.052734375 0.1103515625 0.07161458333333333
0 0.08447265625 0.052734375 0.1103515625 0.07161458333333333
1 0.572265625 0.055338541666666664 0.525390625 0.11067708333333333
0 0.87548828125 0.055338541666666664 0.0830078125 0.11067708333333333
4 0.38232421875 0.018880208333333332 0.1064453125 0.037760416666666664
6 0.71533203125 0.0032552083333333335 0.5322265625 0.006510416666666667
0 0.6552734375 0.022135416666666668 0.65234375 0.044270833333333336
7 0.49169921875 0.026692708333333332 0.0849609375 0.024739583333333332
7 0.55615234375 0.027994791666666668 0.0244140625 0.024739583333333332
0 0.95849609375 0.055338541666666664 0.0830078125 0.11067708333333333
7 0.79443359375 0.14908854166666666 0.0869140625 0.02734375
0 0.8525390625 0.16666666666666666 0.232421875 0.07291666666666667
7 0.830078125 0.166015625 0.158203125 0.061197916666666664
7 0.79443359375 0.14908854166666666 0.0869140625 0.02734375
0 0.8525390625 0.16666666666666666 0.232421875 0.07291666666666667
7 0.830078125 0.166015625 0.158203125 0.061197916666666664
7 0.31640625 0.3359375 0.515625 0.028645833333333332
7 0.31640625 0.4934895833333333 0.515625 0.2604166666666667
7 0.78662109375 0.4453125 0.2802734375 0.028645833333333332
7 0.7958984375 0.5266927083333334 0.26171875 0.10026041666666667
7 0.78662109375 0.609375 0.2802734375 0.028645833333333332
4 0.5 0.41015625 1 0.5989583333333334
2 0.5 0.80078125 0.8828125 0.052083333333333336
7 0.5 0.91015625 0.8828125 0.036458333333333336
0 0.490234375 0.98828125 0.412109375 0.0234375
0 0.490234375 0.98828125 0.412109375 0.0234375
0 0.490234375 0.98828125 0.412109375 0.0234375
2 0.34130859375 0.5338541666666666 0.5654296875 0.03125
7 0.3251953125 0.5859375 0.533203125 0.052083333333333336
7 0.32275390625 0.6165364583333334 0.5283203125 0.053385416666666664
7 0.2861328125 0.6302083333333334 0.345703125 0.0234375
7 0.52880859375 0.6315104166666666 0.1396484375 0.0234375
7 0.3369140625 0.6595052083333334 0.556640625 0.08203125
7 0.23681640625 0.6901041666666666 0.2001953125 0.0234375
7 0.33056640625 0.7180989583333334 0.5439453125 0.08203125
7 0.23291015625 0.7486979166666666 0.1416015625 0.0234375
7 0.32470703125 0.7623697916666666 0.5322265625 0.053385416666666664
7 0.34130859375 0.86328125 0.5654296875 0.0859375
7 0.095703125 0.94921875 0.07421875 0.0234375
0 0.17578125 0.951171875 0.0859375 0.024739583333333332
7 0.28955078125 0.94921875 0.1416015625 0.0234375
0 0.7939453125 0.6223958333333334 0.275390625 0.10416666666666667
0 0.7939453125 0.7317708333333334 0.275390625 0.07291666666666667