4 0.138671875 0.064453125 0.1953125 0.10286458333333333
1 0.8056640625 0.06380208333333333 0.15625 0.028645833333333332
7 0.8857421875 0.06380208333333333 0.00390625 0.028645833333333332
4 0.92431640625 0.064453125 0.0126953125 0.016927083333333332
0 0.92431640625 0.064453125 0.0673828125 0.03515625
7 0.09228515625 0.173828125 0.0732421875 0.024739583333333332
0 0.09228515625 0.17122395833333334 0.1025390625 0.08463541666666667
7 0.1806640625 0.173828125 0.044921875 0.024739583333333332
0 0.1806640625 0.17122395833333334 0.07421875 0.08463541666666667
7 0.26025390625 0.173828125 0.0556640625 0.024739583333333332
0 0.26025390625 0.17122395833333334 0.0849609375 0.08463541666666667
7 0.365234375 0.173828125 0.095703125 0.024739583333333332
0 0.365234375 0.17122395833333334 0.125 0.08463541666666667
7 0.46435546875 0.173828125 0.0439453125 0.024739583333333332
0 0.46435546875 0.17122395833333334 0.0732421875 0.08463541666666667
0 0.5634765625 0.17122395833333334 0.125 0.08463541666666667
0 0.68310546875 0.17122395833333334 0.1142578125 0.08463541666666667
0 0.8828125 0.173828125 0.15234375 0.04296875
7 0.88037109375 0.8307291666666666 0.1650390625 0.0234375
7 0.87646484375 0.8541666666666666 0.1728515625 0.0234375
7 0.0205078125 0.2916666666666667 0.041015625 0.026041666666666668
4 0.34228515625 0.462890625 0.6025390625 0.3684895833333333
6 0.09130859375 0.671875 0.1005859375 0.026041666666666668
7 0.33056640625 0.7239583333333334 0.5791015625 0.052083333333333336
6 0.46923828125 0.7369791666666666 0.0986328125 0.026041666666666668
7 0.31396484375 0.75 0.5458984375 0.052083333333333336
4 0.82177734375 0.462890625 0.3564453125 0.3684895833333333
6 0.71044921875 0.671875 0.1337890625 0.026041666666666668
7 0.81005859375 0.7109375 0.3330078125 0.026041666666666668
6 0.98828125 0.7109375 0.0234375 0.026041666666666668
7 0.82177734375 0.7239583333333334 0.3564453125 0.052083333333333336
4 0.32666015625 0.7962239583333334 0.0107421875 0.014322916666666666
0 0.32666015625 0.7975260416666666 0.0166015625 0.016927083333333332
4 0.34228515625 0.7962239583333334 0.0107421875 0.014322916666666666
0 0.34228515625 0.7975260416666666 0.0166015625 0.016927083333333332
4 0.35791015625 0.7962239583333334 0.0107421875 0.014322916666666666
0 0.35791015625 0.7975260416666666 0.0166015625 0.016927083333333332
4 0.8154296875 0.373046875 0.287109375 0.09765625
3 0.8154296875 0.671875 0.287109375 0.4114583333333333
7 0.75830078125 0.9108072916666666 0.1728515625 0.029947916666666668
7 0.8955078125 0.9108072916666666 0.103515625 0.029947916666666668
7 0.8115234375 0.9251302083333334 0.279296875 0.05859375
6 0.8095703125 0.939453125 0.064453125 0.029947916666666668
7 0.7841796875 0.9537760416666666 0.224609375 0.05859375
6 0.79296875 0.9765625 0.2421875 0.046875
7 0.8134765625 0.9908854166666666 0.283203125 0.018229166666666668
3 0.9462890625 0.9283854166666666 0.068359375 0.09114583333333333