4 0.0693359375 0.048828125 0.0859375 0.032552083333333336
0 0.09619140625 0.048828125 0.1396484375 0.09765625
2 0.5146484375 0.17903645833333334 0.947265625 0.05859375
7 0.06591796875 0.2916666666666667 0.0791015625 0.020833333333333332
6 0.134765625 0.2890625 0.05859375 0.03125
7 0.16845703125 0.2916666666666667 0.0087890625 0.020833333333333332
6 0.20458984375 0.2890625 0.0634765625 0.03125
7 0.04638671875 0.3385416666666667 0.0400390625 0.020833333333333332
6 0.095703125 0.3359375 0.05859375 0.03125
7 0.12939453125 0.3385416666666667 0.0087890625 0.020833333333333332
6 0.1689453125 0.3359375 0.0703125 0.03125
7 0.0498046875 0.3854166666666667 0.046875 0.020833333333333332
6 0.1025390625 0.3828125 0.05859375 0.03125
7 0.13623046875 0.3854166666666667 0.0087890625 0.020833333333333332
6 0.17236328125 0.3828125 0.0634765625 0.03125
7 0.0439453125 0.4322916666666667 0.03515625 0.020833333333333332
6 0.0908203125 0.4296875 0.05859375 0.03125
7 0.0517578125 0.4791666666666667 0.05078125 0.020833333333333332
6 0.1064453125 0.4765625 0.05859375 0.03125
7 0.14013671875 0.4791666666666667 0.0087890625 0.020833333333333332
6 0.1787109375 0.4765625 0.068359375 0.03125
0 0.1748046875 0.5963541666666666 0.296875 0.018229166666666668
0 0.1748046875 0.640625 0.296875 0.018229166666666668
0 0.1748046875 0.6848958333333334 0.296875 0.018229166666666668
0 0.5 0.5963541666666666 0.296875 0.018229166666666668
0 0.5 0.640625 0.296875 0.018229166666666668
0 0.5 0.6848958333333334 0.296875 0.018229166666666668
0 0.8251953125 0.5963541666666666 0.296875 0.018229166666666668
0 0.8251953125 0.640625 0.296875 0.018229166666666668
2 0.5 0.853515625 0.947265625 0.05859375
7 0.0498046875 0.953125 0.046875 0.020833333333333332
6 0.1025390625 0.9505208333333334 0.05859375 0.03125
7 0.06591796875 0.9947916666666666 0.0791015625 0.010416666666666666
6 0.134765625 0.9908854166666666 0.05859375 0.018229166666666668
7 0.3740234375 0.953125 0.044921875 0.020833333333333332
6 0.42529296875 0.9505208333333334 0.0595703125 0.03125
7 0.376953125 0.9947916666666666 0.05078125 0.010416666666666666
6 0.43115234375 0.9908854166666666 0.0595703125 0.018229166666666668
7 0.69580078125 0.953125 0.0380859375 0.020833333333333332
6 0.74365234375 0.9505208333333334 0.0595703125 0.03125
7 0.70068359375 0.9947916666666666 0.0478515625 0.010416666666666666
6 0.75341796875 0.9908854166666666 0.0595703125 0.018229166666666668