4 0.02734375 0.01171875 0.015625 0.020833333333333332
7 0.05859375 0.014322916666666666 0.03515625 0.020833333333333332
6 0.11962890625 0.014322916666666666 0.0244140625 0.020833333333333332
6 0.1796875 0.014322916666666666 0.033203125 0.020833333333333332
6 0.24951171875 0.014322916666666666 0.0439453125 0.020833333333333332
6 0.32275390625 0.014322916666666666 0.0400390625 0.020833333333333332
6 0.4169921875 0.014322916666666666 0.0859375 0.020833333333333332
6 0.51123046875 0.014322916666666666 0.0400390625 0.020833333333333332
6 0.5830078125 0.014322916666666666 0.041015625 0.020833333333333332
6 0.6552734375 0.014322916666666666 0.041015625 0.020833333333333332
0 0.107421875 0.07096354166666667 0.08984375 0.045572916666666664
1 0.3603515625 0.07096354166666667 0.330078125 0.045572916666666664
4 0.5693359375 0.07096354166666667 0.0234375 0.032552083333333336
0 0.5693359375 0.07096354166666667 0.087890625 0.045572916666666664
7 0.76953125 0.07161458333333333 0.044921875 0.020833333333333332
0 0.76953125 0.072265625 0.080078125 0.03515625
4 0.8505859375 0.07291666666666667 0.025390625 0.033854166666666664
0 0.8505859375 0.07421875 0.029296875 0.046875
4 0.9013671875 0.07552083333333333 0.029296875 0.0390625
0 0.919921875 0.07421875 0.06640625 0.046875
7 0.919921875 0.07552083333333333 0.06640625 0.03125
0 0.06591796875 0.13802083333333334 0.0927734375 0.049479166666666664
4 0.822265625 0.14127604166666666 0.01171875 0.016927083333333332
0 0.8837890625 0.14192708333333334 0.173828125 0.03125
7 0.859375 0.14192708333333334 0.0546875 0.020833333333333332
7 0.9189453125 0.14192708333333334 0.064453125 0.020833333333333332
0 0.18359375 0.13802083333333334 0.083984375 0.049479166666666664
0 0.2900390625 0.13802083333333334 0.0703125 0.049479166666666664
0 0.3974609375 0.13802083333333334 0.0859375 0.049479166666666664
0 0.50341796875 0.13802083333333334 0.0673828125 0.049479166666666664
7 0.59619140625 0.140625 0.0595703125 0.020833333333333332
0 0.603515625 0.13802083333333334 0.07421875 0.049479166666666664
4 0.6357421875 0.14127604166666666 0.009765625 0.016927083333333332
0 0.16943359375 0.19270833333333334 0.0556640625 0.049479166666666664
0 0.24365234375 0.19270833333333334 0.0341796875 0.049479166666666664
0 0.34716796875 0.19270833333333334 0.1142578125 0.049479166666666664
0 0.4560546875 0.19270833333333334 0.044921875 0.049479166666666664
0 0.54248046875 0.19270833333333334 0.0693359375 0.049479166666666664
0 0.6220703125 0.19270833333333334 0.03125 0.049479166666666664
4 0.6787109375 0.14127604166666666 0.015625 0.022135416666666668
4 0.056640625 0.20638020833333334 0.015625 0.022135416666666668
0 0.27880859375 0.20703125 0.5185546875 0.036458333333333336
7 0.099609375 0.20638020833333334 0.05859375 0.022135416666666668
7 0.18408203125 0.20638020833333334 0.1044921875 0.022135416666666668
7 0.23779296875 0.20638020833333334 0.0029296875 0.022135416666666668
7 0.279296875 0.20638020833333334 0.060546875 0.022135416666666668
7 0.31884765625 0.20638020833333334 0.0126953125 0.022135416666666668
7 0.34130859375 0.20638020833333334 0.0322265625 0.022135416666666668
7 0.359375 0.20638020833333334 0.00390625 0.022135416666666668
7 0.37255859375 0.20638020833333334 0.0224609375 0.022135416666666668
7 0.4326171875 0.20638020833333334 0.0625 0.022135416666666668
7 0.48779296875 0.20638020833333334 0.0380859375 0.022135416666666668
4 0.521484375 0.20638020833333334 0.01953125 0.02734375
4 0.859375 0.201171875 0.015625 0.022135416666666668
7 0.92626953125 0.20052083333333334 0.1083984375 0.018229166666666668
2 0.0458984375 0.248046875 0.052734375 0.022135416666666668
2 0.046875 0.275390625 0.0546875 0.022135416666666668
2 0.0380859375 0.2955729166666667 0.037109375 0.018229166666666668
2 0.06103515625 0.2955729166666667 0.0048828125 0.018229166666666668
2 0.08349609375 0.2955729166666667 0.0400390625 0.018229166666666668
2 0.10546875 0.2955729166666667 0.00390625 0.018229166666666668
2 0.21435546875 0.248046875 0.0478515625 0.022135416666666668
2 0.22216796875 0.275390625 0.0634765625 0.022135416666666668
2 0.212890625 0.2955729166666667 0.044921875 0.018229166666666668
2 0.2392578125 0.2955729166666667 0.005859375 0.018229166666666668
2 0.26171875 0.2955729166666667 0.041015625 0.018229166666666668
2 0.28369140625 0.2955729166666667 0.0048828125 0.018229166666666668
2 0.3876953125 0.248046875 0.05078125 0.022135416666666668
2 0.39013671875 0.275390625 0.0556640625 0.022135416666666668
2 0.38134765625 0.2955729166666667 0.0380859375 0.018229166666666668
2 0.404296875 0.2955729166666667 0.005859375 0.018229166666666668
2 0.4267578125 0.2955729166666667 0.041015625 0.018229166666666668
2 0.44873046875 0.2955729166666667 0.0048828125 0.018229166666666668
2 0.576171875 0.248046875 0.083984375 0.022135416666666668
2 0.56201171875 0.275390625 0.0556640625 0.022135416666666668
2 0.5498046875 0.2955729166666667 0.03125 0.018229166666666668
2 0.5693359375 0.2955729166666667 0.005859375 0.018229166666666668
2 0.591796875 0.2955729166666667 0.041015625 0.018229166666666668
2 0.61376953125 0.2955729166666667 0.0048828125 0.018229166666666668
2 0.7353515625 0.248046875 0.05859375 0.022135416666666668
2 0.7236328125 0.275390625 0.03515625 0.022135416666666668
2 0.72119140625 0.2955729166666667 0.0302734375 0.018229166666666668
2 0.74072265625 0.2955729166666667 0.0048828125 0.018229166666666668
2 0.76318359375 0.2955729166666667 0.0400390625 0.018229166666666668
2 0.78515625 0.2955729166666667 0.00390625 0.018229166666666668
4 0.8828125 0.2727864583333333 0.029296875 0.040364583333333336
0 0.884765625 0.2727864583333333 0.021484375 0.07942708333333333
4 0.90625 0.2727864583333333 0.029296875 0.040364583333333336
0 0.90625 0.2727864583333333 0.021484375 0.07942708333333333
4 0.220703125 0.4791666666666667 0.40234375 0.3020833333333333
2 0.21728515625 0.4967447916666667 0.3603515625 0.06640625
0 0.21728515625 0.546875 0.3603515625 0.16666666666666666
6 0.21728515625 0.5514322916666666 0.3603515625 0.045572916666666664
6 0.21728515625 0.6015625 0.3603515625 0.057291666666666664
4 0.47509765625 0.3743489583333333 0.0693359375 0.09244791666666667
0 0.54443359375 0.3743489583333333 0.2080078125 0.09244791666666667
2 0.58447265625 0.365234375 0.1279296875 0.06380208333333333
6 0.54443359375 0.4095052083333333 0.2080078125 0.01953125
4 0.47509765625 0.4798177083333333 0.0693359375 0.09244791666666667
0 0.54443359375 0.4791666666666667 0.2080078125 0.09114583333333333
2 0.58447265625 0.470703125 0.1279296875 0.06380208333333333
6 0.54443359375 0.5149739583333334 0.2080078125 0.01953125
4 0.47509765625 0.5852864583333334 0.0693359375 0.09244791666666667
0 0.54443359375 0.5846354166666666 0.2080078125 0.09114583333333333
2 0.58447265625 0.576171875 0.1279296875 0.06380208333333333
6 0.54443359375 0.6204427083333334 0.2080078125 0.01953125
4 0.1767578125 0.7740885416666666 0.05859375 0.07942708333333333
4 0.1767578125 0.7740885416666666 0.314453125 0.23828125
4 0.1767578125 0.7740885416666666 0.314453125 0.23828125
7 0.1767578125 0.7545572916666666 0.314453125 0.032552083333333336
7 0.1767578125 0.8001302083333334 0.28125 0.053385416666666664
7 0.1767578125 0.8444010416666666 0.314453125 0.022135416666666668
4 0.41748046875 0.7109375 0.1474609375 0.11197916666666667
4 0.41748046875 0.7154947916666666 0.0595703125 0.07942708333333333
0 0.41259765625 0.7747395833333334 0.1572265625 0.23958333333333334
2 0.41748046875 0.8118489583333334 0.1474609375 0.06380208333333333
6 0.41748046875 0.859375 0.1474609375 0.033854166666666664
4 0.57470703125 0.7109375 0.1474609375 0.11197916666666667
4 0.57470703125 0.7154947916666666 0.0595703125 0.07942708333333333
0 0.56982421875 0.7747395833333334 0.1572265625 0.23958333333333334
7 0.62158203125 0.748046875 0.0439453125 0.02734375
2 0.57470703125 0.8118489583333334 0.1474609375 0.06380208333333333
6 0.57470703125 0.859375 0.1474609375 0.033854166666666664
4 0.06591796875 0.9615885416666666 0.0927734375 0.07682291666666667
0 0.12451171875 0.9615885416666666 0.2099609375 0.07682291666666667
2 0.166015625 0.9680989583333334 0.083984375 0.06380208333333333
4 0.275390625 0.9615885416666666 0.09375 0.07682291666666667
0 0.33349609375 0.9615885416666666 0.2099609375 0.07682291666666667
2 0.37548828125 0.9680989583333334 0.0849609375 0.06380208333333333
4 0.484375 0.9615885416666666 0.09375 0.07682291666666667
0 0.54296875 0.9615885416666666 0.2109375 0.07682291666666667
2 0.58447265625 0.9680989583333334 0.0849609375 0.06380208333333333
1 0.833984375 0.349609375 0.29296875 0.04296875
4 0.958984375 0.349609375 0.01953125 0.02734375
0 0.958984375 0.349609375 0.041015625 0.04296875
7 0.83447265625 0.42578125 0.1708984375 0.020833333333333332
0 0.833984375 0.4264322916666667 0.29296875 0.061197916666666664
7 0.7705078125 0.4908854166666667 0.166015625 0.0234375
7 0.92724609375 0.4928385416666667 0.0654296875 0.022135416666666668
4 0.97265625 0.494140625 0.015625 0.022135416666666668
7 0.74853515625 0.521484375 0.1220703125 0.024739583333333332
0 0.75830078125 0.5221354166666666 0.1416015625 0.026041666666666668
4 0.8193359375 0.5240885416666666 0.015625 0.022135416666666668
7 0.833984375 0.5787760416666666 0.103515625 0.022135416666666668
7 0.73486328125 0.662109375 0.0947265625 0.024739583333333332
7 0.833984375 0.7259114583333334 0.2421875 0.022135416666666668
0 0.833984375 0.771484375 0.13671875 0.045572916666666664
7 0.751953125 0.8391927083333334 0.12890625 0.024739583333333332
0 0.76171875 0.83984375 0.1484375 0.026041666666666668
4 0.826171875 0.841796875 0.015625 0.022135416666666668
7 0.70556640625 0.8736979166666666 0.0361328125 0.018229166666666668
7 0.8095703125 0.8736979166666666 0.048828125 0.018229166666666668
7 0.8876953125 0.8736979166666666 0.0390625 0.018229166666666668
7 0.955078125 0.8736979166666666 0.05078125 0.018229166666666668
0 0.71923828125 0.9108072916666666 0.0634765625 0.024739583333333332
7 0.716796875 0.9329427083333334 0.05859375 0.022135416666666668
7 0.8046875 0.91015625 0.05859375 0.0234375
7 0.88037109375 0.91015625 0.0537109375 0.0234375
7 0.955078125 0.91015625 0.05078125 0.0234375
0 0.71923828125 0.9680989583333334 0.0634765625 0.024739583333333332
7 0.72314453125 0.9895833333333334 0.0712890625 0.020833333333333332
7 0.81103515625 0.9674479166666666 0.0458984375 0.0234375
7 0.888671875 0.9674479166666666 0.037109375 0.0234375
7 0.9560546875 0.9674479166666666 0.048828125 0.0234375
4 0.5 1 0.814453125 0
0 0.89697265625 1 0.0205078125 0