3 0.5 0.05859375 0.7109375 0.1171875
4 0.5 0.18229166666666666 0.083984375 0.11197916666666667
0 0 0.1171875 0 0
4 0.0439453125 0.169921875 0.029296875 0.032552083333333336
4 0.0966796875 0.16927083333333334 0.01953125 0.026041666666666668
0 0.0966796875 0.18359375 0.025390625 0.0234375
4 0.12890625 0.16927083333333334 0.01953125 0.026041666666666668
0 0.12890625 0.18359375 0.025390625 0.0234375
4 0.1611328125 0.16927083333333334 0.01953125 0.026041666666666668
0 0.1611328125 0.18359375 0.025390625 0.0234375
4 0.193359375 0.16927083333333334 0.01953125 0.026041666666666668
0 0.193359375 0.18359375 0.025390625 0.0234375
4 0.2255859375 0.16927083333333334 0.01953125 0.026041666666666668
0 0.2255859375 0.18359375 0.025390625 0.0234375
4 0.2578125 0.16927083333333334 0.01953125 0.026041666666666668
0 0.2578125 0.18359375 0.025390625 0.0234375
6 0.31689453125 0.173828125 0.0537109375 0.01953125
6 0.376953125 0.173828125 0.021484375 0.01953125
1 0.8603515625 0.169921875 0.224609375 0.048177083333333336
4 0.9521484375 0.16796875 0.017578125 0.1953125
4 0.62353515625 0.17122395833333334 0.0302734375 0.022135416666666668
0 0.6396484375 0.17057291666666666 0.0625 0.041666666666666664
7 0.654296875 0.17447916666666666 0.033203125 0.028645833333333332
4 0.04052734375 0.2623697916666667 0.0400390625 0.024739583333333332
7 0.13525390625 0.2662760416666667 0.1376953125 0.022135416666666668
6 0.265625 0.2662760416666667 0.05078125 0.022135416666666668
6 0.35107421875 0.2662760416666667 0.0478515625 0.022135416666666668
6 0.45361328125 0.2662760416666667 0.0849609375 0.022135416666666668
6 0.548828125 0.2662760416666667 0.033203125 0.022135416666666668
6 0.62255859375 0.2662760416666667 0.0419921875 0.022135416666666668
6 0.69775390625 0.2662760416666667 0.0361328125 0.022135416666666668
6 0.78173828125 0.2662760416666667 0.0595703125 0.022135416666666668
6 0.91845703125 0.2662760416666667 0.1220703125 0.022135416666666668
2 0.25390625 0.7330729166666666 0.349609375 0.044270833333333336
4 0.13525390625 0.9231770833333334 0.2138671875 0.15364583333333334
0 0.13525390625 0.923828125 0.2138671875 0.15234375
4 0.37841796875 0.9231770833333334 0.2138671875 0.15364583333333334
0 0.37841796875 0.923828125 0.2138671875 0.15234375
4 0.62158203125 0.9231770833333334 0.2138671875 0.15364583333333334
0 0.62158203125 0.923828125 0.2138671875 0.15234375
4 0.62158203125 0.955078125 0.0595703125 0.07942708333333333
0 0.62158203125 0.955078125 0.0595703125 0.07942708333333333
7 0.7919921875 0.8723958333333334 0.068359375 0.03125
2 0.80029296875 0.9153645833333334 0.0439453125 0.0234375
2 0.8359375 0.9440104166666666 0.115234375 0.026041666666666668
0 0.8359375 0.9440104166666666 0.115234375 0.028645833333333332
7 0.86474609375 0.96875 0.1728515625 0.020833333333333332
0 0.845703125 0.994140625 0.134765625 0.01171875