4 0.056640625 0.036458333333333336 0.08203125 0.028645833333333332
0 0.056640625 0.036458333333333336 0.08203125 0.028645833333333332
0 0.8310546875 0.036458333333333336 0.08203125 0.041666666666666664
0 0.93212890625 0.036458333333333336 0.1064453125 0.041666666666666664
2 0.84375 0.12890625 0.28125 0.0390625
2 0.84375 0.1796875 0.28125 0.052083333333333336
1 0.84375 0.2786458333333333 0.28125 0.0625
5 0.84375 0.2786458333333333 0.28125 0.0625
1 0.8046875 0.3567708333333333 0.203125 0.0625
5 0.84375 0.3567708333333333 0.28125 0.0625
0 0.94482421875 0.3580729166666667 0.0791015625 0.06510416666666667
0 0.7744140625 0.4427083333333333 0.142578125 0.052083333333333336
0 0.9189453125 0.4427083333333333 0.1328125 0.0625
4 0.97265625 0.125 0.0234375 0.03125
0 0.97265625 0.125 0.046875 0.0625
2 0.2822265625 0.2669270833333333 0.533203125 0.2734375
4 0.7314453125 0.58203125 0.537109375 0.8359375
7 0.11767578125 0.5052083333333334 0.1728515625 0.036458333333333336
0 0.21484375 0.5052083333333334 0.3984375 0.078125
4 0.38671875 0.5052083333333334 0.0234375 0.03125
7 0.1953125 0.6223958333333334 0.328125 0.07291666666666667
0 0.21484375 0.6223958333333334 0.3984375 0.11458333333333333
4 0.38671875 0.6223958333333334 0.0234375 0.03125
7 0.19287109375 0.7395833333333334 0.3232421875 0.036458333333333336
0 0.21484375 0.7395833333333334 0.3984375 0.078125
4 0.38671875 0.7395833333333334 0.0234375 0.03125