4 0.5 0.052083333333333336 1 0.10416666666666667
2 0.35546875 0.5 0.318359375 1
2 0.494140625 0.18424479166666666 0.126953125 0.040364583333333336
7 0.56640625 0.22200520833333334 0.271484375 0.02734375
6 0.5869140625 0.26953125 0.169921875 0.018229166666666668
6 0.3330078125 0.3118489583333333 0.15625 0.01953125
6 0.3330078125 0.337890625 0.1328125 0.01953125
6 0.5859375 0.31640625 0.12109375 0.018229166666666668
6 0.5859375 0.3424479166666667 0.123046875 0.018229166666666668
6 0.84033203125 0.31640625 0.1123046875 0.018229166666666668
6 0.83984375 0.3424479166666667 0.115234375 0.018229166666666668
2 0.326171875 0.4420572916666667 0.22265625 0.032552083333333336
4 0.56884765625 0.583984375 0.1181640625 0.22005208333333334
7 0.22509765625 0.4889322916666667 0.0205078125 0.022135416666666668
7 0.2412109375 0.4889322916666667 0.015625 0.022135416666666668
6 0.2529296875 0.4830729166666667 0.0078125 0.018229166666666668
7 0.349609375 0.5032552083333334 0.26953125 0.05078125
7 0.30615234375 0.517578125 0.0751953125 0.022135416666666668
6 0.3642578125 0.517578125 0.044921875 0.022135416666666668
6 0.4052734375 0.517578125 0.03125 0.022135416666666668
7 0.3447265625 0.5319010416666666 0.259765625 0.05078125
6 0.3984375 0.5462239583333334 0.05859375 0.022135416666666668
7 0.35546875 0.5748697916666666 0.28125 0.07942708333333333
6 0.3095703125 0.603515625 0.162109375 0.022135416666666668
7 0.3291015625 0.6178385416666666 0.228515625 0.05078125
6 0.419921875 0.6321614583333334 0.08984375 0.022135416666666668
7 0.3505859375 0.6608072916666666 0.271484375 0.07942708333333333
6 0.38720703125 0.689453125 0.0830078125 0.022135416666666668
7 0.3369140625 0.7037760416666666 0.244140625 0.05078125
6 0.3291015625 0.7180989583333334 0.1171875 0.022135416666666668
7 0.39013671875 0.7180989583333334 0.0048828125 0.022135416666666668
7 0.4208984375 0.798828125 0.412109375 0.10807291666666667
6 0.28515625 0.8704427083333334 0.140625 0.022135416666666668
7 0.35595703125 0.8704427083333334 0.0048828125 0.022135416666666668
7 0.419921875 0.9485677083333334 0.41015625 0.10286458333333333
2 0.73876953125 0.4420572916666667 0.1123046875 0.032552083333333336
6 0.71240234375 0.4889322916666667 0.0595703125 0.022135416666666668
7 0.81787109375 0.517578125 0.2705078125 0.07942708333333333
6 0.88134765625 0.5462239583333334 0.0244140625 0.022135416666666668
7 0.81884765625 0.5891927083333334 0.2724609375 0.10807291666666667
7 0.77197265625 0.669921875 0.1787109375 0.022135416666666668
6 0.7998046875 0.6842447916666666 0.234375 0.05078125
7 0.81884765625 0.6985677083333334 0.1435546875 0.022135416666666668
7 0.91259765625 0.6985677083333334 0.0439453125 0.022135416666666668
7 0.76318359375 0.7272135416666666 0.1611328125 0.022135416666666668
7 0.88232421875 0.7272135416666666 0.0771484375 0.022135416666666668
6 0.81787109375 0.7415364583333334 0.2705078125 0.05078125
7 0.8173828125 0.8274739583333334 0.26953125 0.16536458333333334
7 0.8203125 0.9609375 0.275390625 0.078125
2 0.1025390625 0.5078125 0.205078125 0.984375
7 0.62353515625 0.020833333333333332 0.0888671875 0.026041666666666668
6 0.70458984375 0.024739583333333332 0.0576171875 0.018229166666666668
6 0.7763671875 0.024739583333333332 0.0703125 0.018229166666666668
6 0.8623046875 0.024739583333333332 0.087890625 0.018229166666666668
6 0.9501953125 0.024739583333333332 0.0703125 0.018229166666666668
0 0.201171875 0.078125 0.056640625 0.052083333333333336
0 0.267578125 0.078125 0.078125 0.052083333333333336
0 0.53271484375 0.078125 0.0380859375 0.052083333333333336
0 0.61328125 0.078125 0.125 0.052083333333333336
0 0.72607421875 0.078125 0.1025390625 0.052083333333333336
1 0.884765625 0.08072916666666667 0.201171875 0.036458333333333336
1 0.9716796875 0.08072916666666667 0.0234375 0.033854166666666664
1 0.9716796875 0.08072916666666667 0.0234375 0.033854166666666664
4 0.0859375 0.10416666666666667 0.15625 0.20833333333333334
6 0.0458984375 0.251953125 0.0390625 0.01953125
6 0.080078125 0.2766927083333333 0.107421875 0.01953125
6 0.07080078125 0.3014322916666667 0.0888671875 0.01953125
6 0.04736328125 0.326171875 0.0419921875 0.01953125
2 0.0908203125 0.3704427083333333 0.12890625 0.01953125
6 0.08447265625 0.4016927083333333 0.1162109375 0.01953125
6 0.03857421875 0.4264322916666667 0.0244140625 0.01953125
6 0.06201171875 0.451171875 0.0712890625 0.01953125
6 0.08544921875 0.4759114583333333 0.1181640625 0.01953125
6 0.06005859375 0.5006510416666666 0.0673828125 0.01953125
2 0.0908203125 0.544921875 0.12890625 0.01953125
6 0.05712890625 0.576171875 0.0615234375 0.01953125
6 0.08203125 0.6009114583333334 0.111328125 0.01953125
6 0.080078125 0.6256510416666666 0.107421875 0.01953125
6 0.06982421875 0.650390625 0.0869140625 0.01953125
6 0.06787109375 0.6751302083333334 0.0830078125 0.01953125
6 0.08984375 0.6998697916666666 0.126953125 0.01953125
6 0.07275390625 0.724609375 0.0927734375 0.01953125
2 0.0908203125 0.7688802083333334 0.12890625 0.01953125
6 0.0537109375 0.80859375 0.0546875 0.036458333333333336
6 0.052734375 0.841796875 0.052734375 0.01953125
6 0.052734375 0.8665364583333334 0.052734375 0.01953125
6 0.0576171875 0.8912760416666666 0.0625 0.01953125
6 0.0517578125 0.916015625 0.05078125 0.01953125
6 0.04931640625 0.9407552083333334 0.0458984375 0.01953125
6 0.0537109375 0.9654947916666666 0.0546875 0.01953125
6 0.0517578125 0.990234375 0.05078125 0.01953125