4 0.14306640625 0.06640625 0.2353515625 0.049479166666666664
0 0.13818359375 0.06640625 0.2451171875 0.049479166666666664
6 0.8037109375 0.07291666666666667 0.361328125 0.020833333333333332
4 0.69140625 0.16666666666666666 0.015625 0.020833333333333332
4 0.7236328125 0.16666666666666666 0.015625 0.020833333333333332
4 0.7548828125 0.16666666666666666 0.015625 0.020833333333333332
4 0.7978515625 0.169921875 0.01171875 0.016927083333333332
0 0.8330078125 0.16861979166666666 0.099609375 0.04296875
7 0.8408203125 0.169921875 0.06640625 0.01953125
4 0.9296875 0.16731770833333334 0.015625 0.022135416666666668
0 0.0517578125 0.16666666666666666 0.103515625 0.06510416666666667
7 0.14501953125 0.166015625 0.0615234375 0.01953125
0 0.15087890625 0.16666666666666666 0.0966796875 0.06510416666666667
4 0.18359375 0.16731770833333334 0.0078125 0.009114583333333334
0 0.2841796875 0.16666666666666666 0.171875 0.06510416666666667
0 0.40185546875 0.16666666666666666 0.0654296875 0.06510416666666667
0 0.49072265625 0.16666666666666666 0.1142578125 0.06510416666666667
7 0.58251953125 0.166015625 0.0478515625 0.01953125
0 0.58837890625 0.16666666666666666 0.0830078125 0.06510416666666667
4 0.6142578125 0.16731770833333334 0.0078125 0.009114583333333334
3 0.5 0.30078125 0.7109375 0.1171875
4 0.24609375 0.5872395833333334 0.4921875 0.3697916666666667
0 0.24609375 0.5872395833333334 0.4921875 0.3697916666666667
2 0.1962890625 0.8333333333333334 0.376953125 0.0859375
4 0.75390625 0.5872395833333334 0.4921875 0.3697916666666667
0 0.75390625 0.5872395833333334 0.4921875 0.3697916666666667
2 0.7392578125 0.8541666666666666 0.447265625 0.12760416666666666
2 0.05224609375 0.9895833333333334 0.0732421875 0.020833333333333332
3 0.837890625 0.990234375 0.29296875 0.01953125
3 0.5 0.5208333333333334 0.478515625 0.7421875
4 0.5 0.5 1 1