7 0.9384765625 0.01953125 0.060546875 0.028645833333333332
7 0.86328125 0.01953125 0.060546875 0.028645833333333332
4 0.5 0.15299479166666666 1 0.23828125
0 0.06689453125 0.15299479166666666 0.1337890625 0.23828125
7 0.06689453125 0.32421875 0.1337890625 0.026041666666666668
2 0.58154296875 0.13151041666666666 0.8369140625 0.052083333333333336
7 0.2900390625 0.18489583333333334 0.25390625 0.028645833333333332
2 0.89404296875 0.10807291666666667 0.0751953125 0.028645833333333332
2 0.96435546875 0.10807291666666667 0.0673828125 0.028645833333333332
7 0.92822265625 0.16015625 0.1435546875 0.046875
7 0.94140625 0.21809895833333334 0.1171875 0.04296875
0 0.8564453125 0.18359375 0 0
2 0.65478515625 0.10807291666666667 0.0380859375 0.028645833333333332
2 0.70654296875 0.10807291666666667 0.0673828125 0.028645833333333332
7 0.728515625 0.16015625 0.185546875 0.046875
7 0.72705078125 0.21809895833333334 0.1298828125 0.04296875
7 0.369140625 0.4446614583333333 0.283203125 0.03515625
7 0.369140625 0.4811197916666667 0.1484375 0.03515625
7 0.81982421875 0.3971354166666667 0.3603515625 0.052083333333333336
7 0.7490234375 0.4609375 0.1953125 0.044270833333333336
7 0.7490234375 0.4967447916666667 0.1953125 0.02734375
7 0.92333984375 0.4609375 0.1533203125 0.044270833333333336
7 0.92333984375 0.4967447916666667 0.1533203125 0.02734375
4 0.59423828125 0.80078125 0.4150390625 0.13020833333333334
4 0.59326171875 0.8951822916666666 0.6416015625 0.04296875
6 0.4140625 0.9563802083333334 0.03125 0.024739583333333332
6 0.44677734375 0.9563802083333334 0.0244140625 0.024739583333333332
6 0.47802734375 0.9563802083333334 0.0283203125 0.024739583333333332
6 0.52734375 0.9563802083333334 0.060546875 0.024739583333333332
6 0.57763671875 0.9563802083333334 0.0302734375 0.024739583333333332
6 0.615234375 0.9563802083333334 0.033203125 0.024739583333333332
6 0.64794921875 0.9563802083333334 0.0244140625 0.024739583333333332
6 0.68701171875 0.9563802083333334 0.0419921875 0.024739583333333332
4 0.72705078125 0.953125 0.0166015625 0.020833333333333332
0 0.72705078125 0.953125 0.0224609375 0.028645833333333332
4 0.75341796875 0.953125 0.0166015625 0.020833333333333332
0 0.75341796875 0.953125 0.0224609375 0.028645833333333332