0 0 0.048177083333333336 0 0.09635416666666667
7 0 0.6764322916666666 0 0.053385416666666664
4 0.0537109375 0.048177083333333336 0.029296875 0.026041666666666668
0 0.08642578125 0.048177083333333336 0.0947265625 0.026041666666666668
7 0.10498046875 0.048177083333333336 0.0576171875 0.020833333333333332
6 0.1806640625 0.048177083333333336 0.056640625 0.020833333333333332
4 0.5 0.050130208333333336 0.244140625 0.04296875
0 0.5 0.048177083333333336 0.244140625 0.0546875
4 0.68994140625 0.048177083333333336 0.0146484375 0.018229166666666668
0 0.72216796875 0.048177083333333336 0.0791015625 0.020833333333333332
7 0.7333984375 0.048177083333333336 0.056640625 0.020833333333333332
4 0.7900390625 0.048177083333333336 0.01953125 0.020833333333333332
0 0.8125 0.048177083333333336 0.064453125 0.020833333333333332
7 0.826171875 0.048177083333333336 0.037109375 0.020833333333333332
0 0.91259765625 0.048177083333333336 0.0986328125 0.0546875
2 0.5 0.21223958333333334 0.875 0.06510416666666667
4 0.10400390625 0.3346354166666667 0.0185546875 0.026041666666666668
0 0.10400390625 0.3346354166666667 0.0185546875 0.026041666666666668
1 0.3349609375 0.3333333333333333 0.54296875 0.078125
7 0.6923828125 0.3333333333333333 0.109375 0.0234375
4 0.7685546875 0.3359375 0.013671875 0.010416666666666666
4 0.8720703125 0.3216145833333333 0.025390625 0.03125
0 0.8720703125 0.3333333333333333 0.08203125 0.0546875
7 0.8720703125 0.3515625 0.08203125 0.018229166666666668
6 0.203125 0.4993489583333333 0.072265625 0.024739583333333332
6 0.37255859375 0.4993489583333333 0.0791015625 0.024739583333333332
6 0.5302734375 0.4993489583333333 0.048828125 0.024739583333333332
6 0.67333984375 0.4993489583333333 0.0498046875 0.024739583333333332
6 0.8125 0.4993489583333333 0.041015625 0.024739583333333332
4 0.2509765625 0.7688802083333334 0.501953125 0.4622395833333333
0 0.25 0.7688802083333334 0.5 0.4622395833333333
4 0.25 0.8352864583333334 0.30078125 0.3294270833333333
4 0.62548828125 0.705078125 0.2509765625 0.3346354166666667
0 0.625 0.7044270833333334 0.25 0.3333333333333333
4 0.875 0.705078125 0.25 0.3346354166666667
0 0.875 0.7044270833333334 0.25 0.3333333333333333
4 0.62548828125 0.935546875 0.2509765625 0.12890625
0 0.625 0.935546875 0.25 0.12890625
4 0.875 0.935546875 0.25 0.12890625
0 0.875 0.935546875 0.25 0.12890625