4 0.080078125 0.051432291666666664 0.16015625 0.045572916666666664
0 0.08056640625 0.051432291666666664 0.1611328125 0.045572916666666664
6 0.22021484375 0.049479166666666664 0.0908203125 0.046875
6 0.33203125 0.049479166666666664 0.125 0.046875
6 0.4326171875 0.049479166666666664 0.068359375 0.046875
6 0.51025390625 0.049479166666666664 0.0791015625 0.046875
6 0.58935546875 0.049479166666666664 0.0712890625 0.046875
7 0.7109375 0.048828125 0.044921875 0.024739583333333332
0 0.712890625 0.048828125 0.080078125 0.045572916666666664
7 0.79052734375 0.048828125 0.0439453125 0.024739583333333332
0 0.79052734375 0.048828125 0.0751953125 0.045572916666666664
7 0.94384765625 0.050130208333333336 0.0380859375 0.022135416666666668
0 0.9248046875 0.050130208333333336 0.150390625 0.048177083333333336
7 0.49072265625 0.059895833333333336 0.9482421875 0.06510416666666667
7 0.49072265625 0.12630208333333334 0.9482421875 0.06510416666666667
7 0.49072265625 0.19270833333333334 0.9482421875 0.06510416666666667
1 0.482421875 0.125 0.96484375 0.06770833333333333
4 0.982421875 0.125 0.03515625 0.06770833333333333
0 0.982421875 0.125 0.03515625 0.06770833333333333
4 0.98779296875 0.125 0.0244140625 0.06770833333333333
4 0.5 0.23307291666666666 1 0.125
2 0.04931640625 0.3411458333333333 0.0986328125 0.026041666666666668
2 0.96923828125 0.33984375 0.0439453125 0.0234375
4 0.99462890625 0.4609375 0.0107421875 0.0390625
4 0.12109375 0.4609375 0.2421875 0.18229166666666666
4 0.0224609375 0.5325520833333334 0.03515625 0.026041666666666668
4 0.31640625 0.4609375 0.13671875 0.18229166666666666
4 0.51513671875 0.4609375 0.2490234375 0.18229166666666666
4 0.7666015625 0.4609375 0.2421875 0.18229166666666666
4 0.94677734375 0.4609375 0.1064453125 0.18229166666666666
7 0.05810546875 0.640625 0.1162109375 0.0625
0 0.13623046875 0.6412760416666666 0.2724609375 0.048177083333333336
7 0.18212890625 0.6412760416666666 0.1318359375 0.05859375
4 0.26025390625 0.642578125 0.0244140625 0.032552083333333336
2 0.94580078125 0.6458333333333334 0.0908203125 0.0234375
4 0.36083984375 0.8365885416666666 0.7216796875 0.3268229166666667
4 0.86767578125 0.7786458333333334 0.2646484375 0.2109375
0 0.86767578125 0.7786458333333334 0.2646484375 0.2109375
4 0.759765625 0.8509114583333334 0.029296875 0.040364583333333336
2 0.86767578125 0.9055989583333334 0.2646484375 0.032552083333333336
4 0.74755859375 0.9375 0.0244140625 0.033854166666666664
0 0.85400390625 0.9375 0.2373046875 0.033854166666666664
7 0.861328125 0.9368489583333334 0.1875 0.024739583333333332
4 0.9658203125 0.9368489583333334 0.013671875 0.01953125