2 0.5 0.15755208333333334 0.380859375 0.049479166666666664
7 0.5 0.326171875 0.380859375 0.24869791666666666
6 0.35546875 0.4791666666666667 0.041015625 0.020833333333333332
7 0.51416015625 0.50390625 0.2802734375 0.020833333333333332
6 0.5048828125 0.5286458333333334 0.18359375 0.020833333333333332
6 0.515625 0.5533854166666666 0.205078125 0.020833333333333332
6 0.365234375 0.578125 0.060546875 0.020833333333333332
7 0.5322265625 0.6028645833333334 0.31640625 0.026041666666666668
6 0.35693359375 0.6276041666666666 0.0439453125 0.020833333333333332
7 0.5322265625 0.65234375 0.31640625 0.026041666666666668
6 0.3671875 0.6770833333333334 0.064453125 0.020833333333333332
7 0.5322265625 0.7018229166666666 0.31640625 0.026041666666666668
7 0.5 0.7942708333333334 0.380859375 0.026041666666666668