4 0.05517578125 0.0625 0.0166015625 0.0234375
0 0.0869140625 0.0625 0.080078125 0.0546875
7 0.1875 0.0625 0.091796875 0.026041666666666668
0 0.19775390625 0.0625 0.1435546875 0.0546875
4 0.2451171875 0.0625 0.017578125 0.0234375
7 0.32861328125 0.0625 0.0888671875 0.026041666666666668
4 0.38427734375 0.0625 0.0166015625 0.0234375
0 0.33056640625 0.0625 0.1240234375 0.0546875
4 0.5 0.05859375 0.134765625 0.0546875
0 0.5 0.0625 0.134765625 0.0625
7 0.68212890625 0.0625 0.0810546875 0.026041666666666668
0 0.68212890625 0.0625 0.1123046875 0.0546875
7 0.77392578125 0.0625 0.0400390625 0.026041666666666668
0 0.77392578125 0.0625 0.0712890625 0.0546875
7 0.88134765625 0.061848958333333336 0.1103515625 0.022135416666666668
0 0.88134765625 0.0625 0.1435546875 0.041666666666666664
4 0.5 0.3958333333333333 1 0.7916666666666666
4 0.5 0.3958333333333333 1 0.7916666666666666
2 0.36474609375 0.2682291666666667 0.6357421875 0.125
7 0.36474609375 0.3723958333333333 0.6357421875 0.041666666666666664
0 0.142578125 0.46875 0.19140625 0.06770833333333333
7 0.5234375 0.6321614583333334 0.953125 0.02734375
4 0.32470703125 0.8248697916666666 0.0205078125 0.3346354166666667
0 0.5 0.8248697916666666 0.90625 0.3346354166666667
7 0.54833984375 0.7154947916666666 0.3369140625 0.022135416666666668
7 0.54833984375 0.7884114583333334 0.3369140625 0.08463541666666667
6 0.54833984375 0.8977864583333334 0.3369140625 0.09505208333333333
7 0.83447265625 0.814453125 0.1435546875 0.053385416666666664