4 0.07568359375 0.050130208333333336 0.0810546875 0.04296875
0 0.07568359375 0.053385416666666664 0.0810546875 0.049479166666666664
0 0.2685546875 0.054036458333333336 0.126953125 0.10807291666666667
0 0.388671875 0.054036458333333336 0.115234375 0.10807291666666667
0 0.50830078125 0.054036458333333336 0.1259765625 0.10807291666666667
0 0.60986328125 0.054036458333333336 0.0791015625 0.10807291666666667
0 0.68798828125 0.054036458333333336 0.0791015625 0.10807291666666667
0 0.765625 0.054036458333333336 0.078125 0.10807291666666667
1 0.87646484375 0.053385416666666664 0.0966796875 0.046875
4 0.94384765625 0.052734375 0.0244140625 0.032552083333333336
0 0.94384765625 0.053385416666666664 0.0400390625 0.046875
2 0.22265625 0.16731770833333334 0.375 0.07682291666666667
2 0.07080078125 0.22786458333333334 0.0712890625 0.036458333333333336
2 0.111328125 0.22786458333333334 0.01171875 0.036458333333333336
2 0.15576171875 0.22786458333333334 0.0791015625 0.036458333333333336
2 0.22265625 0.22786458333333334 0.056640625 0.036458333333333336
2 0.29345703125 0.22786458333333334 0.0869140625 0.036458333333333336
2 0.38818359375 0.22786458333333334 0.1044921875 0.036458333333333336
4 0.24560546875 0.388671875 0.4208984375 0.20182291666666666
4 0.15966796875 0.53125 0.0322265625 0.041666666666666664
0 0.24560546875 0.53125 0.4208984375 0.08333333333333333
7 0.27685546875 0.53125 0.1416015625 0.036458333333333336
7 0.24560546875 0.5950520833333334 0.1962890625 0.020833333333333332
7 0.24609375 0.6184895833333334 0.212890625 0.020833333333333332
2 0.5751953125 0.14388020833333334 0.0625 0.032552083333333336
0 0.8701171875 0.14583333333333334 0.189453125 0.026041666666666668
1 0.75439453125 0.2877604166666667 0.4189453125 0.2265625
4 0.75341796875 0.4537760416666667 0.3994140625 0.07682291666666667
1 0.63525390625 0.56640625 0.1826171875 0.049479166666666664
0 0.7646484375 0.56640625 0.064453125 0.049479166666666664
0 0.8583984375 0.56640625 0.064453125 0.049479166666666664
0 0.9326171875 0.56640625 0.064453125 0.049479166666666664
2 0.24560546875 0.6985677083333334 0.4208984375 0.032552083333333336
2 0.2001953125 0.7434895833333334 0.330078125 0.03125
7 0.24560546875 0.78515625 0.4208984375 0.0234375
2 0.23681640625 0.8255208333333334 0.4033203125 0.03125
7 0.24560546875 0.8671875 0.4208984375 0.0234375
0 0.40625 0.9166666666666666 0.099609375 0.049479166666666664
2 0.75439453125 0.6985677083333334 0.4208984375 0.032552083333333336
3 0.75439453125 0.8639322916666666 0.4208984375 0.2721354166666667