7 0.5 0.11393229166666667 0.4296875 0.024739583333333332
3 0.5 0.22135416666666666 0.7109375 0.1171875
1 0.5341796875 0.044921875 0.931640625 0.08984375
7 0.92138671875 0.045572916666666664 0.0458984375 0.015625
0 0.921875 0.044921875 0.15625 0.08984375
1 0.5341796875 0.044921875 0.931640625 0.08984375
1 0.921875 0.044921875 0.15625 0.08984375
0 0.06982421875 0.044921875 0.1396484375 0.08984375
0 0.1708984375 0.049479166666666664 0.033203125 0.028645833333333332
0 0.2421875 0.049479166666666664 0.0703125 0.028645833333333332
0 0.34326171875 0.049479166666666664 0.0947265625 0.028645833333333332
0 0.4345703125 0.049479166666666664 0.05078125 0.028645833333333332
0 0.50439453125 0.049479166666666664 0.0498046875 0.028645833333333332
0 0.583984375 0.049479166666666664 0.072265625 0.028645833333333332
0 0.66259765625 0.049479166666666664 0.0478515625 0.028645833333333332
0 0.19140625 0.13932291666666666 0.03515625 0.028645833333333332
0 0.71142578125 0.044921875 0.0400390625 0.08984375
7 0.80029296875 0.044921875 0.0595703125 0.016927083333333332
0 0.78515625 0.044921875 0.109375 0.08984375
6 0.92529296875 0.037109375 0.0908203125 0.01953125
0 0.92529296875 0.044921875 0.1494140625 0.08984375
6 0.92529296875 0.054036458333333336 0.0888671875 0.016927083333333332
4 0.3125 0.5826822916666666 0.625 0.5559895833333334
0 0.3125 0.5826822916666666 0.625 0.5559895833333334
7 0.130859375 0.5696614583333334 0.193359375 0.016927083333333332
2 0.240234375 0.6848958333333334 0.412109375 0.1875
0 0.28564453125 0.685546875 0.5224609375 0.18880208333333334
7 0.11767578125 0.8040364583333334 0.1240234375 0.016927083333333332
2 0.08203125 0.951171875 0.076171875 0.06380208333333333
4 0.1787109375 0.94921875 0.078125 0.1015625
0 0.1787109375 0.94921875 0.078125 0.1015625
2 0.29248046875 0.951171875 0.1103515625 0.09244791666666667
0 0.2939453125 0.951171875 0.15234375 0.09505208333333333
4 0.4091796875 0.94921875 0.078125 0.1015625
0 0.4091796875 0.94921875 0.078125 0.1015625
2 0.52294921875 0.951171875 0.1103515625 0.06901041666666667
0 0.5244140625 0.951171875 0.15234375 0.07161458333333333
7 0.6611328125 0.3502604166666667 0.078125 0.0703125
0 0.6611328125 0.3502604166666667 0.1171875 0.15625
7 0.79296875 0.3463541666666667 0.3359375 0.013020833333333334
4 0.8974609375 0.5611979166666666 0.126953125 0.16927083333333334
0 0.8974609375 0.5611979166666666 0.126953125 0.16927083333333334
2 0.736328125 0.4954427083333333 0.14453125 0.07942708333333333
0 0.7392578125 0.4954427083333333 0.150390625 0.08203125
7 0.7392578125 0.58203125 0.150390625 0.0703125
7 0.67529296875 0.6536458333333334 0.0224609375 0.020833333333333332
4 0.703125 0.8352864583333334 0.078125 0.10546875
0 0.703125 0.8352864583333334 0.078125 0.10546875
2 0.85498046875 0.76953125 0.1865234375 0.06770833333333333
0 0.861328125 0.76953125 0.19921875 0.0703125
7 0.861328125 0.8502604166666666 0.19921875 0.0703125
7 0.77294921875 0.921875 0.0224609375 0.020833333333333332
4 0.5 0.5 1 1
2 0.5 0.28515625 0.056640625 0.0390625
7 0.5 0.4114583333333333 0.439453125 0.0390625
7 0.5 0.4641927083333333 0.263671875 0.02734375
1 0.5 0.5494791666666666 0.224609375 0.052083333333333336
0 0.5 0.6145833333333334 0.224609375 0.052083333333333336
0 0.5 0.6796875 0.224609375 0.052083333333333336
7 0.46337890625 0.7864583333333334 0.1728515625 0.026041666666666668
6 0.587890625 0.7864583333333334 0.0703125 0.026041666666666668
0 0.587890625 0.7864583333333334 0.0703125 0.026041666666666668