4 0.8740234375 0.0390625 0.029296875 0.0390625
0 0.9375 0.0390625 0.068359375 0.0390625
1 0.48583984375 0.037760416666666664 0.5556640625 0.0234375
4 0.80078125 0.0390625 0.029296875 0.0390625
0 0.80078125 0.0390625 0.05859375 0.0390625
2 0.0615234375 0.11458333333333333 0.064453125 0.028645833333333332
7 0.2509765625 0.11588541666666667 0.0859375 0.015625
0 0.2509765625 0.11653645833333333 0.103515625 0.037760416666666664
4 0.8623046875 0.1171875 0.0078125 0.005208333333333333
0 0.849609375 0.11653645833333333 0.0703125 0.037760416666666664
4 0.94921875 0.1171875 0.0078125 0.005208333333333333
0 0.935546875 0.11653645833333333 0.0703125 0.037760416666666664
4 0.18603515625 0.18229166666666666 0.0048828125 0.010416666666666666
7 0.04638671875 0.19075520833333334 0.0341796875 0.01953125
0 0.0947265625 0.19140625 0.162109375 0.03125
7 0.0947265625 0.27734375 0.146484375 0.078125
6 0.07373046875 0.3704427083333333 0.0400390625 0.01953125
7 0.0947265625 0.4016927083333333 0.12109375 0.08203125
6 0.05126953125 0.5065104166666666 0.0361328125 0.015625
7 0.0751953125 0.5065104166666666 0.0078125 0.015625
6 0.11767578125 0.5065104166666666 0.0810546875 0.015625
2 0.599609375 0.3255208333333333 0.7578125 0.03125
7 0.599609375 0.3509114583333333 0.7578125 0.01953125
2 0.599609375 0.40234375 0.7578125 0.03125
7 0.599609375 0.427734375 0.7578125 0.01953125
2 0.599609375 0.4791666666666667 0.7578125 0.03125
7 0.599609375 0.5045572916666666 0.7578125 0.01953125
2 0.599609375 0.5559895833333334 0.7578125 0.03125
7 0.599609375 0.5911458333333334 0.7578125 0.0390625
2 0.599609375 0.65234375 0.7578125 0.03125
7 0.43359375 0.677734375 0.42578125 0.01953125
6 0.6572265625 0.677734375 0.021484375 0.01953125
7 0.66796875 0.677734375 0.00390625 0.01953125