4 0.09716796875 0.06575520833333333 0.1552734375 0.040364583333333336
6 0.87255859375 0.022135416666666668 0.0419921875 0.018229166666666668
7 0.8984375 0.021484375 0.01171875 0.01953125
6 0.9248046875 0.022135416666666668 0.04296875 0.018229166666666668
7 0.31787109375 0.0703125 0.1298828125 0.059895833333333336
7 0.44677734375 0.0703125 0.1279296875 0.059895833333333336
0 0.56884765625 0.07682291666666667 0.0869140625 0.020833333333333332
7 0.67822265625 0.0703125 0.1025390625 0.059895833333333336
7 0.78662109375 0.0703125 0.1142578125 0.059895833333333336
0 0.91943359375 0.07682291666666667 0.1220703125 0.020833333333333332
4 0.5 0.2884114583333333 1 0.5768229166666666
2 0.5 0.21484375 0.68359375 0.059895833333333336
7 0.41259765625 0.31640625 0.5087890625 0.10677083333333333
0 0.25634765625 0.4459635416666667 0.1962890625 0.06640625
0 0.47509765625 0.4485677083333333 0.1962890625 0.07161458333333333
6 0.5 0.6048177083333334 0.732421875 0.040364583333333336
2 0.2548828125 0.85546875 0.470703125 0.234375
7 0.2548828125 0.986328125 0.470703125 0.02734375
4 0.7451171875 0.869140625 0.443359375 0.26171875
6 0.98046875 0.4479166666666667 0.0234375 0.052083333333333336
0 0.98046875 0.4479166666666667 0.0390625 0.03125
7 0.5 0.9622395833333334 0.986328125 0.0546875
6 0.7041015625 0.9778645833333334 0.095703125 0.0234375
0 0.80908203125 0.978515625 0.0751953125 0.03515625