4 0.5 0.07161458333333333 0.7109375 0.1171875
4 0.0771484375 0.23372395833333334 0.083984375 0.10286458333333333
0 0.03515625 0.16145833333333334 0 0
2 0.50244140625 0.23893229166666666 0.6318359375 0.15494791666666666
0 0.06396484375 0.3567708333333333 0.0576171875 0.041666666666666664
0 0.140625 0.3567708333333333 0.05078125 0.041666666666666664
0 0.25341796875 0.3567708333333333 0.1298828125 0.041666666666666664
0 0.373046875 0.3567708333333333 0.064453125 0.041666666666666664
0 0.5107421875 0.3567708333333333 0.166015625 0.041666666666666664
0 0.65234375 0.3567708333333333 0.07421875 0.041666666666666664
0 0.74609375 0.3567708333333333 0.068359375 0.041666666666666664
5 0.908203125 0.3600260416666667 0.11328125 0.037760416666666664
4 0.0078125 0.5872395833333334 0.015625 0.3255208333333333
0 0.0078125 0.65625 0.015625 0.4635416666666667
2 0.0078125 0.8255208333333334 0.015625 0.125
7 0.00537109375 0.9576822916666666 0.0107421875 0.08463541666666667
4 0.3388671875 0.5872395833333334 0.607421875 0.3255208333333333
0 0.3388671875 0.6354166666666666 0.607421875 0.421875
2 0.3388671875 0.8046875 0.607421875 0.08333333333333333
6 0.33740234375 0.9368489583333334 0.6044921875 0.12630208333333334
4 0.8310546875 0.5872395833333334 0.337890625 0.3255208333333333
0 0.8310546875 0.6354166666666666 0.337890625 0.421875
2 0.8310546875 0.8046875 0.337890625 0.08333333333333333
6 0.8310546875 0.9368489583333334 0.337890625 0.12630208333333334
4 0.8125 0.5872395833333334 0.29296875 0.3255208333333333
3 0.8125 0.90625 0.29296875 0.1875
7 0.4326171875 0.9290364583333334 0.830078125 0.024739583333333332
6 0.45068359375 0.94140625 0.8662109375 0.049479166666666664
0 0.939453125 0.955078125 0.0390625 0.053385416666666664