7 0.5 0.15494791666666666 0.625 0.052083333333333336
4 0.84033203125 0.15690104166666666 0.0224609375 0.029947916666666668
3 0.5 0.5065104166666666 0.625 0.625
3 0.5 0.07942708333333333 0.947265625 0.1171875
4 0.0517578125 0.22591145833333334 0.025390625 0.040364583333333336
0 0.0517578125 0.22005208333333334 0.025390625 0.052083333333333336
4 0.1591796875 0.22005208333333334 0.0703125 0.052083333333333336
0 0.15869140625 0.23111979166666666 0.0693359375 0.053385416666666664
6 0.76611328125 0.224609375 0.0673828125 0.053385416666666664
7 0.84521484375 0.236328125 0.0458984375 0.029947916666666668
0 0.86328125 0.22005208333333334 0.08203125 0.052083333333333336
4 0.953125 0.23046875 0.0234375 0.03125
0 0.94140625 0.22005208333333334 0.0390625 0.052083333333333336
2 0.3330078125 0.4609375 0.3828125 0.2526041666666667
7 0.33349609375 0.6341145833333334 0.4521484375 0.052083333333333336
7 0.33349609375 0.6927083333333334 0.1708984375 0.0234375
4 0.33349609375 0.8756510416666666 0.6201171875 0.24869791666666666
0 0.33349609375 0.8756510416666666 0.6201171875 0.24869791666666666
2 0.8251953125 0.3802083333333333 0.248046875 0.09375
6 0.75439453125 0.455078125 0.1064453125 0.01953125
7 0.859375 0.455078125 0.09765625 0.01953125
7 0.82421875 0.4654947916666667 0.24609375 0.045572916666666664
7 0.84326171875 0.4765625 0.1005859375 0.0234375
7 0.82373046875 0.4876302083333333 0.2451171875 0.045572916666666664
2 0.8056640625 0.6634114583333334 0.208984375 0.06380208333333333
6 0.77880859375 0.7233072916666666 0.1552734375 0.01953125
7 0.908203125 0.7233072916666666 0.09765625 0.01953125
7 0.740234375 0.7447916666666666 0.078125 0.0234375
2 0.80419921875 0.9244791666666666 0.2060546875 0.09375
6 0.77294921875 0.9947916666666666 0.1435546875 0.010416666666666666
7 0.8955078125 0.9947916666666666 0.09765625 0.010416666666666666
7 0.83203125 0.9934895833333334 0.26171875 0.013020833333333334