4 0.19775390625 0.07877604166666667 0.3330078125 0.10546875
0 0.19775390625 0.08268229166666667 0.3330078125 0.11328125
0 0.60546875 0.10481770833333333 0.115234375 0.04296875
7 0.708984375 0.032552083333333336 0.033203125 0.015625
0 0.70263671875 0.033203125 0.0478515625 0.029947916666666668
0 0.81005859375 0.033203125 0.1474609375 0.029947916666666668
0 0.91552734375 0.033203125 0.0439453125 0.029947916666666668
0 0.9677734375 0.033203125 0.041015625 0.029947916666666668
1 0.818359375 0.09244791666666667 0.24609375 0.06510416666666667
0 0.96484375 0.09244791666666667 0.048828125 0.06510416666666667
7 0.125 0.18033854166666666 0.08203125 0.040364583333333336
0 0.125 0.18098958333333334 0.09765625 0.0546875
7 0.22216796875 0.18033854166666666 0.0810546875 0.040364583333333336
0 0.2216796875 0.18098958333333334 0.09765625 0.0546875
7 0.31884765625 0.18098958333333334 0.0302734375 0.020833333333333332
0 0.318359375 0.18098958333333334 0.09765625 0.0546875
7 0.41552734375 0.18033854166666666 0.0810546875 0.040364583333333336
0 0.4150390625 0.18098958333333334 0.09765625 0.0546875
7 0.51220703125 0.18098958333333334 0.0498046875 0.020833333333333332
0 0.51171875 0.18098958333333334 0.09765625 0.0546875
7 0.60888671875 0.18033854166666666 0.0810546875 0.040364583333333336
0 0.6083984375 0.18098958333333334 0.09765625 0.0546875
7 0.70556640625 0.18033854166666666 0.0810546875 0.040364583333333336
0 0.705078125 0.18098958333333334 0.09765625 0.0546875
7 0.80224609375 0.18033854166666666 0.0810546875 0.040364583333333336
0 0.8017578125 0.18098958333333334 0.09765625 0.0546875
7 0.89892578125 0.18098958333333334 0.0673828125 0.020833333333333332
0 0.8984375 0.18098958333333334 0.09765625 0.0546875
0 0.27001953125 0.568359375 0.0107421875 0.022135416666666668
4 0.29296875 0.5670572916666666 0.01171875 0.014322916666666666
4 0.31640625 0.5670572916666666 0.01171875 0.014322916666666666
4 0.33984375 0.5670572916666666 0.01171875 0.014322916666666666
4 0.36328125 0.5670572916666666 0.01171875 0.014322916666666666
0 0.38623046875 0.568359375 0.0107421875 0.022135416666666668
7 0.0048828125 0.4010416666666667 0.009765625 0.08854166666666667
4 0.181640625 0.404296875 0.23046875 0.2825520833333333
0 0.181640625 0.404296875 0.259765625 0.2825520833333333
2 0.4560546875 0.2890625 0.259765625 0.059895833333333336
6 0.37890625 0.3307291666666667 0.10546875 0.020833333333333332
7 0.46240234375 0.4010416666666667 0.2724609375 0.08854166666666667
6 0.34912109375 0.4635416666666667 0.0458984375 0.026041666666666668
4 0.7734375 0.2942708333333333 0.259765625 0.0625
0 0.7734375 0.404296875 0.259765625 0.2825520833333333
2 0.958984375 0.2890625 0.08203125 0.059895833333333336
6 0.958984375 0.3307291666666667 0.08203125 0.020833333333333332
7 0.958984375 0.4010416666666667 0.08203125 0.08854166666666667
2 0.22265625 0.6236979166666666 0.36328125 0.033854166666666664
2 0.21728515625 0.6888020833333334 0.3720703125 0.052083333333333336
7 0.21826171875 0.7838541666666666 0.3740234375 0.11979166666666667
6 0.330078125 0.8307291666666666 0.046875 0.026041666666666668
2 0.19873046875 0.9069010416666666 0.3349609375 0.029947916666666668
7 0.2138671875 0.9654947916666666 0.365234375 0.06901041666666667
6 0.3134765625 0.9967447916666666 0.046875 0.006510416666666667
2 0.53173828125 0.6236979166666666 0.1376953125 0.026041666666666668
4 0.5390625 0.7454427083333334 0.171875 0.15755208333333334
0 0.5390625 0.7447916666666666 0.171875 0.15625
2 0.5390625 0.8684895833333334 0.171875 0.09114583333333333
4 0.5390625 0.96875 0.171875 0.0625
0 0.5390625 0.9680989583333334 0.171875 0.06380208333333333
4 0.826171875 0.6178385416666666 0.29296875 0.7643229166666666
0 0.826171875 0.3606770833333333 0.29296875 0.2604166666666667
2 0.8310546875 0.5358072916666666 0.263671875 0.037760416666666664
0 0.826171875 0.5963541666666666 0.251953125 0.033854166666666664
0 0.826171875 0.62890625 0.251953125 0.033854166666666664
0 0.826171875 0.6614583333333334 0.251953125 0.033854166666666664
0 0.826171875 0.6940104166666666 0.251953125 0.033854166666666664
0 0.826171875 0.7265625 0.251953125 0.033854166666666664
0 0.826171875 0.7591145833333334 0.251953125 0.033854166666666664
6 0.78955078125 0.7903645833333334 0.1787109375 0.026041666666666668
0 0.826171875 0.7916666666666666 0.251953125 0.033854166666666664
4 0.9306640625 0.9055989583333334 0.04296875 0.05859375
7 0.74853515625 0.8880208333333334 0.0966796875 0.026041666666666668
7 0.73095703125 0.9127604166666666 0.0615234375 0.03125
7 0.7802734375 0.9127604166666666 0.037109375 0.03125
7 0.76513671875 0.9375 0.1298828125 0.026041666666666668
7 0.826171875 0.9811197916666666 0.251953125 0.037760416666666664