4 0.5 0.15755208333333334 1 0.3151041666666667
2 0.5 0.068359375 0.912109375 0.05859375
1 0.5 0.15104166666666666 0.595703125 0.052083333333333336
1 0.2265625 0.15234375 0.048828125 0.0546875
4 0.10400390625 0.271484375 0.0478515625 0.06380208333333333
2 0.18603515625 0.271484375 0.0986328125 0.02734375
4 0.32861328125 0.2708333333333333 0.0478515625 0.0625
2 0.4140625 0.2708333333333333 0.10546875 0.026041666666666668
4 0.55810546875 0.2708333333333333 0.0478515625 0.0625
2 0.642578125 0.2708333333333333 0.103515625 0.026041666666666668
2 0.841796875 0.2708333333333333 0.072265625 0.026041666666666668
2 0.5 0.3606770833333333 0.912109375 0.0390625
7 0.18115234375 0.482421875 0.2138671875 0.04296875
6 0.17138671875 0.5364583333333334 0.1943359375 0.026041666666666668
6 0.1455078125 0.5950520833333334 0.142578125 0.052083333333333336
6 0.14990234375 0.6536458333333334 0.1513671875 0.026041666666666668
6 0.1611328125 0.7122395833333334 0.173828125 0.052083333333333336
6 0.1044921875 0.7708333333333334 0.060546875 0.026041666666666668
7 0.14697265625 0.7708333333333334 0.0244140625 0.026041666666666668
7 0.5 0.482421875 0.21484375 0.04296875
6 0.49365234375 0.5364583333333334 0.2021484375 0.026041666666666668
6 0.46728515625 0.58203125 0.1494140625 0.026041666666666668
6 0.490234375 0.6276041666666666 0.1953125 0.026041666666666668
6 0.49755859375 0.6731770833333334 0.2099609375 0.026041666666666668
6 0.42333984375 0.71875 0.0615234375 0.026041666666666668
7 0.4658203125 0.71875 0.025390625 0.026041666666666668
7 0.81884765625 0.482421875 0.2138671875 0.04296875
6 0.81201171875 0.5364583333333334 0.2001953125 0.026041666666666668
6 0.80322265625 0.58203125 0.1826171875 0.026041666666666668
6 0.8017578125 0.640625 0.1796875 0.052083333333333336
6 0.7900390625 0.7122395833333334 0.15625 0.052083333333333336
6 0.7529296875 0.7708333333333334 0.08203125 0.026041666666666668
0 0.30029296875 0.9283854166666666 0.1298828125 0.0625
0 0.439453125 0.9296875 0.056640625 0.0234375
0 0.53759765625 0.9296875 0.0478515625 0.0234375
0 0.63525390625 0.9296875 0.0556640625 0.0234375
0 0.73681640625 0.9296875 0.0556640625 0.0234375