2 0.1259765625 0.13932291666666666 0.123046875 0.044270833333333336
7 0.494140625 0.3990885416666667 0.87109375 0.13151041666666666
7 0.494140625 0.5384114583333334 0.87109375 0.13151041666666666
7 0.494140625 0.689453125 0.87109375 0.13151041666666666
2 0.31982421875 0.849609375 0.5107421875 0.03515625
7 0.31982421875 0.9140625 0.5107421875 0.0703125
7 0.77392578125 0.888671875 0.3232421875 0.11067708333333333
0 0.77392578125 0.888671875 0.3232421875 0.11067708333333333
0 0.11572265625 0.037760416666666664 0.1025390625 0.028645833333333332
0 0.7529296875 0.037760416666666664 0.14453125 0.049479166666666664
0 0.884765625 0.037760416666666664 0.1015625 0.049479166666666664