2 0.1142578125 0.046223958333333336 0.15625 0.014322916666666666
2 0.205078125 0.045572916666666664 0.025390625 0.018229166666666668
2 0.22314453125 0.046223958333333336 0.0107421875 0.014322916666666666
2 0.21728515625 0.10286458333333333 0.3623046875 0.0859375
7 0.74462890625 0.021484375 0.4384765625 0.01953125
6 0.630859375 0.046223958333333336 0.041015625 0.014322916666666666
6 0.72900390625 0.046223958333333336 0.0888671875 0.014322916666666666
6 0.84619140625 0.046223958333333336 0.0791015625 0.014322916666666666
6 0.939453125 0.046223958333333336 0.048828125 0.014322916666666666
4 0.7548828125 0.40234375 0.490234375 0.6510416666666666
2 0.51171875 0.18684895833333334 0.904296875 0.01953125
7 0.09228515625 0.234375 0.1123046875 0.052083333333333336
0 0.1953125 0.234375 0.060546875 0.044270833333333336
0 0.265625 0.234375 0.060546875 0.044270833333333336
0 0.3359375 0.234375 0.060546875 0.044270833333333336
0 0.40625 0.234375 0.060546875 0.044270833333333336
0 0.4765625 0.234375 0.060546875 0.044270833333333336
0 0.546875 0.234375 0.060546875 0.044270833333333336
0 0.6171875 0.234375 0.060546875 0.044270833333333336
7 0.09228515625 0.2942708333333333 0.1123046875 0.052083333333333336
0 0.1953125 0.2942708333333333 0.060546875 0.044270833333333336
0 0.265625 0.2942708333333333 0.060546875 0.044270833333333336
0 0.3359375 0.2942708333333333 0.060546875 0.044270833333333336
0 0.40625 0.2942708333333333 0.060546875 0.044270833333333336
0 0.4765625 0.2942708333333333 0.060546875 0.044270833333333336
0 0.546875 0.2942708333333333 0.060546875 0.044270833333333336
0 0.6171875 0.2942708333333333 0.060546875 0.044270833333333336
7 0.09228515625 0.3541666666666667 0.1123046875 0.052083333333333336
0 0.1953125 0.3541666666666667 0.060546875 0.044270833333333336
0 0.265625 0.3541666666666667 0.060546875 0.044270833333333336
0 0.3359375 0.3541666666666667 0.060546875 0.044270833333333336
0 0.40625 0.3541666666666667 0.060546875 0.044270833333333336
0 0.4765625 0.3541666666666667 0.060546875 0.044270833333333336
0 0.546875 0.3541666666666667 0.060546875 0.044270833333333336
7 0.09228515625 0.4140625 0.1123046875 0.052083333333333336
0 0.1953125 0.4140625 0.060546875 0.044270833333333336
0 0.265625 0.4140625 0.060546875 0.044270833333333336
0 0.3359375 0.4140625 0.060546875 0.044270833333333336
0 0.40625 0.4140625 0.060546875 0.044270833333333336
7 0.09228515625 0.4739583333333333 0.1123046875 0.052083333333333336
0 0.1953125 0.4739583333333333 0.060546875 0.044270833333333336
0 0.265625 0.4739583333333333 0.060546875 0.044270833333333336
0 0.3359375 0.4739583333333333 0.060546875 0.044270833333333336
0 0.40625 0.4739583333333333 0.060546875 0.044270833333333336
0 0.4765625 0.4739583333333333 0.060546875 0.044270833333333336
0 0.546875 0.4739583333333333 0.060546875 0.044270833333333336
7 0.09228515625 0.5338541666666666 0.1123046875 0.052083333333333336
0 0.1953125 0.5338541666666666 0.060546875 0.044270833333333336
0 0.265625 0.5338541666666666 0.060546875 0.044270833333333336
0 0.3359375 0.5338541666666666 0.060546875 0.044270833333333336
0 0.40625 0.5338541666666666 0.060546875 0.044270833333333336
0 0.4765625 0.5338541666666666 0.060546875 0.044270833333333336
7 0.09228515625 0.59375 0.1123046875 0.052083333333333336
0 0.1953125 0.59375 0.060546875 0.044270833333333336
0 0.265625 0.59375 0.060546875 0.044270833333333336
0 0.3359375 0.59375 0.060546875 0.044270833333333336
0 0.40625 0.59375 0.060546875 0.044270833333333336
7 0.09228515625 0.6536458333333334 0.1123046875 0.052083333333333336
0 0.1953125 0.6536458333333334 0.060546875 0.044270833333333336
0 0.265625 0.6536458333333334 0.060546875 0.044270833333333336
0 0.3359375 0.6536458333333334 0.060546875 0.044270833333333336
0 0.40625 0.6536458333333334 0.060546875 0.044270833333333336
0 0.4765625 0.6536458333333334 0.060546875 0.044270833333333336
0 0.546875 0.6536458333333334 0.060546875 0.044270833333333336
0 0.6171875 0.6536458333333334 0.060546875 0.044270833333333336
0 0.6875 0.6536458333333334 0.060546875 0.044270833333333336
2 0.150390625 0.7923177083333334 0.15234375 0.09765625
7 0.16796875 0.7805989583333334 0.2578125 0.05078125
0 0.16796875 0.7805989583333334 0.263671875 0.05859375
7 0.4462890625 0.7805989583333334 0.2578125 0.05078125
0 0.4462890625 0.7805989583333334 0.263671875 0.05859375
7 0.724609375 0.7805989583333334 0.2578125 0.05078125
0 0.724609375 0.7805989583333334 0.263671875 0.05859375
4 0.9150390625 0.7805989583333334 0.09765625 0.048177083333333336
7 0.408203125 0.8671875 0.744140625 0.015625
7 0.5 0.8984375 0.927734375 0.036458333333333336
2 0.27197265625 0.9713541666666666 0.4287109375 0.0234375
2 0.74560546875 0.9713541666666666 0.4287109375 0.0234375