7 0.89453125 0.018880208333333332 0.01953125 0.01953125
0 0.884765625 0.020182291666666668 0.07421875 0.01953125
6 0.9111328125 0.018880208333333332 0.013671875 0.01953125
7 0.919921875 0.018880208333333332 0.00390625 0.01953125
4 0.1416015625 0.09765625 0.125 0.0703125
0 0.1416015625 0.09765625 0.126953125 0.07291666666666667
7 0.49609375 0.107421875 0.3046875 0.13671875
4 0.755859375 0.09505208333333333 0.01953125 0.026041666666666668
0 0.755859375 0.09440104166666667 0.01953125 0.11067708333333333
4 0.798828125 0.09505208333333333 0.01953125 0.026041666666666668
0 0.798828125 0.09440104166666667 0.01953125 0.11067708333333333
7 0.90087890625 0.09440104166666667 0.0419921875 0.029947916666666668
0 0.884765625 0.09440104166666667 0.07421875 0.11067708333333333
2 0.2890625 0.35546875 0.421875 0.14583333333333334
7 0.2890625 0.466796875 0.421875 0.053385416666666664
7 0.1689453125 0.5403645833333334 0.181640625 0.028645833333333332
7 0.27734375 0.5403645833333334 0.03515625 0.028645833333333332
4 0.30908203125 0.5416666666666666 0.0185546875 0.026041666666666668
0 0.20068359375 0.5403645833333334 0.2451171875 0.028645833333333332
7 0.20068359375 0.59765625 0.2451171875 0.028645833333333332
7 0.35595703125 0.59765625 0.0654296875 0.028645833333333332
4 0.40283203125 0.5989583333333334 0.0185546875 0.026041666666666668
0 0.24755859375 0.59765625 0.3388671875 0.028645833333333332
7 0.5 0.3971354166666667 1 0.7161458333333334
4 0.5 0.10416666666666667 1 0.13020833333333334
0 0.0703125 0.7838541666666666 0.1015625 0.028645833333333332
4 0.15966796875 0.7838541666666666 0.0166015625 0.020833333333333332
4 0.18017578125 0.7838541666666666 0.0166015625 0.020833333333333332
7 0.599609375 0.7838541666666666 0.80078125 0.057291666666666664
2 0.208984375 0.994140625 0.26171875 0.01171875
6 0.5 0.9453125 0.26171875 0.109375
0 0.5 0.9453125 0.26171875 0.109375
6 0.791015625 0.9453125 0.26171875 0.109375
0 0.791015625 0.9453125 0.26171875 0.109375
4 0.95947265625 0.9069010416666666 0.0185546875 0.024739583333333332
7 0.984375 0.91015625 0.03125 0.026041666666666668