7 0.498046875 0.07356770833333333 0.92578125 0.045572916666666664
6 0.61767578125 0.08528645833333333 0.0830078125 0.022135416666666668
7 0.74609375 0.08528645833333333 0.173828125 0.022135416666666668
0 0.4384765625 0.14778645833333334 0.142578125 0.05859375
0 0.58056640625 0.14778645833333334 0.1044921875 0.061197916666666664
7 0.08984375 0.054036458333333336 0.052734375 0.022135416666666668
0 0.09912109375 0.054036458333333336 0.1279296875 0.07421875
7 0.23388671875 0.054036458333333336 0.1318359375 0.037760416666666664
0 0.23388671875 0.053385416666666664 0.1318359375 0.07291666666666667
1 0.6640625 0.057291666666666664 0.041015625 0.036458333333333336
0 0.74951171875 0.054036458333333336 0.1044921875 0.05859375
0 0.8857421875 0.054036458333333336 0.142578125 0.055989583333333336
4 0.0869140625 0.16861979166666666 0.103515625 0.040364583333333336
0 0.0869140625 0.16861979166666666 0.103515625 0.040364583333333336
7 0.49560546875 0.16861979166666666 0.1181640625 0.037760416666666664
0 0.49560546875 0.16861979166666666 0.1181640625 0.08463541666666667
7 0.59130859375 0.16861979166666666 0.0751953125 0.037760416666666664
0 0.59130859375 0.16861979166666666 0.0751953125 0.08463541666666667
7 0.6923828125 0.16861979166666666 0.12890625 0.037760416666666664
0 0.6923828125 0.16861979166666666 0.12890625 0.08463541666666667
7 0.81298828125 0.16861979166666666 0.1142578125 0.037760416666666664
0 0.81298828125 0.16861979166666666 0.1142578125 0.08463541666666667
7 0.9169921875 0.16861979166666666 0.095703125 0.037760416666666664
0 0.9169921875 0.16861979166666666 0.095703125 0.08463541666666667
2 0.5 0.31640625 0.9296875 0.078125
2 0.5 0.44921875 0.9296875 0.0546875
7 0.5 0.537109375 0.9296875 0.07682291666666667
7 0.498046875 0.6354166666666666 0.92578125 0.0625
6 0.5703125 0.654296875 0.16796875 0.024739583333333332
7 0.46875 0.6731770833333334 0.8671875 0.0625
7 0.48486328125 0.791015625 0.8994140625 0.10026041666666667
6 0.30517578125 0.8287760416666666 0.3330078125 0.024739583333333332
7 0.47412109375 0.8287760416666666 0.0048828125 0.024739583333333332
7 0.5 0.890625 0.9296875 0.0390625
3 0.9658203125 0.9427083333333334 0.068359375 0.078125