4 0.5 0.078125 1 0.15625
3 0.5 0.078125 0.7109375 0.1171875
4 0.03125 0.18880208333333334 0.0234375 0.03125
0 0.03125 0.18880208333333334 0.0234375 0.03125
4 0.068359375 0.18815104166666666 0.021484375 0.029947916666666668
4 0.5 0.18880208333333334 0.1640625 0.028645833333333332
0 0.5 0.18880208333333334 0.1640625 0.028645833333333332
0 0.138671875 0.24869791666666666 0.041015625 0.020833333333333332
0 0.24658203125 0.24869791666666666 0.0986328125 0.020833333333333332
0 0.36474609375 0.24869791666666666 0.0615234375 0.020833333333333332
0 0.4658203125 0.24869791666666666 0.06640625 0.020833333333333332
0 0.55078125 0.24869791666666666 0.029296875 0.020833333333333332
0 0.63330078125 0.24869791666666666 0.0615234375 0.020833333333333332
0 0.751953125 0.24869791666666666 0.099609375 0.020833333333333332
0 0.8603515625 0.24869791666666666 0.04296875 0.020833333333333332
0 0.939453125 0.24934895833333334 0.08203125 0.016927083333333332
4 0.337890625 0.7734375 0.61328125 0.453125
0 0.337890625 0.7734375 0.61328125 0.453125
6 0.33740234375 0.4361979166666667 0.5244140625 0.15625
2 0.82177734375 0.33203125 0.1689453125 0.03125
2 0.82177734375 0.41015625 0.2939453125 0.0625
0 0.82177734375 0.41015625 0.2939453125 0.0625
2 0.82177734375 0.5364583333333334 0.2939453125 0.0625
0 0.82177734375 0.5364583333333334 0.2939453125 0.0625
2 0.82177734375 0.6783854166666666 0.2939453125 0.09375
0 0.82177734375 0.6783854166666666 0.2939453125 0.09375
2 0.82177734375 0.8359375 0.2939453125 0.09375
0 0.82177734375 0.8359375 0.2939453125 0.09375
2 0.82177734375 0.9733072916666666 0.2939453125 0.053385416666666664
0 0.82177734375 0.9733072916666666 0.2939453125 0.053385416666666664