4 0.5 0.034505208333333336 0.115234375 0.032552083333333336
0 0.5 0.034505208333333336 0.115234375 0.032552083333333336
7 0.0322265625 0.032552083333333336 0.044921875 0.028645833333333332
7 0.09716796875 0.032552083333333336 0.0205078125 0.028645833333333332
7 0.73779296875 0.032552083333333336 0.0537109375 0.028645833333333332
7 0.80859375 0.032552083333333336 0.048828125 0.028645833333333332
0 0.80859375 0.032552083333333336 0.048828125 0.06510416666666667
7 0.92138671875 0.032552083333333336 0.1123046875 0.028645833333333332
0 0.92138671875 0.028645833333333332 0.1376953125 0.033854166666666664
3 0.50048828125 0.18880208333333334 0.7353515625 0.1171875
2 0.5 0.3235677083333333 0.8125 0.07421875
7 0.49951171875 0.42578125 0.7724609375 0.078125
0 0.5 0.5364583333333334 0.23046875 0.06510416666666667
3 0.50048828125 0.830078125 0.6962890625 0.33984375