0 0.240234375 0.027994791666666668 0.06640625 0.048177083333333336
0 0.31787109375 0.027994791666666668 0.0751953125 0.048177083333333336
0 0.39794921875 0.027994791666666668 0.0712890625 0.048177083333333336
0 0.4775390625 0.027994791666666668 0.07421875 0.048177083333333336
0 0.55810546875 0.027994791666666668 0.0732421875 0.048177083333333336
0 0.62548828125 0.029947916666666668 0.0478515625 0.052083333333333336
1 0.7568359375 0.028645833333333332 0.1796875 0.03125
1 0.8583984375 0.028645833333333332 0.025390625 0.020833333333333332
6 0.89990234375 0.028645833333333332 0.0400390625 0.020833333333333332
6 0.95458984375 0.028645833333333332 0.0517578125 0.020833333333333332
4 0.04541015625 0.09635416666666667 0.0595703125 0.0625
0 0.04541015625 0.10026041666666667 0.0595703125 0.06770833333333333
0 0.2265625 0.087890625 0.078125 0.09765625
0 0.3046875 0.087890625 0.078125 0.09765625
0 0.3779296875 0.09895833333333333 0.068359375 0.07552083333333333
0 0.45703125 0.087890625 0.08984375 0.09765625
0 0.55078125 0.09895833333333333 0.09765625 0.07552083333333333
0 0.65234375 0.09895833333333333 0.10546875 0.07552083333333333
7 0.7900390625 0.09049479166666667 0.130859375 0.01953125
0 0.78125 0.09830729166666667 0.15234375 0.07682291666666667
7 0.78759765625 0.11263020833333333 0.1259765625 0.01953125
2 0.2578125 0.197265625 0.2578125 0.045572916666666664
2 0.1611328125 0.24739583333333334 0.064453125 0.041666666666666664
7 0.15380859375 0.3020833333333333 0.0498046875 0.0234375
7 0.22900390625 0.3014322916666667 0.1025390625 0.022135416666666668
7 0.294921875 0.3020833333333333 0.033203125 0.0234375
7 0.2646484375 0.3326822916666667 0.271484375 0.08463541666666667
7 0.15380859375 0.3958333333333333 0.0498046875 0.0234375
7 0.25830078125 0.4264322916666667 0.2587890625 0.08463541666666667
0 0.26611328125 0.53515625 0.2744140625 0.059895833333333336
2 0.81689453125 0.7350260416666666 0.2880859375 0.032552083333333336
0 0.81689453125 0.794921875 0.2880859375 0.05078125
0 0.81689453125 0.8515625 0.2880859375 0.052083333333333336
6 0.73486328125 0.908203125 0.1005859375 0.024739583333333332
0 0.81689453125 0.9088541666666666 0.2880859375 0.052083333333333336
7 0.82666015625 0.9075520833333334 0.0849609375 0.0234375
0 0.81689453125 0.9661458333333334 0.2880859375 0.052083333333333336
0 0.81689453125 0.9986979166666666 0.2880859375 0.0026041666666666665
2 0.3466796875 0.7389322916666666 0.615234375 0.040364583333333336
2 0.3466796875 0.8014322916666666 0.615234375 0.032552083333333336
0 0.3466796875 0.8014322916666666 0.615234375 0.032552083333333336
4 0.14697265625 0.9186197916666666 0.2158203125 0.16276041666666666
7 0.42333984375 0.8938802083333334 0.3076171875 0.10807291666666667
7 0.44921875 0.9375 0.048828125 0.0234375
7 0.41943359375 0.962890625 0.2998046875 0.07421875
2 0.5 0.8391927083333334 0.9609375 0.04296875
7 0.484375 0.896484375 0.9296875 0.05078125
6 0.46435546875 0.9108072916666666 0.0810546875 0.022135416666666668
7 0.50537109375 0.9108072916666666 0.0048828125 0.022135416666666668
7 0.369140625 0.9498697916666666 0.69921875 0.022135416666666668
6 0.75830078125 0.9498697916666666 0.0810546875 0.022135416666666668
7 0.80078125 0.9498697916666666 0.005859375 0.022135416666666668
7 0.833984375 0.9518229166666666 0.015625 0.015625