4 0.025390625 0.028645833333333332 0.015625 0.057291666666666664
4 0.49462890625 0.490234375 0.0322265625 0.04296875
4 0.5 0.21940104166666666 0.08984375 0.11848958333333333
4 0.5 0.3203125 0.296875 0.041666666666666664
4 0.5 0.3684895833333333 0.138671875 0.0234375
4 0.1826171875 0.5885416666666666 0.0234375 0.020833333333333332
4 0.3095703125 0.5885416666666666 0.05078125 0.020833333333333332
4 0.43701171875 0.5885416666666666 0.0517578125 0.020833333333333332
4 0.56298828125 0.5885416666666666 0.0400390625 0.020833333333333332
4 0.68994140625 0.5885416666666666 0.0693359375 0.020833333333333332
4 0.81689453125 0.5885416666666666 0.0341796875 0.020833333333333332
4 0.18310546875 0.7682291666666666 0.0615234375 0.020833333333333332
4 0.31005859375 0.7682291666666666 0.0361328125 0.020833333333333332
4 0.43701171875 0.7682291666666666 0.0517578125 0.020833333333333332
4 0.5634765625 0.7682291666666666 0.046875 0.020833333333333332
4 0.68994140625 0.7682291666666666 0.0712890625 0.020833333333333332
4 0.8173828125 0.7682291666666666 0.068359375 0.020833333333333332
4 0.2607421875 0.11393229166666667 0.05859375 0.07942708333333333
4 0.275390625 0.11393229166666667 0.05859375 0.07942708333333333
4 0.2900390625 0.11393229166666667 0.05859375 0.07942708333333333
7 0.5322265625 0.09830729166666667 0.39453125 0.024739583333333332
7 0.49853515625 0.12825520833333334 0.3271484375 0.024739583333333332
0 0.5322265625 0.12890625 0.39453125 0.03125
4 0.67431640625 0.13216145833333334 0.0244140625 0.024739583333333332
4 0.97265625 0.11393229166666667 0.0234375 0.05859375
0 0.97265625 0.11393229166666667 0.0234375 0.05859375
3 0.5 0.5032552083333334 0.625 0.6263020833333334
6 0.2236328125 0.9680989583333334 0.080078125 0.016927083333333332
7 0.27099609375 0.9680989583333334 0.0166015625 0.016927083333333332
6 0.3154296875 0.9680989583333334 0.07421875 0.016927083333333332
7 0.35986328125 0.9680989583333334 0.0166015625 0.016927083333333332
6 0.4033203125 0.9680989583333334 0.072265625 0.016927083333333332
7 0.44677734375 0.9680989583333334 0.0166015625 0.016927083333333332
6 0.5048828125 0.9680989583333334 0.1015625 0.016927083333333332
7 0.56298828125 0.9680989583333334 0.0166015625 0.016927083333333332
7 0.693359375 0.9680989583333334 0.24609375 0.016927083333333332
4 0.025390625 0.028645833333333332 0.015625 0.057291666666666664
4 0.97265625 0.028645833333333332 0.0234375 0.03125