4 0.5 0.078125 1 0.15625
0 0.5 0.078125 1 0.15625
4 0.05859375 0.19791666666666666 0.1171875 0.033854166666666664
0 0.05859375 0.19791666666666666 0.1171875 0.033854166666666664
7 0.20166015625 0.19791666666666666 0.0634765625 0.020833333333333332
7 0.3056640625 0.19791666666666666 0.076171875 0.020833333333333332
7 0.40966796875 0.19791666666666666 0.0634765625 0.020833333333333332
7 0.4990234375 0.19791666666666666 0.046875 0.020833333333333332
7 0.5810546875 0.19791666666666666 0.048828125 0.020833333333333332
7 0.673828125 0.19791666666666666 0.068359375 0.020833333333333332
0 0.7978515625 0.19791666666666666 0.099609375 0.046875
4 0.87890625 0.19791666666666666 0.015625 0.020833333333333332
0 0.91796875 0.19791666666666666 0.1171875 0.08333333333333333
7 0.91796875 0.19791666666666666 0.0390625 0.018229166666666668
4 0.98828125 0.19791666666666666 0.017578125 0.0234375
0 0.98828125 0.19791666666666666 0.0234375 0.03125
0 0.14453125 0.45703125 0.123046875 0.052083333333333336
7 0.5 0.7942708333333334 1 0.4114583333333333
4 0.5 0.8157552083333334 1 0.3684895833333333
4 0.19482421875 0.890625 0.2333984375 0.08072916666666667
7 0.2822265625 0.9641927083333334 0.408203125 0.037760416666666664
0 0.19482421875 0.9231770833333334 0.2333984375 0.0234375
4 0.2333984375 0.935546875 0.3828125 0.032552083333333336
7 0.64013671875 0.935546875 0.3056640625 0.045572916666666664
0 0.890625 0.935546875 0.134765625 0.061197916666666664
4 0.8896484375 0.935546875 0.033203125 0.045572916666666664