4 0.3623046875 0.4459635416666667 0.234375 0.5559895833333334
2 0.697265625 0.15755208333333334 0.171875 0.06770833333333333
7 0.697265625 0.2623697916666667 0.244140625 0.048177083333333336
1 0.693359375 0.2623697916666667 0.251953125 0.048177083333333336
7 0.697265625 0.3196614583333333 0.244140625 0.048177083333333336
1 0.693359375 0.3196614583333333 0.251953125 0.048177083333333336
7 0.697265625 0.3821614583333333 0.2421875 0.024739583333333332
0 0.697265625 0.3821614583333333 0.26171875 0.040364583333333336
7 0.697265625 0.4348958333333333 0.01953125 0.020833333333333332
4 0.62353515625 0.4928385416666667 0.0166015625 0.022135416666666668
0 0.697265625 0.4915364583333333 0.26171875 0.02734375
7 0.70947265625 0.4928385416666667 0.1416015625 0.022135416666666668
0 0.697265625 0.5397135416666666 0.33984375 0.01953125
7 0.6728515625 0.630859375 0.1484375 0.022135416666666668
7 0.7705078125 0.630859375 0.05078125 0.022135416666666668
7 0.697265625 0.708984375 0.302734375 0.024739583333333332
4 0.62744140625 0.7727864583333334 0.1337890625 0.053385416666666664
0 0.62744140625 0.775390625 0.1337890625 0.05859375
4 0.767578125 0.7727864583333334 0.1328125 0.053385416666666664
0 0.767578125 0.775390625 0.1328125 0.05859375
6 0.04052734375 0.9622395833333334 0.0419921875 0.018229166666666668
6 0.09228515625 0.9622395833333334 0.0322265625 0.018229166666666668
6 0.14306640625 0.9622395833333334 0.0400390625 0.018229166666666668
6 0.18896484375 0.9622395833333334 0.0205078125 0.018229166666666668
6 0.23046875 0.9622395833333334 0.033203125 0.018229166666666668
6 0.2880859375 0.9622395833333334 0.052734375 0.018229166666666668
6 0.34912109375 0.9622395833333334 0.0419921875 0.018229166666666668
6 0.4189453125 0.9622395833333334 0.068359375 0.018229166666666668
6 0.515625 0.9622395833333334 0.09375 0.018229166666666668
6 0.6103515625 0.9622395833333334 0.06640625 0.018229166666666668
7 0.69140625 0.9622395833333334 0.068359375 0.018229166666666668
7 0.87109375 0.96875 0.21875 0.036458333333333336