7 0.37158203125 0.055338541666666664 0.5029296875 0.055989583333333336
7 0.41455078125 0.07356770833333333 0.0283203125 0.01953125
7 0.36572265625 0.08268229166666667 0.4912109375 0.037760416666666664
7 0.70849609375 0.064453125 0.0693359375 0.01953125
0 0.70849609375 0.06510416666666667 0.0693359375 0.028645833333333332
7 0.828125 0.06510416666666667 0.091796875 0.049479166666666664
4 0.0712890625 0.19205729166666666 0.09765625 0.07161458333333333
0 0.0712890625 0.19075520833333334 0.09765625 0.024739583333333332
7 0.2158203125 0.15559895833333334 0.08203125 0.024739583333333332
0 0.2158203125 0.15559895833333334 0.11328125 0.05078125
7 0.34375 0.15559895833333334 0.07421875 0.024739583333333332
0 0.34375 0.15559895833333334 0.10546875 0.05078125
7 0.4658203125 0.15559895833333334 0.0703125 0.024739583333333332
0 0.4658203125 0.15559895833333334 0.1015625 0.05078125
7 0.57958984375 0.15559895833333334 0.0576171875 0.024739583333333332
0 0.57958984375 0.15559895833333334 0.0888671875 0.05078125
7 0.3916015625 0.216796875 0.08203125 0.024739583333333332
0 0.3916015625 0.216796875 0.11328125 0.05078125
7 0.7080078125 0.15559895833333334 0.052734375 0.024739583333333332
0 0.7080078125 0.15559895833333334 0.091796875 0.05078125
7 0.8037109375 0.15559895833333334 0.0625 0.024739583333333332
0 0.8037109375 0.15559895833333334 0.1015625 0.05078125
7 0.7451171875 0.20638020833333334 0.09375 0.024739583333333332
0 0.7451171875 0.20638020833333334 0.09375 0.022135416666666668
2 0.375 0.380859375 0.69140625 0.14713541666666666
2 0.375 0.5071614583333334 0.69140625 0.08723958333333333
0 0.14501953125 0.6451822916666666 0.2314453125 0.07942708333333333
0 0.14501953125 0.705078125 0.0830078125 0.029947916666666668
1 0.36865234375 0.8828125 0.6787109375 0.078125
1 0.85302734375 0.8828125 0.2353515625 0.078125
7 0.392578125 0.947265625 0.30078125 0.01953125
6 0.59375 0.947265625 0.103515625 0.01953125
7 0.66015625 0.947265625 0.03125 0.01953125
6 0.71630859375 0.947265625 0.0830078125 0.01953125