3 0.5 0.21223958333333334 0.947265625 0.3255208333333333
4 0.1484375 0.4329427083333333 0.21484375 0.07161458333333333
0 0.1484375 0.4329427083333333 0.21484375 0.07161458333333333
0 0.3369140625 0.431640625 0.1171875 0.032552083333333336
0 0.44287109375 0.431640625 0.0888671875 0.032552083333333336
0 0.54345703125 0.431640625 0.1064453125 0.032552083333333336
0 0.64453125 0.4140625 0.0703125 0.09375
1 0.814453125 0.4329427083333333 0.244140625 0.05859375
4 0.91650390625 0.4329427083333333 0.0146484375 0.01953125
0 0.91650390625 0.4329427083333333 0.0400390625 0.05859375
0 0.90185546875 0.5 0.0693359375 0.0390625
0 0.865234375 0.4114583333333333 0.0390625 0.052083333333333336
4 0.35498046875 0.4348958333333333 0.0205078125 0.026041666666666668
1 0.4287109375 0.4329427083333333 0.1953125 0.05859375
4 0.54345703125 0.4329427083333333 0.0205078125 0.032552083333333336
1 0.66455078125 0.4329427083333333 0.2001953125 0.037760416666666664
4 0.78515625 0.4342447916666667 0.015625 0.032552083333333336
0 0.78515625 0.4342447916666667 0.037109375 0.061197916666666664
7 0.0908203125 0.9173177083333334 0.01953125 0.03515625
4 0.01318359375 0.7578125 0.0263671875 0.484375
4 0.5 0.7578125 0.947265625 0.484375
4 0.98681640625 0.7578125 0.0263671875 0.484375
7 0.9091796875 0.9173177083333334 0.01953125 0.03515625
7 0.33203125 0.9739583333333334 0.119140625 0.020833333333333332
6 0.486328125 0.9739583333333334 0.19140625 0.020833333333333332
7 0.65380859375 0.9739583333333334 0.1455078125 0.020833333333333332
7 0.9912109375 0.9609375 0.017578125 0.026041666666666668