4 0.08837890625 0.044921875 0.0986328125 0.032552083333333336
0 0.08837890625 0.044921875 0.0986328125 0.032552083333333336
4 0.94873046875 0.042317708333333336 0.0244140625 0.022135416666666668
0 0.94873046875 0.044921875 0.0244140625 0.08984375
4 0.70703125 0.5201822916666666 0.5078125 0.4361979166666667
7 0.1044921875 0.22135416666666666 0.130859375 0.026041666666666668
2 0.2236328125 0.3704427083333333 0.369140625 0.23046875
7 0.2236328125 0.5638020833333334 0.369140625 0.13541666666666666
0 0.2236328125 0.7102864583333334 0.369140625 0.07421875
0 0.2236328125 0.794921875 0.369140625 0.07421875
2 0.5 0.9947916666666666 0.921875 0.010416666666666666