4 0.0263671875 0.095703125 0.0234375 0.022135416666666668
0 0.04296875 0.095703125 0.056640625 0.022135416666666668
7 0.05419921875 0.09440104166666667 0.0322265625 0.01953125
2 0.3251953125 0.036458333333333336 0.357421875 0.020833333333333332
0 0.17431640625 0.08723958333333333 0.0556640625 0.041666666666666664
0 0.23486328125 0.08723958333333333 0.0400390625 0.041666666666666664
0 0.29345703125 0.08723958333333333 0.0517578125 0.041666666666666664
0 0.376953125 0.08723958333333333 0.08984375 0.041666666666666664
0 0.4619140625 0.08723958333333333 0.0546875 0.041666666666666664
0 0.185546875 0.14192708333333334 0.078125 0.041666666666666664
0 0.28125 0.14192708333333334 0.087890625 0.041666666666666664
0 0.3642578125 0.14192708333333334 0.052734375 0.041666666666666664
0 0.439453125 0.14192708333333334 0.072265625 0.041666666666666664
0 0.1826171875 0.19661458333333334 0.072265625 0.041666666666666664
0 0.2666015625 0.19661458333333334 0.0703125 0.041666666666666664
4 0.15283203125 0.24544270833333334 0.0126953125 0.016927083333333332
6 0.2548828125 0.248046875 0.181640625 0.01953125
2 0.6328125 0.036458333333333336 0.23828125 0.020833333333333332
7 0.52490234375 0.07747395833333333 0.0224609375 0.01953125
6 0.564453125 0.07747395833333333 0.056640625 0.01953125
7 0.64306640625 0.07747395833333333 0.1044921875 0.01953125
7 0.52001953125 0.10091145833333333 0.0126953125 0.01953125
6 0.5595703125 0.10091145833333333 0.06640625 0.01953125
7 0.52001953125 0.12434895833333333 0.0126953125 0.01953125
6 0.54150390625 0.12434895833333333 0.0302734375 0.01953125
7 0.52001953125 0.14778645833333334 0.0126953125 0.01953125
6 0.56689453125 0.14778645833333334 0.0810546875 0.01953125
6 0.6298828125 0.21875 0.21484375 0.0390625
0 0.6298828125 0.23046875 0.232421875 0.08854166666666667
6 0.6298828125 0.25390625 0.1875 0.015625
2 0.880859375 0.036458333333333336 0.23828125 0.020833333333333332
6 0.81982421875 0.07747395833333333 0.0888671875 0.01953125
6 0.875 0.11263020833333333 0.19921875 0.04296875
6 0.873046875 0.15950520833333334 0.1953125 0.04296875
6 0.84033203125 0.19466145833333334 0.1298828125 0.01953125
6 0.83837890625 0.21809895833333334 0.1259765625 0.01953125
7 0.880859375 0.2669270833333333 0.23828125 0.046875
2 0.046875 0.052083333333333336 0.0546875 0.052083333333333336
0 0.046875 0.054036458333333336 0.0546875 0.055989583333333336
4 0.0859375 0.35546875 0.0234375 0.020833333333333332
0 0.0986328125 0.35546875 0.060546875 0.078125
7 0.1103515625 0.35546875 0.0234375 0.020833333333333332
4 0.14697265625 0.35546875 0.0244140625 0.020833333333333332
0 0.16259765625 0.35546875 0.0673828125 0.078125
7 0.17431640625 0.35546875 0.0302734375 0.020833333333333332
4 0.21435546875 0.35546875 0.0244140625 0.020833333333333332
0 0.24755859375 0.35546875 0.1025390625 0.078125
7 0.25927734375 0.35546875 0.0654296875 0.020833333333333332
7 0.34619140625 0.3541666666666667 0.0458984375 0.0234375
7 0.462890625 0.353515625 0.177734375 0.01953125
4 0.87060546875 0.35546875 0.0244140625 0.020833333333333332
0 0.89453125 0.35546875 0.083984375 0.078125
7 0.90625 0.35546875 0.046875 0.020833333333333332
6 0.962890625 0.35546875 0.0390625 0.078125
2 0.10205078125 0.41796875 0.1845703125 0.046875
1 0.10205078125 0.4635416666666667 0.1845703125 0.044270833333333336
1 0.10205078125 0.5286458333333334 0.1748046875 0.052083333333333336
4 0.021484375 0.5891927083333334 0.0234375 0.01953125
7 0.078125 0.5904947916666666 0.080078125 0.01953125
0 0.13916015625 0.5904947916666666 0.0361328125 0.016927083333333332
2 0.0341796875 0.66015625 0.048828125 0.020833333333333332
2 0.0791015625 0.6608072916666666 0.037109375 0.016927083333333332
2 0.04443359375 0.70703125 0.0693359375 0.020833333333333332
2 0.095703125 0.7083333333333334 0.03515625 0.020833333333333332
2 0.13525390625 0.7083333333333334 0.0380859375 0.020833333333333332
2 0.10205078125 0.75390625 0.1845703125 0.046875
2 0.10205078125 0.80078125 0.1845703125 0.046875
7 0.23095703125 0.4205729166666667 0.0322265625 0.018229166666666668
0 0.236328125 0.4205729166666667 0.0625 0.052083333333333336
4 0.25341796875 0.4205729166666667 0.0087890625 0.010416666666666666
7 0.2373046875 0.462890625 0.033203125 0.022135416666666668
7 0.43212890625 0.4622395833333333 0.3408203125 0.020833333333333332
4 0.23388671875 0.6705729166666666 0.0576171875 0.4479166666666667
7 0.30224609375 0.8821614583333334 0.1748046875 0.01953125
0 0.3076171875 0.8821614583333334 0.205078125 0.053385416666666664
4 0.39599609375 0.8821614583333334 0.0087890625 0.009114583333333334
4 0.43212890625 0.923828125 0.3408203125 0.022135416666666668
4 0.43212890625 0.923828125 0.3408203125 0.022135416666666668
7 0.2373046875 0.9244791666666666 0.033203125 0.0234375
7 0.43212890625 0.923828125 0.3408203125 0.022135416666666668
4 0.23388671875 0.9537760416666666 0.0576171875 0.09244791666666667
7 0.625 0.4205729166666667 0.025390625 0.018229166666666668
0 0.63037109375 0.4205729166666667 0.0556640625 0.052083333333333336
4 0.64404296875 0.4205729166666667 0.0087890625 0.010416666666666666
7 0.63525390625 0.462890625 0.0341796875 0.022135416666666668
7 0.82958984375 0.4622395833333333 0.3408203125 0.020833333333333332
4 0.63134765625 0.6705729166666666 0.0576171875 0.4479166666666667
3 0.80126953125 0.927734375 0.3974609375 0.14453125
7 0.62451171875 0.8821614583333334 0.0439453125 0.053385416666666664