4 0.10302734375 0.044270833333333336 0.0732421875 0.036458333333333336
7 0.6376953125 0.041666666666666664 0.0234375 0.03125
7 0.68408203125 0.041666666666666664 0.0458984375 0.026041666666666668
7 0.8486328125 0.041666666666666664 0.044921875 0.0234375
0 0.8486328125 0.041666666666666664 0.0625 0.046875
7 0.93994140625 0.041666666666666664 0.0576171875 0.0234375
0 0.93994140625 0.041666666666666664 0.0888671875 0.046875
2 0.443359375 0.20703125 0.837890625 0.057291666666666664
7 0.443359375 0.2877604166666667 0.837890625 0.0625
7 0.080078125 0.3736979166666667 0.080078125 0.0234375
0 0.080078125 0.3736979166666667 0.111328125 0.046875
7 0.224609375 0.3736979166666667 0.130859375 0.0234375
0 0.224609375 0.3736979166666667 0.146484375 0.046875
4 0.93115234375 0.2877604166666667 0.1376953125 0.2421875
4 0.5 0.216796875 0.201171875 0.2669270833333333
4 0.7001953125 0.216796875 0.201171875 0.2669270833333333
4 0.89990234375 0.216796875 0.2001953125 0.2669270833333333
4 0.7001953125 0.486328125 0.201171875 0.2643229166666667
4 0.89990234375 0.48828125 0.2001953125 0.2682291666666667
4 0.89990234375 0.7493489583333334 0.2001953125 0.24609375
4 0.10009765625 0.94921875 0.2001953125 0.1015625
2 0.18359375 0.5494791666666666 0.3671875 0.11458333333333333
7 0.18359375 0.6901041666666666 0.3671875 0.125
4 0.0234375 0.8255208333333334 0.0234375 0.03125
0 0.13134765625 0.8255208333333334 0.2626953125 0.0625
7 0.14501953125 0.8255208333333334 0.1962890625 0.046875
0 0.18359375 0.9010416666666666 0.3671875 0.026041666666666668
4 0.76953125 0.58984375 0.29296875 0.1953125
0 0.76953125 0.5924479166666666 0.29296875 0.20052083333333334
7 0.76953125 0.5911458333333334 0.056640625 0.0234375
0 0.76953125 0.5911458333333334 0.087890625 0.046875
7 0.4140625 0.96484375 0.8046875 0.0390625
7 0.85498046875 0.96484375 0.0537109375 0.03125
7 0.93505859375 0.96484375 0.0908203125 0.03125
0 0.93896484375 0.96484375 0.0986328125 0.03125