7 0.15234375 0.016927083333333332 0.2578125 0.020833333333333332
7 0.41552734375 0.016927083333333332 0.2685546875 0.026041666666666668
0 0.41552734375 0.016927083333333332 0.2685546875 0.026041666666666668
7 0.5595703125 0.016927083333333332 0.01953125 0.020833333333333332
7 0.66064453125 0.016927083333333332 0.1826171875 0.026041666666666668
0 0.66064453125 0.016927083333333332 0.1826171875 0.026041666666666668
7 0.4638671875 0.029947916666666668 0.880859375 0.046875
7 0.42822265625 0.04296875 0.0615234375 0.026041666666666668
0 0.42822265625 0.04296875 0.0615234375 0.026041666666666668
7 0.52734375 0.04296875 0.13671875 0.020833333333333332
4 0.97265625 0.029947916666666668 0.0234375 0.03125
0 0.97265625 0.029947916666666668 0.0390625 0.052083333333333336
7 0.0478515625 0.1015625 0.056640625 0.020833333333333332
7 0.2109375 0.1015625 0.15625 0.026041666666666668
0 0.220703125 0.1015625 0.1953125 0.052083333333333336
6 0.80419921875 0.1015625 0.0517578125 0.078125
6 0.8798828125 0.1015625 0.037109375 0.078125
6 0.955078125 0.1015625 0.05078125 0.078125
2 0.7158203125 0.3860677083333333 0.345703125 0.06901041666666667
2 0.703125 0.4485677083333333 0.3203125 0.06901041666666667
2 0.58447265625 0.5110677083333334 0.0830078125 0.06901041666666667
2 0.7060546875 0.5110677083333334 0.140625 0.06901041666666667
7 0.744140625 0.6302083333333334 0.40234375 0.0703125
7 0.5947265625 0.7486979166666666 0.060546875 0.026041666666666668
0 0.5947265625 0.7486979166666666 0.103515625 0.052083333333333336
7 0.7060546875 0.7486979166666666 0.0625 0.026041666666666668
0 0.7060546875 0.7486979166666666 0.103515625 0.052083333333333336
7 0.8173828125 0.7486979166666666 0.05859375 0.026041666666666668
0 0.8173828125 0.7486979166666666 0.103515625 0.052083333333333336
7 0.9287109375 0.7486979166666666 0.0546875 0.026041666666666668
0 0.9287109375 0.7486979166666666 0.103515625 0.052083333333333336
4 0.5 0.765625 1 0.46875
4 0.7607421875 0.5 0.32421875 1
4 0.7822265625 0.076171875 0.0234375 0.032552083333333336
0 0.7822265625 0.076171875 0.0390625 0.053385416666666664
4 0.5 0.2721354166666667 0.619140625 0.4661458333333333
0 0.5 0.2721354166666667 0.619140625 0.4661458333333333
7 0.5 0.5983072916666666 0.51953125 0.09505208333333333
7 0.5 0.6907552083333334 0.51953125 0.03515625
6 0.2724609375 0.724609375 0.064453125 0.022135416666666668
7 0.310546875 0.724609375 0.01171875 0.022135416666666668
6 0.4150390625 0.724609375 0.197265625 0.022135416666666668
7 0.5 0.8548177083333334 0.51953125 0.17057291666666666
6 0.31005859375 0.9563802083333334 0.1396484375 0.022135416666666668
7 0.3857421875 0.9563802083333334 0.01171875 0.022135416666666668
6 0.4599609375 0.9563802083333334 0.13671875 0.022135416666666668
4 0.80859375 0.671875 0.158203125 0.19791666666666666