0 0.0517578125 0.01953125 0.064453125 0.0390625
4 0.818359375 0.018229166666666668 0.0234375 0.015625
7 0.88330078125 0.01953125 0.0849609375 0.0390625
0 0.88330078125 0.01953125 0.0849609375 0.0390625
0 0.96044921875 0.01953125 0.0419921875 0.0390625
0 0.9814453125 0.50390625 0.037109375 0.049479166666666664
2 0.10009765625 0.08854166666666667 0.1611328125 0.07552083333333333
1 0.39794921875 0.087890625 0.3955078125 0.05859375
1 0.5693359375 0.087890625 0.044921875 0.048177083333333336
4 0.70751953125 0.078125 0.0322265625 0.033854166666666664
0 0.70751953125 0.09114583333333333 0.0478515625 0.059895833333333336
7 0.70751953125 0.10807291666666667 0.0478515625 0.026041666666666668
7 0.77587890625 0.08072916666666667 0.0322265625 0.0390625
0 0.77587890625 0.09114583333333333 0.0322265625 0.059895833333333336
7 0.77587890625 0.11067708333333333 0.0322265625 0.020833333333333332
7 0.900390625 0.09114583333333333 0.099609375 0.020833333333333332
0 0.90087890625 0.09049479166666667 0.1611328125 0.05859375
7 0.87548828125 0.14453125 0.1103515625 0.020833333333333332
0 0.90087890625 0.13802083333333334 0.1611328125 0.036458333333333336
7 0.9580078125 0.14453125 0.046875 0.020833333333333332
0 0.068359375 0.19986979166666666 0.111328125 0.06901041666666667
0 0.2041015625 0.19986979166666666 0.15234375 0.06901041666666667
0 0.38037109375 0.19986979166666666 0.1923828125 0.06901041666666667
0 0.56201171875 0.19986979166666666 0.1630859375 0.06901041666666667
6 0.5 0.24609375 1 0.0234375
0 0 0.234375 0 0
6 0.8349609375 0.24739583333333334 0.328125 0.0234375
0 0.67138671875 0.23567708333333334 0.0009765625 0
6 0.8349609375 0.447265625 0.328125 0.024739583333333332
0 0.67138671875 0.435546875 0.0009765625 0.0013020833333333333
2 0.17333984375 0.6783854166666666 0.2333984375 0.033854166666666664
6 0.9169921875 0.6809895833333334 0.0546875 0.0234375
0 0.125 0.8756510416666666 0.13671875 0.24869791666666666
0 0.29736328125 0.8606770833333334 0.1376953125 0.2786458333333333
0 0.47021484375 0.8678385416666666 0.1376953125 0.2643229166666667
0 0.64306640625 0.8678385416666666 0.1376953125 0.2643229166666667
0 0.81591796875 0.8606770833333334 0.1376953125 0.2786458333333333
0 0.9599609375 0.8606770833333334 0.080078125 0.2786458333333333
4 0.9716796875 0.9576822916666666 0.017578125 0.040364583333333336