6 0.93798828125 0.018880208333333332 0.0888671875 0.016927083333333332
4 0.18798828125 0.050130208333333336 0.2412109375 0.06901041666666667
2 0.12060546875 0.19205729166666666 0.1064453125 0.032552083333333336
2 0.2509765625 0.208984375 0.3671875 0.06640625
0 0.11083984375 0.2688802083333333 0.0869140625 0.024739583333333332
0 0.11181640625 0.296875 0.0888671875 0.026041666666666668
7 0.1728515625 0.29296875 0.03515625 0.018229166666666668
6 0.2080078125 0.29296875 0.037109375 0.018229166666666668
7 0.23876953125 0.29296875 0.0263671875 0.018229166666666668
6 0.25927734375 0.29296875 0.0166015625 0.018229166666666668
0 0.1123046875 0.3255208333333333 0.08984375 0.026041666666666668
0 0.17578125 0.3528645833333333 0.216796875 0.026041666666666668
0 0.10888671875 0.3815104166666667 0.0830078125 0.026041666666666668
0 0.107421875 0.4088541666666667 0.080078125 0.026041666666666668
0 0.146484375 0.4375 0.158203125 0.026041666666666668
0 0.134765625 0.4661458333333333 0.134765625 0.026041666666666668
0 0.11572265625 0.4934895833333333 0.0966796875 0.026041666666666668
2 0.2568359375 0.5397135416666666 0.37890625 0.03515625
6 0.17822265625 0.578125 0.2216796875 0.018229166666666668
7 0.32861328125 0.578125 0.0810546875 0.018229166666666668
7 0.25634765625 0.66015625 0.3779296875 0.13541666666666666
6 0.15380859375 0.7630208333333334 0.1728515625 0.018229166666666668
7 0.279296875 0.7630208333333334 0.080078125 0.018229166666666668
7 0.2529296875 0.8450520833333334 0.37109375 0.13541666666666666
6 0.1826171875 0.9466145833333334 0.23046875 0.018229166666666668
7 0.33642578125 0.9466145833333334 0.0791015625 0.018229166666666668
7 0.25634765625 0.98046875 0.3779296875 0.0390625
1 0.59033203125 0.142578125 0.1669921875 0.022135416666666668
1 0.7265625 0.142578125 0.1015625 0.022135416666666668
7 0.52587890625 0.189453125 0.0380859375 0.016927083333333332
7 0.57080078125 0.189453125 0.0537109375 0.016927083333333332
7 0.6240234375 0.189453125 0.0546875 0.016927083333333332
7 0.66796875 0.189453125 0.03515625 0.016927083333333332
7 0.7119140625 0.189453125 0.0546875 0.016927083333333332
7 0.767578125 0.189453125 0.05859375 0.016927083333333332
7 0.81494140625 0.189453125 0.0380859375 0.016927083333333332
7 0.8779296875 0.189453125 0.08984375 0.016927083333333332
7 0.5341796875 0.212890625 0.0546875 0.016927083333333332
7 0.5966796875 0.212890625 0.072265625 0.016927083333333332
7 0.654296875 0.212890625 0.044921875 0.016927083333333332
7 0.7021484375 0.212890625 0.052734375 0.016927083333333332
7 0.74658203125 0.212890625 0.0380859375 0.016927083333333332
7 0.83642578125 0.212890625 0.1435546875 0.016927083333333332
2 0.7197265625 0.2630208333333333 0.42578125 0.033854166666666664
6 0.56103515625 0.3014322916666667 0.1083984375 0.016927083333333332
7 0.73779296875 0.3014322916666667 0.2470703125 0.016927083333333332
7 0.60400390625 0.3248697916666667 0.1943359375 0.016927083333333332
6 0.72900390625 0.3248697916666667 0.0576171875 0.016927083333333332
7 0.82958984375 0.3248697916666667 0.1455078125 0.016927083333333332
6 0.5654296875 0.3483072916666667 0.1171875 0.016927083333333332
7 0.625 0.3483072916666667 0.00390625 0.016927083333333332
2 0.7197265625 0.3984375 0.42578125 0.033854166666666664
2 0.53857421875 0.4778645833333333 0.0634765625 0.08333333333333333
2 0.6015625 0.4759114583333333 0.056640625 0.024739583333333332
7 0.7197265625 0.5462239583333334 0.42578125 0.032552083333333336
0 0.5439453125 0.5891927083333334 0.07421875 0.032552083333333336
0 0.7421875 0.5930989583333334 0.056640625 0.024739583333333332
0 0.57958984375 0.6171875 0.1455078125 0.033854166666666664
0 0.74609375 0.6171875 0.064453125 0.033854166666666664
0 0.56298828125 0.6458333333333334 0.1123046875 0.033854166666666664
0 0.76708984375 0.6458333333333334 0.1064453125 0.033854166666666664
0 0.578125 0.6731770833333334 0.142578125 0.033854166666666664
0 0.751953125 0.6731770833333334 0.076171875 0.033854166666666664
0 0.541015625 0.7018229166666666 0.068359375 0.033854166666666664
0 0.751953125 0.7018229166666666 0.076171875 0.033854166666666664
0 0.5361328125 0.7291666666666666 0.05859375 0.033854166666666664
0 0.76025390625 0.7291666666666666 0.0927734375 0.033854166666666664
0 0.529296875 0.7578125 0.044921875 0.033854166666666664
6 0.5791015625 0.8020833333333334 0.14453125 0.018229166666666668
7 0.65234375 0.8020833333333334 0.00390625 0.018229166666666668