4 0.5 0.061848958333333336 1 0.12369791666666667
2 0.16943359375 0.044921875 0.2666015625 0.032552083333333336
7 0.4560546875 0.046875 0.0546875 0.0234375
0 0.4560546875 0.043619791666666664 0.0546875 0.029947916666666668
7 0.56494140625 0.046875 0.1337890625 0.0234375
0 0.56494140625 0.043619791666666664 0.1337890625 0.029947916666666668
7 0.66796875 0.046875 0.04296875 0.0234375
0 0.66796875 0.043619791666666664 0.04296875 0.029947916666666668
7 0.7236328125 0.046875 0.0390625 0.0234375
0 0.7236328125 0.043619791666666664 0.0390625 0.029947916666666668
7 0.78515625 0.046875 0.0546875 0.0234375
0 0.78515625 0.043619791666666664 0.0546875 0.029947916666666668
1 0.8955078125 0.046875 0.13671875 0.0390625
1 0.94921875 0.046875 0.029296875 0.0390625
0 0.98193359375 0.4016927083333333 0.0361328125 0.024739583333333332
2 0.5 0.6061197916666666 0.470703125 0.061197916666666664
2 0.5 0.6686197916666666 0.451171875 0.061197916666666664
2 0.5 0.7311197916666666 0.5078125 0.061197916666666664
0 0.5 0.8385416666666666 0.267578125 0.046875
7 0.3876953125 0.9296875 0.271484375 0.03125
7 0.603515625 0.9296875 0.14453125 0.03125
7 0.68896484375 0.9309895833333334 0.0205078125 0.033854166666666664
0 0.70849609375 0.9309895833333334 0.0595703125 0.033854166666666664
7 0.72314453125 0.9309895833333334 0.0302734375 0.033854166666666664