7 0.4765625 0.041666666666666664 0.75 0.08333333333333333
4 0.91796875 0.041666666666666664 0.1171875 0.026041666666666668
4 0.06494140625 0.125 0.0830078125 0.026041666666666668
7 0.1533203125 0.12434895833333333 0.03125 0.024739583333333332
0 0.1533203125 0.125 0.03125 0.08333333333333333
7 0.2412109375 0.12434895833333333 0.05078125 0.024739583333333332
0 0.2412109375 0.125 0.05078125 0.08333333333333333
7 0.32958984375 0.12434895833333333 0.0322265625 0.024739583333333332
0 0.32958984375 0.125 0.0322265625 0.08333333333333333
7 0.8037109375 0.12434895833333333 0.04296875 0.024739583333333332
0 0.8037109375 0.125 0.04296875 0.08333333333333333
7 0.91650390625 0.125 0.0888671875 0.0234375
0 0.91650390625 0.125 0.1201171875 0.041666666666666664
7 0.5 0.3326822916666667 0.802734375 0.09505208333333333
7 0.5 0.4134114583333333 0.802734375 0.06901041666666667
7 0.5 0.5716145833333334 0.21875 0.03125
0 0.5 0.572265625 0.28125 0.08463541666666667
7 0.47998046875 0.65234375 0.1435546875 0.026041666666666668
7 0.57080078125 0.65234375 0.0419921875 0.026041666666666668
4 0.74365234375 0.4876302083333333 0.2119140625 0.06380208333333333
4 0.56298828125 0.755859375 0.0322265625 0.04296875
4 0.39208984375 0.4055989583333333 0.2119140625 0.06380208333333333
4 0.53857421875 0.4876302083333333 0.2119140625 0.06380208333333333
4 0.67724609375 0.7975260416666666 0.0322265625 0.04296875
4 0.68701171875 0.5345052083333334 0.0322265625 0.04296875
4 0.90966796875 0.501953125 0.0322265625 0.04296875
4 0.0654296875 0.4615885416666667 0.130859375 0.06380208333333333
4 0.72412109375 0.5696614583333334 0.0322265625 0.04296875
4 0.43408203125 0.6998697916666666 0.0322265625 0.04296875
4 0.06787109375 0.5084635416666666 0.0322265625 0.04296875
4 0.26220703125 0.544921875 0.0322265625 0.04296875
4 0.93359375 0.4368489583333333 0.1328125 0.06380208333333333
4 0.61962890625 0.8170572916666666 0.0322265625 0.04296875
4 0.70947265625 0.5553385416666666 0.2119140625 0.06380208333333333
4 0.32763671875 0.482421875 0.0322265625 0.04296875
4 0.74267578125 0.7389322916666666 0.0322265625 0.04296875
4 0.66357421875 0.4654947916666667 0.0322265625 0.04296875
4 0.50146484375 0.6438802083333334 0.2119140625 0.06380208333333333
4 0.10107421875 0.4602864583333333 0.0322265625 0.04296875
4 0.5 0.6686197916666666 1 0.55078125
3 0.951171875 0.931640625 0.068359375 0.09765625