7 0.2001953125 0.7942708333333334 0.306640625 0.0546875
0 0.09033203125 0.845703125 0.0869140625 0.040364583333333336
0 0.203125 0.9114583333333334 0.3125 0.052083333333333336
0 0.9755859375 0.032552083333333336 0.048828125 0.06510416666666667
0 0.5 0.033854166666666664 0.224609375 0.041666666666666664
4 0.05810546875 0.099609375 0.0341796875 0.045572916666666664
0 0.08642578125 0.09765625 0.1103515625 0.06510416666666667
6 0.1064453125 0.10026041666666667 0.05078125 0.044270833333333336
1 0.25341796875 0.09830729166666667 0.1826171875 0.040364583333333336
0 0.751953125 0.09765625 0.091796875 0.052083333333333336
0 0.8544921875 0.09700520833333333 0.056640625 0.02734375
7 0.9306640625 0.09700520833333333 0.0390625 0.01953125
0 0.93505859375 0.09765625 0.0771484375 0.06510416666666667
2 0.5 0.220703125 0.91796875 0.06380208333333333
2 0.5 0.2955729166666667 0.91796875 0.033854166666666664
2 0.5 0.3782552083333333 0.125 0.024739583333333332
0 0.5 0.3776041666666667 0.146484375 0.052083333333333336
2 0.1689453125 0.55078125 0.255859375 0.033854166666666664
0 0.921875 0.5598958333333334 0.07421875 0.026041666666666668
4 0.1865234375 0.595703125 0.2890625 0.00390625
6 0.1865234375 0.6640625 0.26953125 0.08854166666666667
7 0.09228515625 0.7350260416666666 0.0517578125 0.02734375
7 0.15625 0.7350260416666666 0.0390625 0.02734375
7 0.2099609375 0.7350260416666666 0.03125 0.02734375
4 0.1865234375 0.8600260416666666 0.2890625 0.19661458333333334
4 0.30029296875 0.9837239583333334 0.0341796875 0.032552083333333336
0 0.2998046875 0.9837239583333334 0.04296875 0.032552083333333336
4 0.49658203125 0.595703125 0.2900390625 0.00390625
6 0.49658203125 0.6640625 0.2705078125 0.08854166666666667
7 0.40966796875 0.7350260416666666 0.0673828125 0.02734375
7 0.47998046875 0.7350260416666666 0.0380859375 0.02734375
7 0.5361328125 0.7350260416666666 0.0390625 0.02734375
4 0.49658203125 0.8600260416666666 0.2900390625 0.19661458333333334
4 0.61083984375 0.9837239583333334 0.0341796875 0.032552083333333336
0 0.6103515625 0.9837239583333334 0.04296875 0.032552083333333336
4 0.806640625 0.595703125 0.2890625 0.00390625
6 0.806640625 0.6640625 0.26953125 0.08854166666666667
7 0.712890625 0.7350260416666666 0.052734375 0.02734375
7 0.77490234375 0.7350260416666666 0.0361328125 0.02734375
7 0.8271484375 0.7350260416666666 0.033203125 0.02734375
4 0.806640625 0.8600260416666666 0.2890625 0.19661458333333334
4 0.92041015625 0.9837239583333334 0.0341796875 0.032552083333333336
0 0.919921875 0.9837239583333334 0.04296875 0.032552083333333336
0 0.400390625 0.953125 0.09765625 0.052083333333333336
0 0.498046875 0.953125 0.09765625 0.052083333333333336
0 0.595703125 0.953125 0.09765625 0.052083333333333336