2 0.09765625 0.059244791666666664 0.1953125 0.06640625
4 0.98828125 0.05859375 0.0234375 0.078125
0 0.98828125 0.05859375 0.0234375 0.078125
1 0.876953125 0.061197916666666664 0.138671875 0.0234375
7 0.9541015625 0.059895833333333336 0.00390625 0.049479166666666664
7 0.57373046875 0.059895833333333336 0.0947265625 0.028645833333333332
4 0.677734375 0.059895833333333336 0.025390625 0.026041666666666668
4 0.71923828125 0.059895833333333336 0.0205078125 0.020833333333333332
4 0.7529296875 0.059895833333333336 0.009765625 0.0234375
7 0.08056640625 0.15104166666666666 0.0869140625 0.07552083333333333
0 0.08056640625 0.15104166666666666 0.1611328125 0.07291666666666667
7 0.26513671875 0.15104166666666666 0.1435546875 0.07552083333333333
0 0.26513671875 0.15104166666666666 0.2080078125 0.07291666666666667
7 0.4521484375 0.15104166666666666 0.08984375 0.07552083333333333
0 0.45263671875 0.15104166666666666 0.1669921875 0.07291666666666667
7 0.611328125 0.15104166666666666 0.08203125 0.07552083333333333
0 0.611328125 0.15104166666666666 0.150390625 0.07291666666666667
7 0.76220703125 0.15104166666666666 0.0849609375 0.07552083333333333
0 0.76220703125 0.15104166666666666 0.1513671875 0.07291666666666667
7 0.9052734375 0.15104166666666666 0.12109375 0.07552083333333333
0 0.9052734375 0.15104166666666666 0.134765625 0.07291666666666667
4 0.08544921875 0.48046875 0.1708984375 0.5859375
0 0.08544921875 0.48046875 0.1708984375 0.5859375
4 0.58544921875 0.48046875 0.8291015625 0.5859375
0 0.58544921875 0.48046875 0.8291015625 0.5859375
0 0.54296875 0.74609375 0.01171875 0.015625
0 0.564453125 0.74609375 0.01171875 0.015625
0 0.5859375 0.74609375 0.01171875 0.015625
0 0.607421875 0.74609375 0.01171875 0.015625
0 0.62890625 0.74609375 0.01171875 0.015625
0 0.166015625 0.462890625 0.03515625 0.07161458333333333
0 0.994140625 0.462890625 0.01171875 0.07161458333333333
4 0.0927734375 0.91015625 0.166015625 0.125
0 0.009765625 0.8125 0 0
2 0.27880859375 0.873046875 0.1669921875 0.022135416666666668
7 0.279296875 0.93359375 0.16796875 0.059895833333333336
4 0.4873046875 0.91015625 0.166015625 0.13020833333333334
0 0.404296875 0.8125 0 0
2 0.6689453125 0.873046875 0.158203125 0.055989583333333336
7 0.673828125 0.9505208333333334 0.16796875 0.059895833333333336
4 0.8818359375 0.91015625 0.166015625 0.125
0 0.798828125 0.8125 0 0
2 0.9921875 0.873046875 0.015625 0.055989583333333336
7 0.9921875 0.9505208333333334 0.015625 0.059895833333333336