2 0.1904296875 0.07161458333333333 0.341796875 0.10416666666666667
0 0.8046875 0.057942708333333336 0.05859375 0.037760416666666664
0 0.869140625 0.057942708333333336 0.0625 0.037760416666666664
0 0.93994140625 0.057942708333333336 0.0712890625 0.037760416666666664
2 0.5 0.171875 0.9609375 0.078125
7 0.15625 0.2506510416666667 0.2734375 0.06640625
7 0.19140625 0.2669270833333333 0.1328125 0.033854166666666664
7 0.46484375 0.2545572916666667 0.140625 0.06901041666666667
0 0.46484375 0.2545572916666667 0.2265625 0.06901041666666667
4 0.5 0.25 0.9609375 0.3151041666666667
4 0.5 0.4401041666666667 1 0.06510416666666667
0 0.05078125 0.375 0.0625 0.06510416666666667
0 0.11181640625 0.3802083333333333 0.0615234375 0.0546875
0 0.18212890625 0.3802083333333333 0.0810546875 0.0546875
0 0.255859375 0.3802083333333333 0.068359375 0.0546875
0 0.33203125 0.3802083333333333 0.0859375 0.0546875
4 0.26953125 0.6061197916666666 0.421875 0.3190104166666667
4 0.26953125 0.6061197916666666 0.421875 0.3190104166666667
2 0.73046875 0.47265625 0.421875 0.078125
7 0.73046875 0.58984375 0.421875 0.15625
7 0.73046875 0.720703125 0.150390625 0.06380208333333333
0 0.73046875 0.720703125 0.421875 0.06380208333333333
4 0.1025390625 0.9212239583333334 0.078125 0.10546875
6 0.21337890625 0.8938802083333334 0.1142578125 0.024739583333333332
0 0.048828125 0.8430989583333334 0 0.0013020833333333333
6 0.2333984375 0.9368489583333334 0.154296875 0.048177083333333336
4 0.416015625 0.9212239583333334 0.078125 0.10546875
6 0.51171875 0.8938802083333334 0.083984375 0.024739583333333332
0 0.3623046875 0.8430989583333334 0 0.0013020833333333333
6 0.546875 0.9368489583333334 0.154296875 0.048177083333333336
4 0.7294921875 0.9212239583333334 0.078125 0.10546875
6 0.8369140625 0.8938802083333334 0.107421875 0.024739583333333332
0 0.67578125 0.8430989583333334 0 0.0013020833333333333
6 0.8603515625 0.9368489583333334 0.154296875 0.048177083333333336
7 0.478515625 0.9557291666666666 0.54296875 0.018229166666666668
6 0.3974609375 0.9765625 0.041015625 0.018229166666666668
7 0.423828125 0.9765625 0.01171875 0.018229166666666668
6 0.47607421875 0.9765625 0.0966796875 0.018229166666666668
7 0.5302734375 0.9765625 0.01171875 0.018229166666666668
6 0.55615234375 0.9765625 0.0439453125 0.018229166666666668