2 0.5 0.11067708333333333 0.14453125 0.13020833333333334
0 0.5 0.11067708333333333 0.3125 0.13020833333333334
7 0.5 0.21614583333333334 0.2734375 0.028645833333333332
6 0.4912109375 0.2701822916666667 0.255859375 0.022135416666666668
7 0.4990234375 0.2845052083333333 0.271484375 0.05078125
0 0.5 0.3756510416666667 0.2734375 0.045572916666666664
7 0.5 0.4661458333333333 0.2734375 0.057291666666666664
7 0.48583984375 0.6145833333333334 0.2216796875 0.018229166666666668
7 0.60009765625 0.6087239583333334 0.0087890625 0.014322916666666666
7 0.49951171875 0.6243489583333334 0.2685546875 0.037760416666666664
6 0.4609375 0.6536458333333334 0.07421875 0.018229166666666668
6 0.541015625 0.6536458333333334 0.0703125 0.018229166666666668