7 0.40771484375 0.07161458333333333 0.5517578125 0.07552083333333333
7 0.4091796875 0.09895833333333333 0.076171875 0.020833333333333332
7 0.5341796875 0.09895833333333333 0.17578125 0.020833333333333332
7 0.63330078125 0.09895833333333333 0.0244140625 0.020833333333333332
7 0.4013671875 0.11263020833333333 0.5390625 0.048177083333333336
0 0.82861328125 0.0625 0.1962890625 0.0625
4 0.02734375 0.2265625 0.025390625 0.005208333333333333
0 0.02734375 0.2265625 0.0546875 0.10677083333333333
6 0.1328125 0.22721354166666666 0.1328125 0.055989583333333336
4 0.5 0.5865885416666666 1 0.8268229166666666
4 0.75 0.55859375 0.5 0.8828125
2 0.2685546875 0.6354166666666666 0.390625 0.1953125
7 0.2685546875 0.7955729166666666 0.390625 0.07291666666666667
6 0.134765625 0.876953125 0.123046875 0.032552083333333336
6 0.20703125 0.9303385416666666 0.267578125 0.032552083333333336