4 0.146484375 0.040364583333333336 0.109375 0.028645833333333332
2 0.55322265625 0.048828125 0.0693359375 0.02734375
2 0.63671875 0.048828125 0.0390625 0.02734375
2 0.708984375 0.048828125 0.046875 0.02734375
7 0.8349609375 0.049479166666666664 0.146484375 0.046875
0 0.8349609375 0.049479166666666664 0.146484375 0.046875
2 0.5 0.2799479166666667 0.875 0.20833333333333334
2 0.5 0.4283854166666667 0.875 0.036458333333333336
4 0.09521484375 0.5390625 0.0302734375 0.0390625
7 0.1474609375 0.5390625 0.064453125 0.041666666666666664
4 0.22119140625 0.5390625 0.0302734375 0.0390625
7 0.2822265625 0.5390625 0.08203125 0.041666666666666664
4 0.36474609375 0.5390625 0.0302734375 0.0390625
7 0.43994140625 0.5390625 0.1103515625 0.041666666666666664
4 0.53662109375 0.5390625 0.0302734375 0.0390625
7 0.60546875 0.5390625 0.09765625 0.041666666666666664
4 0.69580078125 0.5390625 0.0302734375 0.0390625
7 0.748046875 0.5390625 0.064453125 0.041666666666666664
4 0.82177734375 0.5390625 0.0302734375 0.0390625
7 0.8779296875 0.5390625 0.072265625 0.041666666666666664
4 0.1552734375 0.6067708333333334 0.029296875 0.0390625
7 0.197265625 0.6067708333333334 0.04296875 0.041666666666666664
4 0.2607421875 0.6067708333333334 0.029296875 0.0390625
7 0.3232421875 0.6067708333333334 0.083984375 0.041666666666666664
4 0.4072265625 0.6067708333333334 0.029296875 0.0390625
7 0.4609375 0.6067708333333334 0.06640625 0.041666666666666664
4 0.5361328125 0.6067708333333334 0.029296875 0.0390625
7 0.5810546875 0.6067708333333334 0.048828125 0.041666666666666664
4 0.6474609375 0.6067708333333334 0.029296875 0.0390625
7 0.7041015625 0.6067708333333334 0.072265625 0.041666666666666664
4 0.7822265625 0.6067708333333334 0.029296875 0.0390625
7 0.828125 0.6067708333333334 0.05078125 0.041666666666666664
4 0.1005859375 0.6744791666666666 0.029296875 0.0390625
7 0.16162109375 0.6744791666666666 0.0810546875 0.041666666666666664
4 0.244140625 0.6744791666666666 0.029296875 0.0390625
7 0.28759765625 0.6744791666666666 0.0458984375 0.041666666666666664
4 0.3525390625 0.6744791666666666 0.029296875 0.0390625
7 0.40673828125 0.6744791666666666 0.0673828125 0.041666666666666664
4 0.482421875 0.6744791666666666 0.029296875 0.0390625
7 0.568359375 0.6744791666666666 0.130859375 0.041666666666666664
4 0.67578125 0.6744791666666666 0.029296875 0.0390625
7 0.72900390625 0.6744791666666666 0.0654296875 0.041666666666666664
4 0.8037109375 0.6744791666666666 0.029296875 0.0390625
7 0.8662109375 0.6744791666666666 0.083984375 0.041666666666666664
4 0.1123046875 0.7421875 0.029296875 0.0390625
7 0.19677734375 0.7421875 0.1279296875 0.041666666666666664
4 0.302734375 0.7421875 0.029296875 0.0390625
7 0.35546875 0.7421875 0.064453125 0.041666666666666664
4 0.4296875 0.7421875 0.029296875 0.0390625
7 0.48486328125 0.7421875 0.0693359375 0.041666666666666664
4 0.5615234375 0.7421875 0.029296875 0.0390625
7 0.64599609375 0.7421875 0.1279296875 0.041666666666666664
4 0.751953125 0.7421875 0.029296875 0.0390625
7 0.83447265625 0.7421875 0.1240234375 0.041666666666666664
4 0.14990234375 0.8098958333333334 0.0302734375 0.0390625
7 0.1884765625 0.8098958333333334 0.037109375 0.041666666666666664
4 0.24853515625 0.8098958333333334 0.0302734375 0.0390625
7 0.31005859375 0.8098958333333334 0.0830078125 0.041666666666666664
4 0.39306640625 0.8098958333333334 0.0302734375 0.0390625
7 0.48681640625 0.8098958333333334 0.1474609375 0.041666666666666664
4 0.60205078125 0.8098958333333334 0.0302734375 0.0390625
7 0.64892578125 0.8098958333333334 0.0537109375 0.041666666666666664
4 0.71728515625 0.8098958333333334 0.0302734375 0.0390625
7 0.79833984375 0.8098958333333334 0.1220703125 0.041666666666666664
4 0.21337890625 0.8776041666666666 0.0302734375 0.0390625
7 0.2919921875 0.8776041666666666 0.1171875 0.041666666666666664
4 0.39208984375 0.8776041666666666 0.0302734375 0.0390625
7 0.51025390625 0.8776041666666666 0.1962890625 0.041666666666666664
4 0.64990234375 0.8776041666666666 0.0302734375 0.0390625
7 0.73291015625 0.8776041666666666 0.1259765625 0.041666666666666664
7 0.5 0.93359375 0.33203125 0.08072916666666667
0 0.5 0.93359375 0.33203125 0.08072916666666667
2 0.47265625 0.9973958333333334 0.181640625 0.005208333333333333
2 0.5927734375 0.9973958333333334 0.05078125 0.005208333333333333