0 0.5 0.044921875 0.13671875 0.02734375
4 0.03125 0.033854166666666664 0.0234375 0.03125
7 0.03125 0.057291666666666664 0.04296875 0.015625
7 0.5 0.041666666666666664 0.849609375 0.08333333333333333
4 0.4677734375 0.85546875 0.013671875 0.018229166666666668
4 0.5 0.85546875 0.013671875 0.018229166666666668
4 0.5322265625 0.85546875 0.013671875 0.018229166666666668
7 0.5 0.478515625 0.02734375 0.03515625
0 0.5 0.4615885416666667 0.08984375 0.048177083333333336
4 0.5 0.4615885416666667 0.08984375 0.048177083333333336
7 0.5 0.4615885416666667 0.060546875 0.024739583333333332
6 0.49951171875 0.6536458333333334 0.7802734375 0.2838541666666667
4 0.1669921875 0.984375 0.30859375 0.03125
0 0.1669921875 0.984375 0.30859375 0.03125
4 0.5 0.984375 0.30859375 0.03125
0 0.5 0.984375 0.30859375 0.03125
4 0.8330078125 0.984375 0.30859375 0.03125
0 0.8330078125 0.984375 0.30859375 0.03125
4 0.83837890625 0.9772135416666666 0.0146484375 0.01953125