4 0.5 0.052083333333333336 1 0.10416666666666667
2 0.58642578125 0.154296875 0.7802734375 0.048177083333333336
6 0.5869140625 0.19921875 0.083984375 0.015625
2 0.30517578125 0.3098958333333333 0.1591796875 0.052083333333333336
7 0.27587890625 0.380859375 0.1005859375 0.02734375
6 0.365234375 0.380859375 0.080078125 0.02734375
7 0.5361328125 0.380859375 0.26171875 0.02734375
6 0.48486328125 0.39453125 0.5185546875 0.0546875
6 0.357421875 0.408203125 0.060546875 0.02734375
7 0.47119140625 0.421875 0.4912109375 0.0546875
7 0.35595703125 0.474609375 0.2607421875 0.02734375
6 0.56396484375 0.474609375 0.1552734375 0.02734375
7 0.65771484375 0.474609375 0.0341796875 0.02734375
6 0.29931640625 0.501953125 0.1474609375 0.02734375
7 0.4775390625 0.515625 0.50390625 0.0546875
6 0.486328125 0.54296875 0.521484375 0.0546875
7 0.30419921875 0.556640625 0.0986328125 0.02734375
6 0.3994140625 0.556640625 0.09375 0.02734375
7 0.5556640625 0.556640625 0.22265625 0.02734375
6 0.3037109375 0.583984375 0.15625 0.02734375
7 0.388671875 0.583984375 0.015625 0.02734375
6 0.4482421875 0.583984375 0.103515625 0.02734375
7 0.6181640625 0.583984375 0.23828125 0.02734375
6 0.29833984375 0.611328125 0.1455078125 0.02734375
7 0.44189453125 0.611328125 0.1416015625 0.02734375
6 0.845703125 0.337890625 0.064453125 0.02734375
6 0.84765625 0.3756510416666667 0.068359375 0.02734375
7 0.81689453125 0.4029947916666667 0.0068359375 0.02734375
6 0.8720703125 0.4029947916666667 0.10546875 0.02734375
7 0.92724609375 0.4029947916666667 0.0068359375 0.02734375
6 0.8525390625 0.4420572916666667 0.078125 0.02734375
6 0.85986328125 0.4811197916666667 0.0927734375 0.02734375
7 0.81689453125 0.5084635416666666 0.0068359375 0.02734375
6 0.85546875 0.5084635416666666 0.072265625 0.02734375
7 0.89404296875 0.5084635416666666 0.0068359375 0.02734375
6 0.83935546875 0.5475260416666666 0.0517578125 0.02734375
4 0.236328125 0.6959635416666666 0.01953125 0.02734375
7 0.30908203125 0.6946614583333334 0.0966796875 0.022135416666666668
7 0.54931640625 0.7408854166666666 0.0048828125 0.018229166666666668
6 0.587890625 0.7408854166666666 0.076171875 0.018229166666666668
7 0.62841796875 0.7408854166666666 0.0048828125 0.018229166666666668
2 0.26220703125 0.7578125 0.0732421875 0.026041666666666668
4 0.23828125 0.8665364583333334 0.01953125 0.02734375
7 0.2802734375 0.865234375 0.05859375 0.17578125
7 0.35205078125 0.7936197916666666 0.0810546875 0.022135416666666668
6 0.43994140625 0.7936197916666666 0.0966796875 0.022135416666666668
7 0.47119140625 0.822265625 0.3193359375 0.07942708333333333
6 0.4423828125 0.8795572916666666 0.26171875 0.022135416666666668
7 0.4697265625 0.908203125 0.31640625 0.07942708333333333
2 0.2646484375 0.9876302083333334 0.078125 0.024739583333333332
4 0.70263671875 0.6959635416666666 0.0205078125 0.02734375
7 0.7578125 0.6946614583333334 0.0625 0.022135416666666668
6 0.94091796875 0.7447916666666666 0.0146484375 0.018229166666666668
7 0.8203125 0.744140625 0.25390625 0.029947916666666668
7 0.724609375 0.775390625 0.01953125 0.022135416666666668
6 0.765625 0.775390625 0.0625 0.022135416666666668
7 0.724609375 0.8053385416666666 0.01953125 0.022135416666666668
6 0.76904296875 0.8053385416666666 0.0693359375 0.022135416666666668
7 0.724609375 0.8365885416666666 0.01953125 0.022135416666666668
6 0.7724609375 0.8365885416666666 0.076171875 0.022135416666666668
7 0.724609375 0.8665364583333334 0.01953125 0.022135416666666668
6 0.78759765625 0.8665364583333334 0.1064453125 0.022135416666666668
7 0.724609375 0.896484375 0.01953125 0.022135416666666668
6 0.79443359375 0.896484375 0.1201171875 0.022135416666666668
7 0.724609375 0.927734375 0.01953125 0.022135416666666668
6 0.7724609375 0.927734375 0.076171875 0.022135416666666668
7 0.724609375 0.9576822916666666 0.01953125 0.022135416666666668
6 0.779296875 0.9576822916666666 0.08984375 0.022135416666666668
7 0.724609375 0.9889322916666666 0.01953125 0.022135416666666668
6 0.77294921875 0.9889322916666666 0.0791015625 0.022135416666666668
2 0.08837890625 0.5078125 0.1767578125 0.984375
0 0.62548828125 0.020833333333333332 0.0595703125 0.026041666666666668
7 0.70556640625 0.020833333333333332 0.0849609375 0.026041666666666668
6 0.7666015625 0.024739583333333332 0.021484375 0.018229166666666668
6 0.8212890625 0.024739583333333332 0.0703125 0.018229166666666668
6 0.90380859375 0.024739583333333332 0.0810546875 0.018229166666666668
6 0.96826171875 0.024739583333333332 0.0322265625 0.018229166666666668
0 0.21142578125 0.078125 0.0771484375 0.052083333333333336
0 0.2880859375 0.078125 0.078125 0.052083333333333336
0 0.5849609375 0.078125 0.046875 0.052083333333333336
0 0.650390625 0.078125 0.0859375 0.052083333333333336
0 0.73486328125 0.078125 0.0849609375 0.052083333333333336
1 0.884765625 0.08072916666666667 0.201171875 0.036458333333333336
1 0.9716796875 0.08072916666666667 0.0234375 0.033854166666666664
1 0.9716796875 0.08072916666666667 0.0234375 0.033854166666666664
4 0.0859375 0.10416666666666667 0.15625 0.20833333333333334
6 0.05419921875 0.251953125 0.0556640625 0.01953125
6 0.0703125 0.2766927083333333 0.087890625 0.01953125
6 0.05859375 0.3014322916666667 0.064453125 0.01953125
6 0.0693359375 0.326171875 0.0859375 0.01953125
6 0.06396484375 0.3509114583333333 0.0751953125 0.01953125
6 0.0390625 0.3756510416666667 0.025390625 0.01953125
6 0.0419921875 0.400390625 0.03125 0.01953125
2 0.0908203125 0.4446614583333333 0.12890625 0.01953125
6 0.08056640625 0.484375 0.1083984375 0.036458333333333336
6 0.07275390625 0.517578125 0.0927734375 0.01953125
6 0.05712890625 0.5423177083333334 0.0615234375 0.01953125
6 0.0517578125 0.5670572916666666 0.05078125 0.01953125
6 0.04833984375 0.591796875 0.0439453125 0.01953125
6 0.04736328125 0.6165364583333334 0.0419921875 0.01953125
6 0.05224609375 0.6412760416666666 0.0517578125 0.01953125
6 0.072265625 0.666015625 0.091796875 0.01953125
2 0.0908203125 0.7102864583333334 0.12890625 0.01953125
6 0.07470703125 0.7415364583333334 0.0966796875 0.01953125
6 0.044921875 0.7662760416666666 0.037109375 0.01953125
6 0.0771484375 0.791015625 0.1015625 0.01953125
6 0.0458984375 0.8157552083333334 0.0390625 0.01953125
2 0.0908203125 0.8600260416666666 0.12890625 0.01953125
6 0.08251953125 0.8912760416666666 0.1123046875 0.01953125
6 0.05419921875 0.916015625 0.0556640625 0.01953125
6 0.05810546875 0.9407552083333334 0.0634765625 0.01953125
6 0.0537109375 0.9654947916666666 0.0546875 0.01953125
6 0.04931640625 0.990234375 0.0458984375 0.01953125