4 0.09814453125 0.08723958333333333 0.1376953125 0.059895833333333336
0 0.09814453125 0.08723958333333333 0.1376953125 0.059895833333333336
6 0.4306640625 0.0859375 0.0546875 0.03125
0 0.57568359375 0.08463541666666667 0.1787109375 0.03125
7 0.72412109375 0.08723958333333333 0.0615234375 0.052083333333333336
0 0.73486328125 0.08723958333333333 0.0830078125 0.052083333333333336
0 0.8876953125 0.08723958333333333 0.166015625 0.07291666666666667
2 0.5 0.6315104166666666 0.3046875 0.7369791666666666
2 0.5 0.3411458333333333 0.48828125 0.057291666666666664
1 0.2646484375 0.4192708333333333 0.451171875 0.052083333333333336
1 0.7353515625 0.4192708333333333 0.451171875 0.052083333333333336
1 0.2646484375 0.4973958333333333 0.451171875 0.052083333333333336
1 0.7353515625 0.4973958333333333 0.451171875 0.052083333333333336
1 0.5 0.5755208333333334 0.921875 0.052083333333333336
7 0.09228515625 0.5768229166666666 0.0751953125 0.0234375
7 0.18798828125 0.5807291666666666 0.1083984375 0.0234375
5 0.12548828125 0.6334635416666666 0.1728515625 0.022135416666666668
7 0.1943359375 0.6686197916666666 0.271484375 0.022135416666666668
6 0.37353515625 0.6686197916666666 0.0869140625 0.022135416666666668
7 0.43115234375 0.6686197916666666 0.0283203125 0.022135416666666668
6 0.49462890625 0.6686197916666666 0.0986328125 0.022135416666666668
1 0.5 0.75 0.333984375 0.07291666666666667
7 0.4169921875 0.9967447916666666 0.291015625 0.006510416666666667
7 0.6455078125 0.9967447916666666 0.166015625 0.006510416666666667