4 0.06640625 0.034505208333333336 0.0703125 0.053385416666666664
0 0.06640625 0.036458333333333336 0.0703125 0.057291666666666664
7 0.14599609375 0.049479166666666664 0.0400390625 0.046875
0 0.1435546875 0.036458333333333336 0.0546875 0.07291666666666667
7 0.2001953125 0.049479166666666664 0.041015625 0.046875
0 0.197265625 0.036458333333333336 0.0546875 0.07291666666666667
7 0.26123046875 0.049479166666666664 0.0556640625 0.046875
0 0.25537109375 0.036458333333333336 0.0634765625 0.07291666666666667
7 0.31591796875 0.049479166666666664 0.0400390625 0.046875
0 0.31201171875 0.036458333333333336 0.0517578125 0.07291666666666667
4 0.35400390625 0.036458333333333336 0.0146484375 0.018229166666666668
7 0.64013671875 0.049479166666666664 0.0556640625 0.046875
0 0.64599609375 0.036458333333333336 0.0634765625 0.07291666666666667
7 0.71044921875 0.049479166666666664 0.0478515625 0.046875
0 0.708984375 0.036458333333333336 0.0703125 0.07291666666666667
7 0.771484375 0.049479166666666664 0.037109375 0.046875
0 0.77392578125 0.036458333333333336 0.0517578125 0.07291666666666667
7 0.83154296875 0.049479166666666664 0.0458984375 0.046875
0 0.833984375 0.036458333333333336 0.060546875 0.07291666666666667
7 0.88232421875 0.049479166666666664 0.0185546875 0.046875
0 0.8818359375 0.036458333333333336 0.0390625 0.07291666666666667
4 0.92431640625 0.036458333333333336 0.0166015625 0.020833333333333332
0 0.92431640625 0.036458333333333336 0.0166015625 0.020833333333333332
4 0.95849609375 0.036458333333333336 0.0205078125 0.026041666666666668
0 0.95068359375 0.036458333333333336 0.0361328125 0.026041666666666668
7 0.10546875 0.27734375 0.1484375 0.049479166666666664
4 0.05810546875 0.3587239583333333 0.0537109375 0.07161458333333333
0 0.05810546875 0.3587239583333333 0.0537109375 0.07161458333333333
7 0.10546875 0.3509114583333333 0.1484375 0.055989583333333336
0 0.10546875 0.3509114583333333 0.1484375 0.055989583333333336
7 0.103515625 0.5221354166666666 0.14453125 0.23958333333333334
6 0.11083984375 0.6315104166666666 0.0439453125 0.020833333333333332
7 0.10546875 0.75390625 0.1484375 0.049479166666666664
7 0.0712890625 0.8125 0.080078125 0.020833333333333332
7 0.06884765625 0.8606770833333334 0.0751953125 0.020833333333333332
4 0.05810546875 0.931640625 0.0537109375 0.07161458333333333
7 0.10546875 0.923828125 0.1484375 0.055989583333333336
7 0.1025390625 0.9876302083333334 0.142578125 0.024739583333333332
4 0.423828125 0.345703125 0.42578125 0.22786458333333334
0 0.423828125 0.345703125 0.42578125 0.22786458333333334
2 0.423828125 0.5 0.39453125 0.041666666666666664
0 0.423828125 0.5 0.39453125 0.041666666666666664
7 0.419921875 0.5520833333333334 0.38671875 0.049479166666666664
6 0.4853515625 0.5657552083333334 0.04296875 0.024739583333333332
4 0.423828125 0.810546875 0.39453125 0.37890625
0 0.423828125 0.810546875 0.39453125 0.37890625
7 0.81787109375 0.2649739583333333 0.3017578125 0.024739583333333332
6 0.7880859375 0.3079427083333333 0.232421875 0.01953125
6 0.796875 0.3430989583333333 0.25 0.01953125
6 0.8046875 0.3782552083333333 0.265625 0.01953125
6 0.7939453125 0.4134114583333333 0.244140625 0.01953125
6 0.8095703125 0.4485677083333333 0.275390625 0.01953125
6 0.76708984375 0.4837239583333333 0.1904296875 0.01953125
6 0.78564453125 0.5188802083333334 0.2275390625 0.01953125
6 0.81396484375 0.5540364583333334 0.2841796875 0.01953125
6 0.802734375 0.5891927083333334 0.26171875 0.01953125
7 0.81787109375 0.6321614583333334 0.3017578125 0.024739583333333332
6 0.80224609375 0.6751302083333334 0.2607421875 0.01953125
6 0.80859375 0.7102864583333334 0.2734375 0.01953125
6 0.78466796875 0.7454427083333334 0.2255859375 0.01953125
4 0.81787109375 0.9088541666666666 0.3017578125 0.18229166666666666
0 0.81787109375 0.9088541666666666 0.3017578125 0.18229166666666666
7 0.31591796875 0.9498697916666666 0.5693359375 0.05078125
0 0.693359375 0.951171875 0.123046875 0.053385416666666664
0 0.84326171875 0.951171875 0.1416015625 0.055989583333333336
4 0.9765625 0.9524739583333334 0.01171875 0.024739583333333332