4 0.0703125 0.03125 0.107421875 0.041666666666666664
0 0.06982421875 0.03125 0.1064453125 0.0625
4 0.4990234375 0.030598958333333332 0.015625 0.022135416666666668
0 0.4990234375 0.030598958333333332 0.015625 0.022135416666666668
4 0.53125 0.03125 0.017578125 0.020833333333333332
0 0.53125 0.03125 0.017578125 0.0625
0 0.625 0.033854166666666664 0.130859375 0.0234375
0 0.7392578125 0.033854166666666664 0.05859375 0.0234375
4 0.8408203125 0.03125 0.1171875 0.0625
0 0.8408203125 0.032552083333333336 0.1171875 0.044270833333333336
7 0.8408203125 0.032552083333333336 0.091796875 0.036458333333333336
7 0.94091796875 0.031901041666666664 0.0517578125 0.02734375
0 0.94921875 0.031901041666666664 0.068359375 0.02734375
4 0.978515625 0.03125 0.009765625 0.013020833333333334
4 0.5 0.17903645833333334 1 0.23046875
0 0.5 0.17903645833333334 1 0.23046875
2 0.5 0.4427083333333333 0.712890625 0.06510416666666667
0 0.26416015625 0.5162760416666666 0.0849609375 0.032552083333333336
7 0.54150390625 0.5149739583333334 0.4716796875 0.029947916666666668
4 0.5 0.5657552083333334 0.0390625 0.006510416666666667
4 0.48974609375 0.818359375 0.7138671875 0.36328125
4 0.5 0.8229166666666666 0.712890625 0.3541666666666667