0 0.03515625 0.037760416666666664 0.0390625 0.046875
7 0.1025390625 0.039713541666666664 0.0390625 0.02734375
0 0.1025390625 0.040364583333333336 0.068359375 0.08072916666666667
7 0.17333984375 0.039713541666666664 0.0439453125 0.02734375
0 0.17333984375 0.040364583333333336 0.0732421875 0.08072916666666667
7 0.24755859375 0.039713541666666664 0.0458984375 0.02734375
0 0.24755859375 0.040364583333333336 0.0751953125 0.08072916666666667
7 0.3310546875 0.039713541666666664 0.0625 0.02734375
0 0.3310546875 0.040364583333333336 0.091796875 0.08072916666666667
7 0.4052734375 0.039713541666666664 0.02734375 0.02734375
0 0.4052734375 0.040364583333333336 0.056640625 0.08072916666666667
7 0.46142578125 0.039713541666666664 0.0263671875 0.02734375
0 0.46142578125 0.040364583333333336 0.0556640625 0.08072916666666667
7 0.521484375 0.039713541666666664 0.03515625 0.02734375
0 0.521484375 0.040364583333333336 0.064453125 0.08072916666666667
7 0.60546875 0.040364583333333336 0.07421875 0.03125
0 0.60546875 0.040364583333333336 0.103515625 0.08072916666666667
7 0.94091796875 0.040364583333333336 0.0478515625 0.0234375
0 0.94091796875 0.040364583333333336 0.0869140625 0.041666666666666664
7 0.82470703125 0.040364583333333336 0.1064453125 0.0234375
0 0.82470703125 0.040364583333333336 0.1259765625 0.044270833333333336
4 0.5 0.4557291666666667 1 0.75
0 0.5 0.08072916666666667 1 0
4 0.2197265625 0.22265625 0.341796875 0.09895833333333333
7 0.10498046875 0.3489583333333333 0.1123046875 0.020833333333333332
7 0.11376953125 0.4576822916666667 0.1298828125 0.032552083333333336
7 0.0673828125 0.4947916666666667 0.037109375 0.033854166666666664
7 0.12890625 0.5924479166666666 0.119140625 0.020833333333333332
4 0.93408203125 0.7578125 0.0341796875 0.044270833333333336
4 0.0830078125 0.6744791666666666 0.009765625 0.013020833333333334
4 0.107421875 0.6744791666666666 0.009765625 0.013020833333333334
4 0.1318359375 0.6744791666666666 0.009765625 0.013020833333333334
4 0.15625 0.6744791666666666 0.009765625 0.013020833333333334
2 0.50244140625 0.7708333333333334 0.9072265625 0.046875
4 0.15380859375 0.9075520833333334 0.2158203125 0.18489583333333334
0 0.15625 0.9095052083333334 0.21484375 0.18098958333333334
4 0.15380859375 0.9075520833333334 0.2158203125 0.18489583333333334
4 0.15625 0.9095052083333334 0.21484375 0.18098958333333334
4 0.38330078125 0.9075520833333334 0.2158203125 0.18489583333333334
0 0.38525390625 0.9095052083333334 0.2158203125 0.18098958333333334
4 0.38330078125 0.9075520833333334 0.2158203125 0.18489583333333334
4 0.38525390625 0.9095052083333334 0.2158203125 0.18098958333333334
4 0.61279296875 0.9075520833333334 0.2158203125 0.18489583333333334
0 0.61474609375 0.9095052083333334 0.2158203125 0.18098958333333334
4 0.61279296875 0.9075520833333334 0.2158203125 0.18489583333333334
4 0.61474609375 0.9095052083333334 0.2158203125 0.18098958333333334
4 0.841796875 0.9075520833333334 0.21484375 0.18489583333333334
0 0.84375 0.9095052083333334 0.21484375 0.18098958333333334
4 0.841796875 0.9075520833333334 0.21484375 0.18489583333333334
4 0.84375 0.9095052083333334 0.21484375 0.18098958333333334
4 0.9814453125 0.9075520833333334 0.037109375 0.18489583333333334
0 0.98291015625 0.9095052083333334 0.0341796875 0.18098958333333334
4 0.9814453125 0.9075520833333334 0.037109375 0.18489583333333334
4 0.98291015625 0.9095052083333334 0.0341796875 0.18098958333333334
4 0.951171875 0.9934895833333334 0.0390625 0.013020833333333334