2 0.16259765625 0.138671875 0.2080078125 0.27734375
0 0.16259765625 0.138671875 0.2080078125 0.27734375
4 0.029296875 0.037760416666666664 0.048828125 0.06510416666666667
0 0.029296875 0.037760416666666664 0.048828125 0.06510416666666667
4 0.67919921875 0.24088541666666666 0.6416015625 0.4817708333333333
0 0.67919921875 0.24088541666666666 0.6416015625 0.4817708333333333
2 0.380859375 0.51171875 0.044921875 0.013020833333333334
2 0.59033203125 0.5885416666666666 0.4638671875 0.125
7 0.66015625 0.689453125 0.603515625 0.06901041666666667
4 0.45654296875 0.900390625 0.1962890625 0.19921875
0 0.45654296875 0.900390625 0.1962890625 0.19921875
4 0.7998046875 0.900390625 0.283203125 0.19921875
0 0.7998046875 0.900390625 0.283203125 0.19921875
2 0.1162109375 0.4153645833333333 0.115234375 0.018229166666666668
7 0.17431640625 0.4837239583333333 0.2314453125 0.029947916666666668
0 0.12548828125 0.5338541666666666 0.1337890625 0.026041666666666668
7 0.16259765625 0.6764322916666666 0.2080078125 0.13932291666666666
6 0.126953125 0.7623697916666666 0.13671875 0.024739583333333332
7 0.158203125 0.7766927083333334 0.19921875 0.053385416666666664