7 0.4404296875 0.419921875 0.16796875 0.032552083333333336
6 0.548828125 0.419921875 0.048828125 0.032552083333333336
7 0.50341796875 0.4576822916666667 0.2802734375 0.10807291666666667
6 0.52978515625 0.4954427083333333 0.1240234375 0.032552083333333336
7 0.6005859375 0.4954427083333333 0.017578125 0.032552083333333336
0 0.5 0.5638020833333334 0.248046875 0.041666666666666664
3 0.5 0.94140625 0.7109375 0.1171875
7 0.986328125 0.857421875 0.02734375 0.037760416666666664
4 0.5 0.03515625 0.21875 0.041666666666666664
7 0.48681640625 0.10481770833333333 0.1591796875 0.032552083333333336
0 0.5 0.10481770833333333 0.234375 0.040364583333333336
7 0.5791015625 0.10481770833333333 0.02734375 0.032552083333333336
4 0.02783203125 0.024739583333333332 0.0283203125 0.005208333333333333
0 0.02783203125 0.03515625 0.0283203125 0.036458333333333336
4 0.02783203125 0.03515625 0.0283203125 0.005208333333333333
4 0.02783203125 0.045572916666666664 0.0283203125 0.005208333333333333
4 0.93896484375 0.036458333333333336 0.0244140625 0.03125
0 0.93896484375 0.038411458333333336 0.0244140625 0.037760416666666664
4 0.97412109375 0.036458333333333336 0.0244140625 0.03125
0 0.97412109375 0.038411458333333336 0.0244140625 0.037760416666666664
4 0.3349609375 0.4524739583333333 0.642578125 0.5716145833333334
2 0.3349609375 0.70703125 0.62109375 0.033854166666666664
0 0.044921875 0.1875 0.046875 0.0234375
0 0.705078125 0.1875 0.046875 0.0234375
2 0.82958984375 0.2825520833333333 0.2900390625 0.09895833333333333
0 0.705078125 0.4869791666666667 0.046875 0.0234375
2 0.82958984375 0.58203125 0.2900390625 0.09895833333333333
2 0.5 0.7838541666666666 0.97265625 0.036458333333333336
4 0.169921875 0.91015625 0.3125 0.1796875
0 0.044921875 0.8411458333333334 0.046875 0.0234375
4 0.5 0.91015625 0.3125 0.1796875
0 0.3984375 0.8411458333333334 0.09375 0.0234375
4 0.82958984375 0.91015625 0.3115234375 0.1796875
0 0.705078125 0.8411458333333334 0.046875 0.0234375