7 0.5 0.08463541666666667 1 0.16927083333333334
3 0.5 0.08463541666666667 0.7109375 0.1171875
7 0.5 0.18229166666666666 1 0.026041666666666668
7 0.9130859375 0.18229166666666666 0.013671875 0.026041666666666668
0 0.90869140625 0.18229166666666666 0.0224609375 0.026041666666666668
7 0.9541015625 0.18229166666666666 0.052734375 0.026041666666666668
0 0.94970703125 0.18229166666666666 0.0615234375 0.026041666666666668
7 0.5 0.2734375 1 0.15625
4 0.078125 0.236328125 0.1171875 0.055989583333333336
0 0.0830078125 0.236328125 0.126953125 0.055989583333333336
7 0.2001953125 0.23697916666666666 0.060546875 0.08333333333333333
0 0.212890625 0.23697916666666666 0.0859375 0.08333333333333333
7 0.27734375 0.23697916666666666 0.044921875 0.08333333333333333
0 0.2900390625 0.23697916666666666 0.0703125 0.08333333333333333
7 0.3369140625 0.23697916666666666 0.025390625 0.08333333333333333
0 0.349609375 0.23697916666666666 0.05078125 0.08333333333333333
7 0.41259765625 0.23697916666666666 0.0771484375 0.08333333333333333
0 0.42529296875 0.23697916666666666 0.1025390625 0.08333333333333333
7 0.501953125 0.23697916666666666 0.052734375 0.08333333333333333
0 0.5146484375 0.23697916666666666 0.078125 0.08333333333333333
7 0.58349609375 0.23697916666666666 0.0615234375 0.08333333333333333
0 0.59619140625 0.23697916666666666 0.0869140625 0.08333333333333333
7 0.72314453125 0.23697916666666666 0.1689453125 0.08333333333333333
0 0.73583984375 0.23697916666666666 0.1943359375 0.08333333333333333
7 0.8759765625 0.23697916666666666 0.087890625 0.08333333333333333
0 0.888671875 0.23697916666666666 0.11328125 0.08333333333333333
7 0.04833984375 0.3821614583333333 0.0576171875 0.022135416666666668
7 0.123046875 0.3841145833333333 0.05859375 0.0625
0 0.123046875 0.3841145833333333 0.078125 0.0625
7 0.21728515625 0.3841145833333333 0.0927734375 0.0625
0 0.21728515625 0.3841145833333333 0.1123046875 0.0625
7 0.3388671875 0.3841145833333333 0.11328125 0.0625
0 0.3388671875 0.3841145833333333 0.1328125 0.0625
7 0.4365234375 0.3841145833333333 0.044921875 0.0625
0 0.4365234375 0.3841145833333333 0.064453125 0.0625
7 0.5107421875 0.3841145833333333 0.06640625 0.0625
0 0.5107421875 0.3841145833333333 0.0859375 0.0625
7 0.60009765625 0.3841145833333333 0.0751953125 0.0625
0 0.60009765625 0.3841145833333333 0.0947265625 0.0625
7 0.673828125 0.3841145833333333 0.03515625 0.0625
0 0.673828125 0.3841145833333333 0.0546875 0.0625
4 0.3251953125 0.69140625 0.611328125 0.4895833333333333
0 0.3251953125 0.69140625 0.611328125 0.4895833333333333
0 0.32275390625 0.98046875 0.1337890625 0.0390625
4 0.71630859375 0.5091145833333334 0.0947265625 0.125
0 0.71630859375 0.5091145833333334 0.0947265625 0.125
2 0.87841796875 0.50390625 0.2041015625 0.1015625
4 0.71630859375 0.6569010416666666 0.0947265625 0.12630208333333334
0 0.71630859375 0.6569010416666666 0.0947265625 0.12630208333333334
2 0.873046875 0.6588541666666666 0.193359375 0.12760416666666666
4 0.71630859375 0.818359375 0.0947265625 0.12630208333333334
0 0.71630859375 0.818359375 0.0947265625 0.12630208333333334
2 0.87744140625 0.8138020833333334 0.2021484375 0.1015625
4 0.71630859375 0.9518229166666666 0.0947265625 0.09635416666666667
0 0.71630859375 0.9518229166666666 0.0947265625 0.09635416666666667
2 0.87451171875 0.955078125 0.1962890625 0.08984375