7 0.29150390625 0.8235677083333334 0.5537109375 0.10546875
6 0.4345703125 0.8587239583333334 0.083984375 0.03515625
0 0.69873046875 0.8151041666666666 0.1826171875 0.0625
0 0.69873046875 0.9036458333333334 0.1826171875 0.0625
4 0.06005859375 0.044921875 0.0908203125 0.02734375
0 0.06005859375 0.044921875 0.0908203125 0.08984375
7 0.46533203125 0.044921875 0.5927734375 0.08984375
4 0.87109375 0.044921875 0.01953125 0.02734375
0 0.87109375 0.046223958333333336 0.01953125 0.029947916666666668
4 0.9228515625 0.044921875 0.021484375 0.02734375
0 0.9228515625 0.044921875 0.021484375 0.02734375
4 0.974609375 0.043619791666666664 0.01953125 0.01953125
0 0.974609375 0.044921875 0.01953125 0.01953125
2 0.27294921875 0.5618489583333334 0.3623046875 0.21223958333333334
0 0.1845703125 0.861328125 0.185546875 0.07161458333333333