4 0.2587890625 0.06510416666666667 0.279296875 0.10416666666666667
6 0.693359375 0.0234375 0.0859375 0.015625
6 0.77099609375 0.0234375 0.0439453125 0.015625
6 0.84326171875 0.0234375 0.0751953125 0.015625
5 0.69482421875 0.06705729166666667 0.0517578125 0.01953125
1 0.78759765625 0.06770833333333333 0.1240234375 0.020833333333333332
4 0.86962890625 0.07096354166666667 0.0205078125 0.016927083333333332
4 0.3994140625 0.2942708333333333 0.560546875 0.25
2 0.255859375 0.4466145833333333 0.2734375 0.018229166666666668
6 0.17333984375 0.4876302083333333 0.0654296875 0.016927083333333332
6 0.15478515625 0.5110677083333334 0.0283203125 0.016927083333333332
6 0.16015625 0.5345052083333334 0.0390625 0.016927083333333332
6 0.16650390625 0.5579427083333334 0.0517578125 0.016927083333333332
6 0.16162109375 0.5813802083333334 0.0419921875 0.016927083333333332
6 0.16650390625 0.6048177083333334 0.0517578125 0.016927083333333332
6 0.26904296875 0.4876302083333333 0.0830078125 0.016927083333333332
6 0.263671875 0.5110677083333334 0.072265625 0.016927083333333332
6 0.2783203125 0.5345052083333334 0.1015625 0.016927083333333332
6 0.2548828125 0.5579427083333334 0.0546875 0.016927083333333332
6 0.2587890625 0.5813802083333334 0.0625 0.016927083333333332
6 0.25341796875 0.6048177083333334 0.0517578125 0.016927083333333332
6 0.34912109375 0.642578125 0.0830078125 0.016927083333333332
2 0.255859375 0.6848958333333334 0.2734375 0.018229166666666668
6 0.19287109375 0.720703125 0.1474609375 0.016927083333333332
7 0.255859375 0.7532552083333334 0.2734375 0.04296875
6 0.2119140625 0.7962239583333334 0.185546875 0.016927083333333332
7 0.255859375 0.818359375 0.2734375 0.022135416666666668
6 0.23779296875 0.8626302083333334 0.2373046875 0.040364583333333336
7 0.255859375 0.9173177083333334 0.2734375 0.06380208333333333
6 0.24462890625 0.9720052083333334 0.2509765625 0.016927083333333332
7 0.255859375 0.9915364583333334 0.2734375 0.016927083333333332
6 0.4580078125 0.4485677083333333 0.08984375 0.016927083333333332
6 0.54345703125 0.533203125 0.2607421875 0.10026041666666667
6 0.52978515625 0.6217447916666666 0.2333984375 0.037760416666666664
6 0.54150390625 0.6803385416666666 0.2568359375 0.037760416666666664
6 0.537109375 0.728515625 0.248046875 0.016927083333333332
6 0.541015625 0.7858072916666666 0.255859375 0.05859375
6 0.6640625 0.8346354166666666 0.0234375 0.015625
6 0.4423828125 0.8795572916666666 0.05859375 0.016927083333333332
6 0.53369140625 0.9420572916666666 0.2412109375 0.05859375
6 0.5419921875 0.99609375 0.2578125 0.0078125
2 0.1640625 0.13411458333333334 0.05859375 0.020833333333333332
2 0.236328125 0.13411458333333334 0.04296875 0.020833333333333332
2 0.29248046875 0.13411458333333334 0.0244140625 0.020833333333333332
2 0.34326171875 0.13411458333333334 0.0322265625 0.020833333333333332
2 0.400390625 0.13411458333333334 0.0390625 0.020833333333333332
2 0.47265625 0.13411458333333334 0.060546875 0.020833333333333332
2 0.57373046875 0.13411458333333334 0.0986328125 0.020833333333333332
2 0.66748046875 0.13411458333333334 0.0458984375 0.020833333333333332
2 0.7294921875 0.13411458333333334 0.03515625 0.020833333333333332
1 0.78857421875 0.20572916666666666 0.1650390625 0.0234375
7 0.87255859375 0.205078125 0.0048828125 0.03515625
2 0.79052734375 0.279296875 0.1787109375 0.016927083333333332
0 0.72265625 0.3170572916666667 0.0234375 0.032552083333333336
0 0.75 0.3170572916666667 0.0234375 0.032552083333333336
0 0.77734375 0.3170572916666667 0.0234375 0.032552083333333336
0 0.8046875 0.3170572916666667 0.0234375 0.032552083333333336
0 0.83203125 0.3170572916666667 0.0234375 0.032552083333333336
0 0.859375 0.3170572916666667 0.0234375 0.032552083333333336
2 0.791015625 0.376953125 0.12109375 0.016927083333333332
4 0.79052734375 0.4075520833333333 0.1376953125 0.0234375
4 0.79052734375 0.4674479166666667 0.1044921875 0.059895833333333336
2 0.7900390625 0.5436197916666666 0.09375 0.016927083333333332
4 0.79052734375 0.595703125 0.1298828125 0.07682291666666667
4 0.79052734375 0.841796875 0.1787109375 0.31640625
7 0.791015625 0.861328125 0.16015625 0.27734375
4 0.87060546875 0.9830729166666666 0.0380859375 0.033854166666666664