4 0.2138671875 0.0625 0.365234375 0.078125
4 0.5107421875 0.029296875 0.029296875 0.02734375
7 0.6279296875 0.02734375 0.185546875 0.026041666666666668
4 0.75048828125 0.02734375 0.0419921875 0.044270833333333336
4 0.79638671875 0.02734375 0.0439453125 0.044270833333333336
4 0.84326171875 0.02734375 0.0439453125 0.044270833333333336
4 0.88720703125 0.02734375 0.0439453125 0.044270833333333336
4 0.9345703125 0.02734375 0.044921875 0.044270833333333336
6 0.861328125 0.09375 0.025390625 0.018229166666666668
6 0.919921875 0.09375 0.05859375 0.018229166666666668
4 0.0615234375 0.15690104166666666 0.029296875 0.032552083333333336
6 0.3671875 0.15690104166666666 0.11328125 0.02734375
1 0.76513671875 0.154296875 0.1201171875 0.01953125
7 0.8359375 0.15364583333333334 0.00390625 0.03125
4 0.87158203125 0.15559895833333334 0.0126953125 0.016927083333333332
0 0.87158203125 0.15559895833333334 0.0380859375 0.032552083333333336
0 0.92626953125 0.15625 0.0615234375 0.018229166666666668
7 0.01708984375 0.4036458333333333 0.0341796875 0.4322916666666667
7 0.2880859375 0.3125 0.4296875 0.15625
6 0.23046875 0.4661458333333333 0.294921875 0.026041666666666668
7 0.76171875 0.5885416666666666 0.005859375 0.015625
0 0.76220703125 0.5885416666666666 0.0224609375 0.028645833333333332
7 0.78857421875 0.5885416666666666 0.0068359375 0.015625
0 0.78857421875 0.5885416666666666 0.0224609375 0.028645833333333332
7 0.81494140625 0.5885416666666666 0.0068359375 0.015625
0 0.81494140625 0.5885416666666666 0.0224609375 0.028645833333333332
7 0.841796875 0.5885416666666666 0.0078125 0.015625
0 0.841796875 0.5885416666666666 0.0234375 0.028645833333333332
7 0.86767578125 0.5885416666666666 0.0068359375 0.015625
0 0.86767578125 0.5885416666666666 0.0224609375 0.028645833333333332
7 0.89404296875 0.5885416666666666 0.0068359375 0.015625
0 0.89404296875 0.5885416666666666 0.0224609375 0.028645833333333332
7 0.15576171875 0.6744791666666666 0.2001953125 0.046875
7 0.373046875 0.6783854166666666 0.21484375 0.07291666666666667
4 0.52587890625 0.6796875 0.0712890625 0.08854166666666667
7 0.58935546875 0.66015625 0.0263671875 0.018229166666666668
7 0.60498046875 0.6783854166666666 0.0576171875 0.015625
7 0.5966796875 0.6966145833333334 0.041015625 0.015625
4 0.8505859375 0.6809895833333334 0.16796875 0.046875
0 0.734375 0.6575520833333334 0 0
2 0.333984375 0.78125 0.60546875 0.033854166666666664
7 0.52880859375 0.7825520833333334 0.0068359375 0.018229166666666668
6 0.5703125 0.7825520833333334 0.0703125 0.018229166666666668
4 0.01806640625 0.87109375 0.0361328125 0.1171875
6 0.00537109375 0.9661458333333334 0.0107421875 0.033854166666666664
4 0.1171875 0.87109375 0.1171875 0.1171875
6 0.10107421875 0.9661458333333334 0.0810546875 0.033854166666666664
4 0.2568359375 0.87109375 0.1171875 0.1171875
6 0.2421875 0.974609375 0.083984375 0.05078125
4 0.396484375 0.87109375 0.1171875 0.1171875
6 0.3876953125 0.95703125 0.095703125 0.015625
4 0.5361328125 0.87109375 0.1171875 0.1171875
6 0.5302734375 0.9661458333333334 0.1015625 0.033854166666666664
4 0.67578125 0.87109375 0.1171875 0.1171875
6 0.67236328125 0.9661458333333334 0.1064453125 0.033854166666666664
4 0.8154296875 0.87109375 0.1171875 0.1171875
6 0.81787109375 0.95703125 0.1181640625 0.015625
4 0.9482421875 0.87109375 0.103515625 0.1171875
6 0.9306640625 0.95703125 0.064453125 0.015625
7 0.810546875 0.7981770833333334 0.279296875 0.11979166666666667
4 0.818359375 0.9739583333333334 0.294921875 0.052083333333333336