7 0.1279296875 0.013671875 0.193359375 0.014322916666666666
0 0.1376953125 0.013671875 0.212890625 0.016927083333333332
7 0.04296875 0.048177083333333336 0.0234375 0.018229166666666668
7 0.0859375 0.048177083333333336 0.052734375 0.018229166666666668
7 0.13232421875 0.048177083333333336 0.0283203125 0.018229166666666668
7 0.1552734375 0.048828125 0.0078125 0.016927083333333332
7 0.236328125 0.048177083333333336 0.037109375 0.018229166666666668
7 0.28271484375 0.048177083333333336 0.0458984375 0.018229166666666668
7 0.32568359375 0.048177083333333336 0.0283203125 0.018229166666666668
7 0.3486328125 0.048828125 0.0078125 0.016927083333333332
7 0.43310546875 0.048177083333333336 0.0439453125 0.018229166666666668
7 0.490234375 0.048177083333333336 0.060546875 0.018229166666666668
7 0.544921875 0.048177083333333336 0.037109375 0.018229166666666668
7 0.572265625 0.048828125 0.0078125 0.016927083333333332
7 0.6630859375 0.048177083333333336 0.044921875 0.018229166666666668
7 0.7060546875 0.048177083333333336 0.03125 0.018229166666666668
7 0.74267578125 0.048177083333333336 0.0302734375 0.018229166666666668
7 0.7666015625 0.048828125 0.0078125 0.016927083333333332
7 0.8642578125 0.048177083333333336 0.0234375 0.018229166666666668
7 0.900390625 0.048177083333333336 0.0390625 0.018229166666666668
7 0.94091796875 0.048177083333333336 0.0302734375 0.018229166666666668
7 0.96484375 0.048828125 0.0078125 0.016927083333333332
0 0.5 0.11393229166666667 0.556640625 0.08463541666666667
6 0.92041015625 0.13020833333333334 0.0966796875 0.06510416666666667
6 0.951171875 0.13020833333333334 0.03515625 0.06510416666666667
4 0.88818359375 0.13671875 0.1611328125 0.036458333333333336
0 0.88818359375 0.13802083333333334 0.1611328125 0.0390625
7 0.38427734375 0.17838541666666666 0.0791015625 0.015625
0 0.39013671875 0.17838541666666666 0.0908203125 0.028645833333333332
7 0.48828125 0.17838541666666666 0.068359375 0.018229166666666668
6 0.57373046875 0.18619791666666666 0.0654296875 0.018229166666666668
6 0.64013671875 0.18619791666666666 0.0302734375 0.018229166666666668
0 0.1298828125 0.21549479166666666 0.0546875 0.03515625
0 0.18603515625 0.21549479166666666 0.0556640625 0.03515625
0 0.2353515625 0.21549479166666666 0.041015625 0.03515625
0 0.2880859375 0.21549479166666666 0.0625 0.03515625
0 0.357421875 0.21549479166666666 0.07421875 0.03515625
0 0.43212890625 0.21549479166666666 0.0732421875 0.03515625
0 0.4931640625 0.21549479166666666 0.046875 0.03515625
0 0.5517578125 0.21549479166666666 0.068359375 0.03515625
0 0.61962890625 0.21549479166666666 0.0654296875 0.03515625
0 0.6943359375 0.21549479166666666 0.08203125 0.03515625
0 0.7802734375 0.21549479166666666 0.087890625 0.03515625
0 0.880859375 0.21549479166666666 0.111328125 0.03515625
4 0.9501953125 0.21614583333333334 0.029296875 0.044270833333333336
0 0.94970703125 0.216796875 0.0341796875 0.045572916666666664
6 0.07373046875 0.2688802083333333 0.0947265625 0.022135416666666668
7 0.0625 0.2962239583333333 0.072265625 0.016927083333333332
4 0.201171875 0.28125 0.01171875 0.013020833333333334
0 0.23779296875 0.28125 0.1064453125 0.03125
7 0.24365234375 0.283203125 0.0732421875 0.016927083333333332
0 0.35986328125 0.28125 0.1240234375 0.03125
0 0.49951171875 0.28125 0.1416015625 0.03125
0 0.64453125 0.28125 0.134765625 0.03125
0 0.80615234375 0.28125 0.1748046875 0.03125
0 0.259765625 0.322265625 0.150390625 0.029947916666666668
0 0.40283203125 0.322265625 0.1220703125 0.029947916666666668
0 0.52099609375 0.322265625 0.1005859375 0.029947916666666668
0 0.64599609375 0.322265625 0.1357421875 0.029947916666666668
4 0.73779296875 0.322265625 0.0107421875 0.014322916666666666
0 0.79638671875 0.322265625 0.1513671875 0.029947916666666668
7 0.8056640625 0.3235677083333333 0.11328125 0.014322916666666666
0 0.92236328125 0.322265625 0.0869140625 0.029947916666666668
3 0.5 0.4466145833333333 0.7109375 0.1171875
7 0.5 0.5169270833333334 0.9375 0.0234375
6 0.1474609375 0.7428385416666666 0.212890625 0.34765625
7 0.1474609375 0.7252604166666666 0.212890625 0.09635416666666667
7 0.06787109375 0.791015625 0.0185546875 0.014322916666666666
0 0.060546875 0.791015625 0.033203125 0.01953125
7 0.12353515625 0.791015625 0.0810546875 0.01953125
2 0.12548828125 0.828125 0.1298828125 0.018229166666666668
2 0.1533203125 0.8723958333333334 0.185546875 0.041666666666666664
2 0.13916015625 0.96484375 0.1962890625 0.0703125
4 0.4619140625 0.7337239583333334 0.37109375 0.3294270833333333
0 0.4619140625 0.7337239583333334 0.37109375 0.3294270833333333
6 0.4619140625 0.9427083333333334 0.361328125 0.06510416666666667
7 0.45947265625 0.9967447916666666 0.3662109375 0.006510416666666667
7 0.67529296875 0.5794270833333334 0.0185546875 0.020833333333333332
7 0.72509765625 0.5794270833333334 0.0556640625 0.020833333333333332
7 0.78173828125 0.5794270833333334 0.0322265625 0.020833333333333332
7 0.8193359375 0.5794270833333334 0.017578125 0.020833333333333332
7 0.86279296875 0.5794270833333334 0.0439453125 0.020833333333333332
7 0.927734375 0.5794270833333334 0.0625 0.020833333333333332
4 0.80029296875 0.67578125 0.2685546875 0.15625
7 0.94677734375 0.61328125 0.0244140625 0.03125
7 0.94677734375 0.64453125 0.0244140625 0.03125
7 0.94677734375 0.67578125 0.0244140625 0.03125
7 0.94677734375 0.70703125 0.0244140625 0.03125
7 0.94677734375 0.73828125 0.0244140625 0.03125
7 0.724609375 0.7734375 0.1171875 0.020833333333333332
7 0.8173828125 0.7734375 0.068359375 0.020833333333333332
7 0.87841796875 0.7734375 0.0537109375 0.020833333333333332
7 0.93212890625 0.7734375 0.0537109375 0.020833333333333332
7 0.724609375 0.80859375 0.1171875 0.020833333333333332
7 0.8173828125 0.80859375 0.068359375 0.020833333333333332
7 0.87841796875 0.80859375 0.0537109375 0.020833333333333332
7 0.93212890625 0.80859375 0.0537109375 0.020833333333333332
7 0.724609375 0.84375 0.1171875 0.020833333333333332
7 0.8173828125 0.84375 0.068359375 0.020833333333333332
7 0.87841796875 0.84375 0.0537109375 0.020833333333333332
7 0.93212890625 0.84375 0.0537109375 0.020833333333333332
7 0.724609375 0.87890625 0.1171875 0.020833333333333332
7 0.8173828125 0.87890625 0.068359375 0.020833333333333332
7 0.87841796875 0.87890625 0.0537109375 0.020833333333333332
7 0.93212890625 0.87890625 0.0537109375 0.020833333333333332
7 0.724609375 0.9140625 0.1171875 0.020833333333333332
7 0.8173828125 0.9140625 0.068359375 0.020833333333333332
7 0.87841796875 0.9140625 0.0537109375 0.020833333333333332
7 0.93212890625 0.9140625 0.0537109375 0.020833333333333332
0 0.7119140625 0.9518229166666666 0.091796875 0.028645833333333332
0 0.88623046875 0.9518229166666666 0.1455078125 0.028645833333333332
2 0.69677734375 0.998046875 0.0615234375 0.00390625
0 0.8125 0.9895833333333334 0.29296875 0.020833333333333332
2 0.9501953125 0.9967447916666666 0.017578125 0.006510416666666667
4 0.5 0.9674479166666666 0.93359375 0.06510416666666667