7 0.76513671875 0.033203125 0.0712890625 0.022135416666666668
1 0.89306640625 0.033854166666666664 0.1845703125 0.028645833333333332
4 0.146484375 0.0703125 0.26171875 0.13020833333333334
1 0.58154296875 0.034505208333333336 0.1337890625 0.02734375
1 0.67724609375 0.034505208333333336 0.0458984375 0.02734375
7 0.38818359375 0.087890625 0.2216796875 0.045572916666666664
6 0.49951171875 0.154296875 0.3779296875 0.03515625
0 0.43701171875 0.20377604166666666 0.0478515625 0.022135416666666668
0 0.50732421875 0.20377604166666666 0.0615234375 0.022135416666666668
0 0.578125 0.20377604166666666 0.048828125 0.022135416666666668
0 0.63232421875 0.20377604166666666 0.0283203125 0.022135416666666668
0 0.68359375 0.20377604166666666 0.04296875 0.022135416666666668
0 0.74755859375 0.20377604166666666 0.0517578125 0.022135416666666668
0 0.82666015625 0.20377604166666666 0.0771484375 0.022135416666666668
0 0.93310546875 0.20377604166666666 0.1044921875 0.022135416666666668
0 0.03662109375 0.20377604166666666 0.0380859375 0.02734375
2 0.37255859375 0.3079427083333333 0.4951171875 0.029947916666666668
0 0.34326171875 0.322265625 0.5537109375 0.05859375
6 0.37255859375 0.33984375 0.4951171875 0.0234375
2 0.37255859375 0.3938802083333333 0.4951171875 0.029947916666666668
0 0.34326171875 0.4108072916666667 0.5537109375 0.06380208333333333
6 0.37255859375 0.4283854166666667 0.4951171875 0.028645833333333332
7 0.2216796875 0.458984375 0.193359375 0.016927083333333332
6 0.37841796875 0.458984375 0.1220703125 0.016927083333333332
7 0.4423828125 0.458984375 0.009765625 0.016927083333333332
6 0.53125 0.458984375 0.169921875 0.016927083333333332
7 0.6171875 0.458984375 0.00390625 0.016927083333333332
2 0.37255859375 0.513671875 0.4951171875 0.029947916666666668
0 0.34326171875 0.5279947916666666 0.5537109375 0.05859375
6 0.37255859375 0.5455729166666666 0.4951171875 0.0234375
2 0.37255859375 0.599609375 0.4951171875 0.029947916666666668
0 0.34326171875 0.6139322916666666 0.5537109375 0.05859375
6 0.37255859375 0.6315104166666666 0.4951171875 0.0234375
2 0.37255859375 0.685546875 0.4951171875 0.029947916666666668
0 0.34326171875 0.6998697916666666 0.5537109375 0.05859375
6 0.37255859375 0.7174479166666666 0.4951171875 0.0234375
2 0.37255859375 0.771484375 0.4951171875 0.029947916666666668
0 0.34326171875 0.7858072916666666 0.5537109375 0.05859375
6 0.37255859375 0.8033854166666666 0.4951171875 0.0234375
4 0.13330078125 0.837890625 0.0166015625 0.022135416666666668
6 0.173828125 0.8430989583333334 0.060546875 0.016927083333333332
4 0.22412109375 0.837890625 0.0166015625 0.022135416666666668
6 0.2607421875 0.8430989583333334 0.05078125 0.016927083333333332
4 0.30517578125 0.837890625 0.0166015625 0.022135416666666668
6 0.33251953125 0.8430989583333334 0.0341796875 0.016927083333333332
4 0.37060546875 0.837890625 0.0166015625 0.022135416666666668
6 0.4033203125 0.8430989583333334 0.044921875 0.016927083333333332
4 0.13720703125 0.9557291666666666 0.0869140625 0.041666666666666664
2 0.794921875 0.2760416666666667 0.25 0.028645833333333332
6 0.8974609375 0.3131510416666667 0.044921875 0.016927083333333332
7 0.7138671875 0.3483072916666667 0.087890625 0.016927083333333332
6 0.79443359375 0.3704427083333333 0.2490234375 0.016927083333333332
7 0.72119140625 0.392578125 0.1025390625 0.016927083333333332
6 0.76416015625 0.4147135416666667 0.1884765625 0.016927083333333332
7 0.7197265625 0.4368489583333333 0.099609375 0.016927083333333332
6 0.76416015625 0.458984375 0.1884765625 0.016927083333333332
7 0.7138671875 0.4811197916666667 0.087890625 0.016927083333333332
6 0.79443359375 0.5143229166666666 0.2490234375 0.0390625
7 0.7197265625 0.5475260416666666 0.099609375 0.016927083333333332
6 0.76416015625 0.5696614583333334 0.1884765625 0.016927083333333332
7 0.7138671875 0.591796875 0.087890625 0.016927083333333332
6 0.76416015625 0.6139322916666666 0.1884765625 0.016927083333333332
7 0.7197265625 0.6360677083333334 0.099609375 0.016927083333333332
6 0.76611328125 0.6692708333333334 0.1923828125 0.0390625
7 0.7138671875 0.7024739583333334 0.087890625 0.016927083333333332
6 0.76416015625 0.724609375 0.1884765625 0.016927083333333332
7 0.7138671875 0.7467447916666666 0.087890625 0.016927083333333332
6 0.76416015625 0.7688802083333334 0.1884765625 0.016927083333333332
7 0.72119140625 0.791015625 0.1025390625 0.016927083333333332
6 0.7724609375 0.8131510416666666 0.205078125 0.016927083333333332
7 0.7041015625 0.8352864583333334 0.068359375 0.016927083333333332
6 0.7724609375 0.857421875 0.205078125 0.016927083333333332
7 0.70458984375 0.8795572916666666 0.0693359375 0.016927083333333332
6 0.73828125 0.9016927083333334 0.13671875 0.016927083333333332
7 0.7197265625 0.923828125 0.099609375 0.016927083333333332
6 0.78173828125 0.9459635416666666 0.2236328125 0.016927083333333332
2 0.794921875 0.6510416666666666 0.25 0.028645833333333332
6 0.8818359375 0.6881510416666666 0.076171875 0.016927083333333332
2 0.794921875 0.740234375 0.25 0.055989583333333336
7 0.72119140625 0.791015625 0.1025390625 0.016927083333333332
7 0.78271484375 0.8020833333333334 0.2255859375 0.0390625
6 0.7890625 0.82421875 0.23828125 0.0390625
7 0.71484375 0.8352864583333334 0.0390625 0.016927083333333332
6 0.76953125 0.8352864583333334 0.07421875 0.016927083333333332
7 0.7890625 0.8463541666666666 0.23828125 0.0390625
6 0.72802734375 0.8795572916666666 0.1162109375 0.016927083333333332
7 0.79150390625 0.890625 0.2431640625 0.0390625
2 0.794921875 0.9856770833333334 0.25 0.028645833333333332