6 0.609375 0.029296875 0.060546875 0.022135416666666668
6 0.67578125 0.029296875 0.033203125 0.022135416666666668
6 0.73583984375 0.029296875 0.0478515625 0.022135416666666668
6 0.794921875 0.029296875 0.03125 0.022135416666666668
6 0.84814453125 0.029296875 0.0361328125 0.022135416666666668
6 0.90966796875 0.029296875 0.0478515625 0.022135416666666668
6 0.966796875 0.029296875 0.02734375 0.022135416666666668
4 0.1513671875 0.126953125 0.263671875 0.053385416666666664
6 0.43017578125 0.13020833333333334 0.0654296875 0.026041666666666668
6 0.5498046875 0.13020833333333334 0.0625 0.026041666666666668
6 0.646484375 0.13020833333333334 0.048828125 0.026041666666666668
6 0.75537109375 0.13020833333333334 0.0869140625 0.026041666666666668
0 0.9130859375 0.13020833333333334 0.134765625 0.046875
2 0.2119140625 0.390625 0.384765625 0.1875
7 0.06201171875 0.52734375 0.0849609375 0.033854166666666664
7 0.1923828125 0.580078125 0.345703125 0.13932291666666666
0 0.2021484375 0.7395833333333334 0.365234375 0.07291666666666667
7 0.21728515625 0.8053385416666666 0.1025390625 0.01953125
0 0.21142578125 0.8059895833333334 0.1142578125 0.0234375
4 0.697265625 0.4674479166666667 0.568359375 0.4322916666666667
2 0.33349609375 0.9264322916666666 0.2177734375 0.040364583333333336
2 0.5205078125 0.9466145833333334 0.509765625 0.078125
3 0.958984375 0.8860677083333334 0.08203125 0.22786458333333334