4 0.5 0.8580729166666666 0.0546875 0.07291666666666667
0 0.5 0.8580729166666666 0.0546875 0.07291666666666667
7 0.40478515625 0.923828125 0.7783203125 0.045572916666666664
6 0.4404296875 0.9361979166666666 0.0234375 0.020833333333333332
7 0.5263671875 0.9361979166666666 0.1484375 0.020833333333333332
7 0.662109375 0.9361979166666666 0.123046875 0.020833333333333332
7 0.42236328125 0.9485677083333334 0.8134765625 0.045572916666666664
0 0.916015625 0.92578125 0.13671875 0.052083333333333336
4 0.083984375 0.06640625 0.13671875 0.06770833333333333
0 0.083984375 0.052734375 0.13671875 0.10546875
1 0.36669921875 0.06901041666666667 0.3701171875 0.052083333333333336
7 0.53173828125 0.068359375 0.0244140625 0.032552083333333336
0 0.53173828125 0.06901041666666667 0.0400390625 0.052083333333333336
7 0.703125 0.061197916666666664 0.064453125 0.036458333333333336
0 0.703125 0.0703125 0.064453125 0.0546875
7 0.703125 0.08854166666666667 0.064453125 0.018229166666666668
7 0.78125 0.061197916666666664 0.064453125 0.036458333333333336
7 0.78125 0.08854166666666667 0.064453125 0.018229166666666668
7 0.859375 0.061197916666666664 0.064453125 0.036458333333333336
7 0.859375 0.08854166666666667 0.064453125 0.018229166666666668
7 0.9375 0.061197916666666664 0.064453125 0.036458333333333336
7 0.9375 0.08854166666666667 0.064453125 0.018229166666666668
7 0.06494140625 0.13541666666666666 0.0986328125 0.03125
0 0.06494140625 0.13606770833333334 0.0986328125 0.03515625
7 0.18115234375 0.13541666666666666 0.0673828125 0.03125
0 0.18115234375 0.13606770833333334 0.0673828125 0.03515625
7 0.2802734375 0.13541666666666666 0.064453125 0.03125
0 0.2802734375 0.13606770833333334 0.064453125 0.03515625
7 0.37646484375 0.13541666666666666 0.0615234375 0.03125
0 0.37646484375 0.13606770833333334 0.0615234375 0.03515625
7 0.5341796875 0.13541666666666666 0.1875 0.03125
0 0.5341796875 0.13606770833333334 0.1875 0.03515625
7 0.6875 0.13541666666666666 0.052734375 0.03125
0 0.6875 0.13606770833333334 0.052734375 0.03515625
7 0.7822265625 0.13541666666666666 0.0703125 0.03125
0 0.7822265625 0.13606770833333334 0.0703125 0.03515625
7 0.91748046875 0.13541666666666666 0.1337890625 0.03125
0 0.91748046875 0.13606770833333334 0.1337890625 0.03515625
7 0.06787109375 0.17708333333333334 0.1044921875 0.03125
0 0.06787109375 0.177734375 0.1044921875 0.03515625
7 0.18896484375 0.17708333333333334 0.0830078125 0.03125
0 0.18896484375 0.177734375 0.0830078125 0.03515625
7 0.28662109375 0.17708333333333334 0.0595703125 0.03125
0 0.28662109375 0.177734375 0.0595703125 0.03515625
7 0.40576171875 0.17708333333333334 0.1259765625 0.03125
0 0.40576171875 0.177734375 0.1259765625 0.03515625
7 0.525390625 0.17708333333333334 0.05859375 0.03125
0 0.525390625 0.177734375 0.05859375 0.03515625
7 0.62841796875 0.17708333333333334 0.0927734375 0.03125
0 0.62841796875 0.177734375 0.0927734375 0.03515625
7 0.74755859375 0.17708333333333334 0.0927734375 0.03125
0 0.74755859375 0.177734375 0.0927734375 0.03515625
7 0.85595703125 0.17708333333333334 0.0712890625 0.03125
0 0.85595703125 0.177734375 0.0712890625 0.03515625
7 0.95166015625 0.17708333333333334 0.0654296875 0.03125
0 0.95166015625 0.177734375 0.0654296875 0.03515625
7 0.25634765625 0.23697916666666666 0.0439453125 0.036458333333333336
7 0.349609375 0.23697916666666666 0.142578125 0.028645833333333332
7 0.50244140625 0.240234375 0.1318359375 0.024739583333333332
7 0.72705078125 0.23763020833333334 0.0771484375 0.029947916666666668
7 0.2568359375 0.3046875 0.044921875 0.036458333333333336
7 0.37548828125 0.3046875 0.1923828125 0.028645833333333332
7 0.7275390625 0.3053385416666667 0.076171875 0.029947916666666668
7 0.5 0.3776041666666667 0.96875 0.028645833333333332
0 0.5 0.6419270833333334 0.96875 0.5572916666666666
7 0.5 0.4114583333333333 0.96875 0.0390625
4 0.5 0.6783854166666666 0.96875 0.484375
4 0.861328125 0.5065104166666666 0.19140625 0.06770833333333333
7 0.5 0.8854166666666666 0.96875 0.028645833333333332
7 0 0.9915364583333334 0 0.016927083333333332
7 0.95751953125 0.943359375 0.0537109375 0.07161458333333333
7 0.96875 0.8528645833333334 0.013671875 0.020833333333333332
0 0.96875 0.8528645833333334 0.029296875 0.0390625
7 0.86328125 0.8561197916666666 0.224609375 0.024739583333333332