4 0.13134765625 0.044921875 0.1162109375 0.037760416666666664
0 0.4033203125 0.018229166666666668 0 0
7 0.275390625 0.045572916666666664 0.11328125 0.026041666666666668
0 0.275390625 0.046223958333333336 0.142578125 0.055989583333333336
7 0.38232421875 0.045572916666666664 0.0419921875 0.026041666666666668
0 0.375 0.046223958333333336 0.056640625 0.055989583333333336
6 0.8798828125 0.045572916666666664 0.09375 0.026041666666666668
2 0.5 0.337890625 0.76171875 0.06640625
2 0.5 0.4778645833333333 0.60546875 0.13802083333333334
0 0.5 0.630859375 0.29296875 0.055989583333333336
4 0.1943359375 0.9817708333333334 0.26171875 0.036458333333333336
4 0.5 0.9817708333333334 0.26171875 0.036458333333333336
4 0.8056640625 0.9817708333333334 0.26171875 0.036458333333333336