7 0.41015625 0.033854166666666664 0.318359375 0.0234375
0 0.63720703125 0.033854166666666664 0.0751953125 0.046875
0 0.71923828125 0.033854166666666664 0.0751953125 0.046875
7 0.826171875 0.91796875 0.0390625 0.052083333333333336
0 0.82275390625 0.9388020833333334 0.0517578125 0.018229166666666668
6 0.87451171875 0.9075520833333334 0.0361328125 0.018229166666666668
6 0.91064453125 0.9303385416666666 0.1083984375 0.014322916666666666
4 0.0556640625 0.11197916666666667 0.080078125 0.041666666666666664
1 0.35546875 0.11197916666666667 0.48828125 0.046875
4 0.5 0.361328125 0.16015625 0.08463541666666667
7 0.5 0.4290364583333333 0.35546875 0.024739583333333332
0 0.5 0.505859375 0.29296875 0.053385416666666664
0 0.5 0.568359375 0.29296875 0.053385416666666664
7 0.5 0.6334635416666666 0.28125 0.022135416666666668
0 0.4296875 0.6881510416666666 0.0390625 0.053385416666666664
0 0.4765625 0.6881510416666666 0.0390625 0.053385416666666664
0 0.5234375 0.6881510416666666 0.0390625 0.053385416666666664
0 0.5703125 0.6881510416666666 0.0390625 0.053385416666666664
7 0.49951171875 0.7649739583333334 0.2763671875 0.01953125
6 0.42626953125 0.7858072916666666 0.0732421875 0.01953125
7 0.4765625 0.7858072916666666 0.02734375 0.01953125
6 0.5322265625 0.7858072916666666 0.087890625 0.01953125
7 0.59375 0.7858072916666666 0.03515625 0.01953125
7 0.04833984375 0.98046875 0.0576171875 0.0390625
7 0.12939453125 0.98046875 0.0400390625 0.0390625