4 0.10546875 0.045572916666666664 0.15234375 0.049479166666666664
0 0.10546875 0.045572916666666664 0.15234375 0.049479166666666664
0 0.3369140625 0.046875 0.05859375 0.0390625
0 0.42333984375 0.046875 0.0576171875 0.0390625
0 0.53515625 0.046875 0.109375 0.0390625
0 0.673828125 0.046875 0.111328125 0.0390625
0 0.82958984375 0.045572916666666664 0.1376953125 0.041666666666666664
4 0.94189453125 0.045572916666666664 0.0205078125 0.026041666666666668
0 0.94775390625 0.045572916666666664 0.0595703125 0.041666666666666664
2 0.42236328125 0.236328125 0.6845703125 0.10546875
2 0.42333984375 0.3391927083333333 0.5478515625 0.053385416666666664
7 0.423828125 0.5325520833333334 0.64453125 0.11458333333333333
0 0.423828125 0.7526041666666666 0.43359375 0.06510416666666667
7 0.423828125 0.8151041666666666 0.025390625 0.046875
0 0.423828125 0.8776041666666666 0.43359375 0.06510416666666667
7 0.423828125 0.9635416666666666 0.68359375 0.028645833333333332