7 0.193359375 0.84375 0.33984375 0.020833333333333332
7 0.0458984375 0.8743489583333334 0.044921875 0.01953125
6 0.103515625 0.8743489583333334 0.072265625 0.01953125
7 0.18896484375 0.916015625 0.3310546875 0.10286458333333333
6 0.17333984375 0.9576822916666666 0.0771484375 0.01953125
7 0.21435546875 0.9576822916666666 0.0048828125 0.01953125
4 0.357421875 0.8411458333333334 0.01171875 0.015625
0 0.357421875 0.84765625 0.04296875 0.0703125
4 0.5 0.5 1 1
4 0.271484375 0.0390625 0.021484375 0.028645833333333332
0 0.271484375 0.0390625 0.03125 0.041666666666666664
4 0.318359375 0.0390625 0.021484375 0.028645833333333332
0 0.318359375 0.0390625 0.03125 0.041666666666666664
0 0.767578125 0.0390625 0.12890625 0.049479166666666664
0 0.89208984375 0.0390625 0.1220703125 0.049479166666666664
4 0.08740234375 0.057291666666666664 0.1279296875 0.052083333333333336
0 0.1123046875 0.072265625 0.224609375 0.08203125
4 0.03515625 0.13932291666666666 0.0234375 0.03125
0 0.1123046875 0.13932291666666666 0.208984375 0.052083333333333336
7 0.1396484375 0.13932291666666666 0.154296875 0.026041666666666668
4 0.03515625 0.19140625 0.0234375 0.03125
7 0.1396484375 0.19140625 0.154296875 0.026041666666666668
0 0.1123046875 0.19140625 0.208984375 0.052083333333333336
4 0.03515625 0.24348958333333334 0.0234375 0.03125
7 0.1396484375 0.24348958333333334 0.154296875 0.026041666666666668
0 0.1123046875 0.24348958333333334 0.208984375 0.052083333333333336
0 0.1123046875 0.6803385416666666 0.044921875 0.02734375
0 0.1123046875 0.7272135416666666 0.0390625 0.02734375
7 0.35888671875 0.8190104166666666 0.6416015625 0.020833333333333332
7 0.35888671875 0.8489583333333334 0.6416015625 0.028645833333333332
0 0.8720703125 0.8333333333333334 0.208984375 0.049479166666666664
7 0.32568359375 0.9700520833333334 0.0400390625 0.020833333333333332
4 0.1904296875 0.9700520833333334 0.310546875 0.005208333333333333
7 0.67431640625 0.9700520833333334 0.0400390625 0.020833333333333332
2 0.330078125 0.2942708333333333 0.1484375 0.390625
4 0.33935546875 0.267578125 0.1279296875 0.17057291666666666
7 0.33935546875 0.3860677083333333 0.1279296875 0.02734375
0 0.33935546875 0.3860677083333333 0.1279296875 0.02734375
2 0.28369140625 0.7265625 0.0556640625 0.390625
0 0.28369140625 0.5553385416666666 0.0556640625 0.024739583333333332
7 0.94140625 0.5494791666666666 0.0546875 0.020833333333333332
0 0.94140625 0.5494791666666666 0.0546875 0.028645833333333332
4 0.33935546875 0.6998697916666666 0.1279296875 0.17057291666666666
7 0.33935546875 0.818359375 0.1279296875 0.02734375
0 0.33935546875 0.818359375 0.1279296875 0.02734375
7 0.33837890625 0.859375 0.1259765625 0.044270833333333336
4 0.52099609375 0.6998697916666666 0.1279296875 0.17057291666666666
7 0.52099609375 0.818359375 0.1279296875 0.02734375
0 0.52099609375 0.818359375 0.1279296875 0.02734375
7 0.51904296875 0.859375 0.1240234375 0.044270833333333336
4 0.70361328125 0.6998697916666666 0.1279296875 0.17057291666666666
7 0.70361328125 0.818359375 0.1279296875 0.02734375
0 0.70361328125 0.818359375 0.1279296875 0.02734375
7 0.69482421875 0.87109375 0.1103515625 0.06770833333333333
4 0.88525390625 0.6998697916666666 0.1279296875 0.17057291666666666
7 0.88525390625 0.818359375 0.1279296875 0.02734375
0 0.88525390625 0.818359375 0.1279296875 0.02734375
7 0.869140625 0.87109375 0.095703125 0.06770833333333333
2 0.28515625 0.9817708333333334 0.05859375 0.036458333333333336
0 0.28515625 0.9876302083333334 0.05859375 0.024739583333333332
7 0.94140625 0.9817708333333334 0.0546875 0.020833333333333332
0 0.94140625 0.9817708333333334 0.0546875 0.028645833333333332
7 0.6123046875 1 0.712890625 0