2 0.0947265625 0.041666666666666664 0.072265625 0.03125
2 0.2060546875 0.037760416666666664 0.140625 0.026041666666666668
2 0.24658203125 0.17708333333333334 0.4482421875 0.041666666666666664
7 0.24658203125 0.2421875 0.4482421875 0.08854166666666667
6 0.095703125 0.3151041666666667 0.146484375 0.020833333333333332
2 0.75341796875 0.17708333333333334 0.4482421875 0.041666666666666664
7 0.75341796875 0.2265625 0.4482421875 0.057291666666666664
6 0.60986328125 0.2838541666666667 0.1611328125 0.020833333333333332
2 0.24658203125 0.4739583333333333 0.4482421875 0.041666666666666664
4 0.0517578125 0.56640625 0.05859375 0.078125
7 0.28564453125 0.5963541666666666 0.3701171875 0.125
6 0.228515625 0.6875 0.255859375 0.020833333333333332
2 0.75341796875 0.4739583333333333 0.4482421875 0.041666666666666664
4 0.55859375 0.56640625 0.05859375 0.078125
7 0.79248046875 0.5833333333333334 0.3701171875 0.125
6 0.68798828125 0.6744791666666666 0.1611328125 0.020833333333333332
2 0.24658203125 0.8723958333333334 0.4482421875 0.041666666666666664
4 0.0517578125 0.962890625 0.05859375 0.07421875
7 0.28564453125 0.9661458333333334 0.3701171875 0.06770833333333333
2 0.75341796875 0.8723958333333334 0.4482421875 0.041666666666666664
4 0.55908203125 0.962890625 0.0595703125 0.07421875
7 0.77978515625 0.9622395833333334 0.3447265625 0.07552083333333333
6 0.7841796875 0.9934895833333334 0.353515625 0.013020833333333334