3 0.5 0.05859375 0.7109375 0.1171875
4 0.1123046875 0.2994791666666667 0.224609375 0.06510416666666667
0 0.0390625 0.3059895833333333 0.078125 0.06510416666666667
0 0.23291015625 0.302734375 0.0498046875 0.07161458333333333
0 0.28564453125 0.302734375 0.0478515625 0.07161458333333333
0 0.341796875 0.302734375 0.05859375 0.07161458333333333
0 0.41796875 0.302734375 0.087890625 0.07161458333333333
0 0.49755859375 0.302734375 0.0654296875 0.07161458333333333
0 0.56787109375 0.302734375 0.0693359375 0.07161458333333333
0 0.6484375 0.302734375 0.0859375 0.07161458333333333
0 0.7314453125 0.302734375 0.07421875 0.07161458333333333
0 0.8076171875 0.302734375 0.072265625 0.07161458333333333
0 0.791015625 0.3743489583333333 0.06640625 0.07161458333333333
4 0.8681640625 0.177734375 0.015625 0.02734375
0 0.8681640625 0.17578125 0.048828125 0.06510416666666667
7 0.93359375 0.17578125 0.048828125 0.06510416666666667
0 0.9462890625 0.17578125 0.107421875 0.06510416666666667
2 0.26220703125 0.6438802083333334 0.3955078125 0.14713541666666666
7 0.1328125 0.935546875 0.1328125 0.12890625
0 0.13330078125 0.8704427083333334 0.1376953125 0.2591145833333333
7 0.27490234375 0.8990885416666666 0.1318359375 0.055989583333333336
0 0.27490234375 0.833984375 0.1376953125 0.18619791666666666
7 0.4169921875 0.923828125 0.1328125 0.10546875
0 0.4169921875 0.8587239583333334 0.13671875 0.23567708333333334
4 0.61279296875 0.2701822916666667 0.2255859375 0.040364583333333336
2 0.61376953125 0.3470052083333333 0.1962890625 0.05078125
0 0.61376953125 0.3470052083333333 0.1962890625 0.05078125
7 0.6865234375 0.3776041666666667 0.0390625 0.018229166666666668
2 0.61376953125 0.4466145833333333 0.1962890625 0.07552083333333333
0 0.61376953125 0.4466145833333333 0.1962890625 0.07552083333333333
7 0.68896484375 0.4908854166666667 0.0341796875 0.018229166666666668
2 0.61376953125 0.5598958333333334 0.1962890625 0.07552083333333333
0 0.61376953125 0.5598958333333334 0.1962890625 0.07552083333333333
7 0.68701171875 0.6041666666666666 0.0380859375 0.018229166666666668
2 0.61376953125 0.6608072916666666 0.1962890625 0.05078125
0 0.61376953125 0.6608072916666666 0.1962890625 0.05078125
7 0.689453125 0.69140625 0.033203125 0.018229166666666668
2 0.61376953125 0.76171875 0.1962890625 0.07552083333333333
0 0.61376953125 0.76171875 0.1962890625 0.07552083333333333
7 0.689453125 0.8046875 0.033203125 0.018229166666666668
2 0.61376953125 0.8626302083333334 0.1962890625 0.05078125
0 0.61376953125 0.8626302083333334 0.1962890625 0.05078125
7 0.689453125 0.8932291666666666 0.033203125 0.018229166666666668
0 0.61279296875 0.689453125 0.1962890625 0.040364583333333336
7 0.5498046875 0.7421875 0.05078125 0.026041666666666668
2 0.61376953125 0.8196614583333334 0.1962890625 0.05078125
0 0.61376953125 0.8196614583333334 0.1962890625 0.05078125
7 0.6865234375 0.8515625 0.0390625 0.018229166666666668
2 0.61376953125 0.9205729166666666 0.1962890625 0.07552083333333333
0 0.61376953125 0.9205729166666666 0.1962890625 0.07552083333333333
7 0.6865234375 0.96484375 0.0390625 0.018229166666666668
2 0.61376953125 0.998046875 0.1962890625 0.00390625
0 0.61376953125 0.998046875 0.1962890625 0.00390625
7 0.8671875 0.2682291666666667 0.265625 0.036458333333333336
3 0.8671875 0.6497395833333334 0.265625 0.7005208333333334