0 0.7724609375 0.01953125 0.04296875 0.013020833333333334
0 0.82763671875 0.01953125 0.0498046875 0.013020833333333334
0 0.88623046875 0.01953125 0.0498046875 0.013020833333333334
0 0.939453125 0.01953125 0.0390625 0.013020833333333334
6 0.47119140625 0.018880208333333332 0.0400390625 0.014322916666666666
6 0.51611328125 0.018880208333333332 0.0302734375 0.014322916666666666
6 0.56591796875 0.018880208333333332 0.0498046875 0.014322916666666666
6 0.64794921875 0.018880208333333332 0.0888671875 0.014322916666666666
6 0.72021484375 0.018880208333333332 0.0302734375 0.014322916666666666
4 0.0771484375 0.08203125 0.072265625 0.026041666666666668
0 0.0751953125 0.08203125 0.068359375 0.026041666666666668
0 0.173828125 0.08268229166666667 0.099609375 0.040364583333333336
1 0.310546875 0.08268229166666667 0.15625 0.037760416666666664
7 0.40234375 0.08854166666666667 0.021484375 0.028645833333333332
1 0.49609375 0.08268229166666667 0.15625 0.037760416666666664
1 0.6123046875 0.08138020833333333 0.0546875 0.040364583333333336
0 0.7734375 0.08138020833333333 0.078125 0.08463541666666667
0 0.8896484375 0.072265625 0.13671875 0.04296875
0 0.85546875 0.10546875 0.05859375 0.015625
6 0.8193359375 0.15625 0.228515625 0.033854166666666664
4 0.94677734375 0.14388020833333334 0.0126953125 0.016927083333333332
6 0.50390625 0.14453125 0.22265625 0.018229166666666668
7 0.0625 0.18359375 0.04296875 0.015625
7 0.13671875 0.18359375 0.076171875 0.015625
2 0.39990234375 0.240234375 0.6591796875 0.03515625
2 0.109375 0.3587239583333333 0.146484375 0.14713541666666666
0 0.24853515625 0.30078125 0.1025390625 0.020833333333333332
2 0.24853515625 0.30078125 0.1025390625 0.020833333333333332
7 0.61328125 0.3014322916666667 0.22265625 0.01953125
7 0.41796875 0.33203125 0.451171875 0.015625
6 0.654296875 0.33203125 0.021484375 0.015625
7 0.67041015625 0.33203125 0.0107421875 0.015625
6 0.6865234375 0.33203125 0.021484375 0.015625
7 0.70263671875 0.33203125 0.0107421875 0.015625
6 0.71875 0.33203125 0.021484375 0.015625
7 0.19775390625 0.3463541666666667 0.0107421875 0.015625
6 0.2138671875 0.3463541666666667 0.021484375 0.015625
7 0.24072265625 0.3463541666666667 0.0322265625 0.015625
2 0.2158203125 0.380859375 0.046875 0.014322916666666666
2 0.25 0.3802083333333333 0.021484375 0.015625
0 0.3017578125 0.3802083333333333 0.03125 0.015625
0 0.5068359375 0.3802083333333333 0.04296875 0.015625
0 0.3017578125 0.39453125 0.03125 0.015625
0 0.5068359375 0.39453125 0.04296875 0.015625
0 0.3017578125 0.4088541666666667 0.03125 0.015625
0 0.50146484375 0.4088541666666667 0.0322265625 0.015625
0 0.3017578125 0.4231770833333333 0.03125 0.015625
0 0.5068359375 0.4231770833333333 0.04296875 0.015625
0 0.30712890625 0.4375 0.0419921875 0.015625
0 0.50146484375 0.4375 0.0322265625 0.015625
0 0.3017578125 0.4518229166666667 0.03125 0.015625
0 0.5068359375 0.4518229166666667 0.04296875 0.015625
0 0.333984375 0.4661458333333333 0.095703125 0.015625
2 0.25537109375 0.4934895833333333 0.0322265625 0.015625
0 0.3017578125 0.4934895833333333 0.03125 0.015625
0 0.5068359375 0.4934895833333333 0.04296875 0.015625
0 0.3232421875 0.5078125 0.07421875 0.015625
0 0.50146484375 0.5078125 0.0322265625 0.015625
0 0.31787109375 0.5221354166666666 0.0634765625 0.015625
0 0.5390625 0.5221354166666666 0.107421875 0.015625
0 0.30712890625 0.5364583333333334 0.0419921875 0.015625
0 0.5068359375 0.5364583333333334 0.04296875 0.015625
0 0.3017578125 0.55078125 0.03125 0.015625
2 0.25 0.578125 0.021484375 0.015625
0 0.3017578125 0.578125 0.03125 0.015625
0 0.5283203125 0.578125 0.0859375 0.015625
0 0.3017578125 0.5924479166666666 0.03125 0.015625
0 0.50146484375 0.5924479166666666 0.0322265625 0.015625
0 0.3017578125 0.6067708333333334 0.03125 0.015625
0 0.50146484375 0.6067708333333334 0.0322265625 0.015625
0 0.3017578125 0.62109375 0.03125 0.015625
2 0.25 0.6484375 0.021484375 0.015625
0 0.30712890625 0.6484375 0.0419921875 0.015625
0 0.50146484375 0.6484375 0.0322265625 0.015625
0 0.3017578125 0.6627604166666666 0.03125 0.015625
0 0.50146484375 0.6627604166666666 0.0322265625 0.015625
0 0.3232421875 0.6770833333333334 0.07421875 0.015625
0 0.50146484375 0.6770833333333334 0.0322265625 0.015625
0 0.3017578125 0.69140625 0.03125 0.015625
2 0.25 0.71875 0.021484375 0.015625
0 0.3017578125 0.71875 0.03125 0.015625
0 0.50146484375 0.71875 0.0322265625 0.015625
0 0.30712890625 0.7330729166666666 0.0419921875 0.015625
0 0.50146484375 0.7330729166666666 0.0322265625 0.015625
0 0.3017578125 0.7473958333333334 0.03125 0.015625
0 0.52294921875 0.7473958333333334 0.0751953125 0.015625
0 0.3017578125 0.76171875 0.03125 0.015625
0 0.50146484375 0.76171875 0.0322265625 0.015625
2 0.25 0.7890625 0.021484375 0.015625
0 0.3017578125 0.7890625 0.03125 0.015625
0 0.5068359375 0.7890625 0.04296875 0.015625
0 0.3017578125 0.8033854166666666 0.03125 0.015625
0 0.50146484375 0.8033854166666666 0.0322265625 0.015625
0 0.3232421875 0.8177083333333334 0.07421875 0.015625
0 0.5390625 0.8177083333333334 0.107421875 0.015625
0 0.30712890625 0.83203125 0.0419921875 0.015625
2 0.25 0.859375 0.021484375 0.015625
0 0.3017578125 0.859375 0.03125 0.015625
0 0.50146484375 0.859375 0.0322265625 0.015625
0 0.3125 0.8736979166666666 0.052734375 0.015625
0 0.54443359375 0.8736979166666666 0.1181640625 0.015625
0 0.33935546875 0.8880208333333334 0.1064453125 0.015625
0 0.50146484375 0.8880208333333334 0.0322265625 0.015625
0 0.30712890625 0.90234375 0.0419921875 0.015625
0 0.50146484375 0.90234375 0.0322265625 0.015625
0 0.333984375 0.9166666666666666 0.095703125 0.015625
0 0.50146484375 0.9166666666666666 0.0322265625 0.015625
2 0.2158203125 0.951171875 0.046875 0.014322916666666666
2 0.25 0.9505208333333334 0.021484375 0.015625
0 0.3017578125 0.9505208333333334 0.03125 0.015625
0 0.5283203125 0.9505208333333334 0.0859375 0.015625
0 0.32861328125 0.96484375 0.0849609375 0.015625
0 0.5068359375 0.96484375 0.04296875 0.015625
0 0.3017578125 0.9791666666666666 0.03125 0.015625
0 0.52294921875 0.9791666666666666 0.0751953125 0.015625
0 0.30712890625 0.9928385416666666 0.0419921875 0.014322916666666666
0 0.51220703125 0.9928385416666666 0.0537109375 0.014322916666666666
0 0.3017578125 1 0.03125 0