7 0.09375 0.9140625 0.091796875 0.020833333333333332
7 0.50048828125 0.9453125 0.9462890625 0.08333333333333333
6 0.61767578125 0.9765625 0.1259765625 0.020833333333333332
7 0.68212890625 0.9765625 0.0048828125 0.020833333333333332
7 0.70703125 0.9765625 0.0078125 0.020833333333333332
4 0.8662109375 0.026041666666666668 0.0234375 0.020833333333333332
0 0.8662109375 0.028645833333333332 0.0234375 0.057291666666666664
4 0.8935546875 0.026041666666666668 0.0234375 0.020833333333333332
0 0.8935546875 0.028645833333333332 0.0234375 0.057291666666666664
4 0.9208984375 0.026041666666666668 0.0234375 0.020833333333333332
0 0.9208984375 0.028645833333333332 0.0234375 0.057291666666666664
4 0.9482421875 0.026041666666666668 0.0234375 0.020833333333333332
0 0.9482421875 0.028645833333333332 0.0234375 0.057291666666666664
7 0.8388671875 0.028645833333333332 0.03125 0.057291666666666664
7 0.7529296875 0.029947916666666668 0.037109375 0.036458333333333336
4 0.78857421875 0.029947916666666668 0.0341796875 0.046875
4 0.81396484375 0.030598958333333332 0.0068359375 0.006510416666666667
7 0.712890625 0.028645833333333332 0.03125 0.057291666666666664
7 0.60009765625 0.029296875 0.0400390625 0.022135416666666668
7 0.64990234375 0.029296875 0.0595703125 0.022135416666666668
4 0.68798828125 0.030598958333333332 0.0068359375 0.006510416666666667
7 0.55859375 0.028645833333333332 0.03125 0.057291666666666664
7 0.44091796875 0.029296875 0.0400390625 0.022135416666666668
7 0.4931640625 0.029296875 0.064453125 0.022135416666666668
4 0.53369140625 0.030598958333333332 0.0068359375 0.006510416666666667
7 0.3994140625 0.028645833333333332 0.03125 0.057291666666666664
4 0.29443359375 0.029296875 0.0166015625 0.022135416666666668
7 0.33935546875 0.029296875 0.0537109375 0.022135416666666668
4 0.37451171875 0.030598958333333332 0.0068359375 0.006510416666666667
7 0.0556640625 0.12109375 0.037109375 0.0234375
4 0.216796875 0.134765625 0.1953125 0.10286458333333333
1 0.8017578125 0.13411458333333334 0.314453125 0.049479166666666664
7 0.85888671875 0.392578125 0.1455078125 0.024739583333333332
7 0.8359375 0.4876302083333333 0.1015625 0.024739583333333332
2 0.140625 0.798828125 0.208984375 0.01953125
0 0.9736328125 0.7760416666666666 0 0
7 0.49072265625 0.912109375 0.9287109375 0.17578125