6 0.10888671875 0.0390625 0.0478515625 0.07552083333333333
0 0.11279296875 0.051432291666666664 0.1318359375 0.045572916666666664
6 0.7822265625 0.06510416666666667 0.037109375 0.020833333333333332
6 0.24267578125 0.054036458333333336 0.0537109375 0.022135416666666668
6 0.32177734375 0.054036458333333336 0.0537109375 0.022135416666666668
6 0.40966796875 0.054036458333333336 0.0634765625 0.048177083333333336
6 0.5009765625 0.054036458333333336 0.060546875 0.022135416666666668
6 0.591796875 0.054036458333333336 0.072265625 0.048177083333333336
6 0.7138671875 0.06510416666666667 0.0390625 0.020833333333333332
6 0.8505859375 0.06510416666666667 0.033203125 0.020833333333333332
6 0.9189453125 0.06510416666666667 0.048828125 0.020833333333333332
4 0.08984375 0.3717447916666667 0.09765625 0.06901041666666667
2 0.302734375 0.4993489583333333 0.5234375 0.13671875
7 0.302734375 0.642578125 0.5234375 0.07421875
0 0.12841796875 0.7552083333333334 0.1748046875 0.07552083333333333
7 0.453125 0.9231770833333334 0.8671875 0.0234375
0 0.07568359375 0.951171875 0.1123046875 0.02734375
7 0.29443359375 0.9505208333333334 0.3251953125 0.0234375
4 0.958984375 0.9388020833333334 0.021484375 0.03125
0 0.958984375 0.9375 0.033203125 0.036458333333333336