4 0.10693359375 0.042317708333333336 0.1669921875 0.032552083333333336
0 0.2861328125 0.044270833333333336 0.07421875 0.08072916666666667
0 0.41015625 0.044270833333333336 0.10546875 0.08072916666666667
0 0.53857421875 0.044270833333333336 0.0810546875 0.08072916666666667
0 0.63720703125 0.044270833333333336 0.0458984375 0.08072916666666667
0 0.75830078125 0.044270833333333336 0.1279296875 0.08072916666666667
0 0.888671875 0.044270833333333336 0.064453125 0.08072916666666667
0 0.9775390625 0.044270833333333336 0.044921875 0.08072916666666667
2 0.5 0.17317708333333334 0.94921875 0.059895833333333336
7 0.5 0.23046875 0.94921875 0.03125
2 0.1396484375 0.4290364583333333 0.228515625 0.20703125
7 0.6201171875 0.3665364583333333 0.708984375 0.07421875
7 0.6201171875 0.431640625 0.708984375 0.05859375
0 0.37646484375 0.5110677083333334 0.2216796875 0.05078125
2 0.1396484375 0.697265625 0.228515625 0.07942708333333333
7 0.6201171875 0.6803385416666666 0.708984375 0.037760416666666664
7 0.45068359375 0.712890625 0.3701171875 0.024739583333333332
6 0.6845703125 0.712890625 0.099609375 0.024739583333333332
7 0.78466796875 0.712890625 0.1025390625 0.024739583333333332
0 0.43994140625 0.8821614583333334 0.3486328125 0.23567708333333334
4 0.43994140625 0.8821614583333334 0.3486328125 0.23567708333333334
7 0.43994140625 0.81640625 0.2802734375 0.015625
7 0.43994140625 0.908203125 0.2802734375 0.14713541666666666
0 0.80029296875 0.8821614583333334 0.3486328125 0.23567708333333334
4 0.80029296875 0.8561197916666666 0.3486328125 0.18359375
6 0.72119140625 0.9947916666666666 0.1220703125 0.010416666666666666