4 0.06103515625 0.036458333333333336 0.1083984375 0.020833333333333332
0 0.06103515625 0.03515625 0.1220703125 0.0703125
1 0.21875 0.035807291666666664 0.177734375 0.05078125
7 0.35107421875 0.035807291666666664 0.0576171875 0.07161458333333333
0 0.3505859375 0.035807291666666664 0.072265625 0.07161458333333333
7 0.42138671875 0.035807291666666664 0.0556640625 0.07161458333333333
0 0.4208984375 0.035807291666666664 0.0703125 0.07161458333333333
7 0.5009765625 0.035807291666666664 0.078125 0.07161458333333333
0 0.50146484375 0.035807291666666664 0.0927734375 0.07161458333333333
7 0.57470703125 0.035807291666666664 0.0419921875 0.07161458333333333
0 0.57470703125 0.035807291666666664 0.0556640625 0.07161458333333333
7 0.6298828125 0.035807291666666664 0.04296875 0.07161458333333333
0 0.63037109375 0.035807291666666664 0.0576171875 0.07161458333333333
7 0.70947265625 0.035807291666666664 0.0888671875 0.07161458333333333
0 0.7099609375 0.035807291666666664 0.103515625 0.07161458333333333
7 0.79052734375 0.035807291666666664 0.0458984375 0.07161458333333333
0 0.79052734375 0.035807291666666664 0.0595703125 0.07161458333333333
0 0.896484375 0.03515625 0.0546875 0.0703125
0 0.95361328125 0.03515625 0.0615234375 0.044270833333333336
2 0.3291015625 0.2610677083333333 0.072265625 0.07942708333333333
2 0.53564453125 0.2610677083333333 0.3427734375 0.07942708333333333
2 0.49951171875 0.3483072916666667 0.3232421875 0.07942708333333333
2 0.5 0.4817708333333333 0.4765625 0.07552083333333333
0 0.3974609375 0.6295572916666666 0.1875 0.07421875
0 0.611328125 0.6295572916666666 0.169921875 0.07421875
6 0.5 0.71875 0.12890625 0.020833333333333332
7 0.11669921875 0.9283854166666666 0.2333984375 0.10416666666666667
7 0.54443359375 0.9283854166666666 0.6162109375 0.10416666666666667
7 0.927734375 0.9283854166666666 0.14453125 0.10416666666666667
4 0.5 0.9381510416666666 1 0.12369791666666667
7 0.5 0.9544270833333334 0.400390625 0.0234375
7 0.43798828125 0.9778645833333334 0.0751953125 0.018229166666666668
6 0.53759765625 0.9778645833333334 0.1240234375 0.018229166666666668
7 0.2216796875 0.966796875 0.078125 0.006510416666666667