3 0.5 0.1640625 0.947265625 0.3255208333333333
2 0.5 0.404296875 0.462890625 0.11067708333333333
0 0.1474609375 0.4010416666666667 0.14453125 0.03125
0 0.78759765625 0.4010416666666667 0.1201171875 0.03125
4 0.90283203125 0.4309895833333333 0.1083984375 0.17447916666666666
0 0.9091796875 0.4010416666666667 0.123046875 0.11979166666666667
4 0.06494140625 0.4973958333333333 0.0205078125 0.0234375
0 0.08642578125 0.4973958333333333 0.0830078125 0.0390625
7 0.0986328125 0.4973958333333333 0.0390625 0.03125
6 0.17236328125 0.4973958333333333 0.0419921875 0.03125
6 0.26123046875 0.4973958333333333 0.0205078125 0.03125
6 0.3544921875 0.4973958333333333 0.05078125 0.03125
6 0.46484375 0.4973958333333333 0.0546875 0.03125
6 0.5771484375 0.4973958333333333 0.0546875 0.03125
6 0.68359375 0.4973958333333333 0.04296875 0.03125
6 0.78759765625 0.4973958333333333 0.0498046875 0.03125
4 0.880859375 0.4973958333333333 0.021484375 0.028645833333333332
0 0.8955078125 0.4973958333333333 0.099609375 0.044270833333333336
7 0.908203125 0.4973958333333333 0.025390625 0.03125
4 0.08642578125 0.5442708333333334 0.1337890625 0.033854166666666664
0 0.09521484375 0.5423177083333334 0.1513671875 0.061197916666666664
4 0.1904296875 0.5423177083333334 0.01953125 0.022135416666666668
0 0.21435546875 0.5423177083333334 0.0869140625 0.040364583333333336
7 0.2265625 0.5423177083333334 0.04296875 0.032552083333333336
7 0.3076171875 0.5436197916666666 0.048828125 0.032552083333333336
0 0.46875 0.5423177083333334 0.419921875 0.05859375
7 0.44873046875 0.5436197916666666 0.2353515625 0.032552083333333336
6 0.748046875 0.5423177083333334 0.099609375 0.05859375
6 0.87646484375 0.5423177083333334 0.0771484375 0.05859375
1 0.04150390625 0.4029947916666667 0.0439453125 0.05859375
4 0.42529296875 0.7766927083333334 0.4873046875 0.4466145833333333
0 0.42529296875 0.77734375 0.4853515625 0.4453125
2 0.07275390625 0.5930989583333334 0.1064453125 0.08463541666666667
2 0.091796875 0.75 0.14453125 0.049479166666666664
0 0.091796875 0.7408854166666666 0.14453125 0.0859375
7 0.0625 0.70703125 0.0859375 0.018229166666666668
2 0.091796875 0.9296875 0.14453125 0.09895833333333333
0 0.091796875 0.9205729166666666 0.14453125 0.13541666666666666
7 0.072265625 0.8619791666666666 0.10546875 0.018229166666666668
2 0.833984375 0.5904947916666666 0.29296875 0.045572916666666664
2 0.85205078125 0.669921875 0.2333984375 0.03515625
0 0.833984375 0.669921875 0.29296875 0.07682291666666667
2 0.85205078125 0.748046875 0.2333984375 0.03515625
0 0.833984375 0.748046875 0.29296875 0.07682291666666667
2 0.85205078125 0.826171875 0.2333984375 0.03515625
0 0.833984375 0.826171875 0.29296875 0.07682291666666667
2 0.8076171875 0.904296875 0.14453125 0.016927083333333332
0 0.833984375 0.904296875 0.29296875 0.07682291666666667
2 0.85205078125 0.9798177083333334 0.2333984375 0.040364583333333336
0 0.833984375 0.9720052083333334 0.29296875 0.055989583333333336
3 0.5 0.5 1 1