4 0.97119140625 0.0234375 0.0283203125 0.005208333333333333
0 0.9736328125 0.03515625 0.052734375 0.0703125
4 0.97119140625 0.03515625 0.0283203125 0.005208333333333333
4 0.97119140625 0.046875 0.0283203125 0.005208333333333333
7 0.5 0.033203125 0.0703125 0.01953125
0 0.5 0.033854166666666664 0.103515625 0.041666666666666664
4 0.0390625 0.036458333333333336 0.05859375 0.0546875
0 0.0341796875 0.036458333333333336 0.068359375 0.07291666666666667
0 1 0.10481770833333333 0 0.06901041666666667
3 1 0.34765625 0 0.1953125
4 0.5 0.13671875 1 0.125
4 0.13818359375 0.13671875 0.0751953125 0.09895833333333333
7 0.41015625 0.13411458333333334 0.455078125 0.028645833333333332
7 0.677734375 0.13411458333333334 0.08203125 0.028645833333333332
7 0.8125 0.13411458333333334 0.173828125 0.026041666666666668
4 0.5 0.517578125 1 0.63671875
2 0.23486328125 0.4466145833333333 0.3876953125 0.3411458333333333
7 0.13623046875 0.6692708333333334 0.1416015625 0.0234375
0 0.13623046875 0.6692708333333334 0.1904296875 0.0546875
7 0.33544921875 0.6692708333333334 0.1005859375 0.0234375
0 0.33544921875 0.6692708333333334 0.1494140625 0.0546875
4 0.7373046875 0.6673177083333334 0.443359375 0.3372395833333333
7 0.21240234375 0.8548177083333334 0.3427734375 0.040364583333333336
7 0.26025390625 0.8645833333333334 0.0751953125 0.020833333333333332
4 0.18359375 0.962890625 0.28515625 0.07421875
4 0.49951171875 0.962890625 0.2861328125 0.07421875
4 0.81591796875 0.962890625 0.2861328125 0.07421875
0 0.91796875 0.9772135416666666 0.1171875 0.045572916666666664
7 0.77001953125 0.978515625 0.0908203125 0.022135416666666668
0 0.7490234375 0.9772135416666666 0.16015625 0.045572916666666664
4 0.697265625 0.9772135416666666 0.044921875 0.045572916666666664