4 0.09814453125 0.052083333333333336 0.1142578125 0.052083333333333336
0 0.09814453125 0.045572916666666664 0.1142578125 0.06510416666666667
7 0.62109375 0.051432291666666664 0.0546875 0.022135416666666668
0 0.62109375 0.052083333333333336 0.09375 0.078125
0 0.70849609375 0.052083333333333336 0.0810546875 0.078125
0 0.787109375 0.052083333333333336 0.076171875 0.078125
0 0.8994140625 0.050130208333333336 0.119140625 0.048177083333333336
2 0.23046875 0.33984375 0.37890625 0.2109375
7 0.23046875 0.5533854166666666 0.37890625 0.19010416666666666
0 0.158203125 0.7115885416666666 0.234375 0.07421875
7 0.16259765625 0.7649739583333334 0.2431640625 0.032552083333333336
4 0.69384765625 0.4596354166666667 0.5302734375 0.4505208333333333