7 0.43701171875 0.032552083333333336 0.8427734375 0.057291666666666664
0 0.54150390625 0.051432291666666664 0.0869140625 0.040364583333333336
0 0.931640625 0.03515625 0.13671875 0.06770833333333333
4 0.5 0.4212239583333333 0.9375 0.4986979166666667
4 0.1474609375 0.10872395833333333 0.216796875 0.055989583333333336
0 0.2099609375 0.12044270833333333 0.341796875 0.07942708333333333
7 0.2099609375 0.14778645833333334 0.341796875 0.024739583333333332
6 0.64404296875 0.083984375 0.0419921875 0.01953125
6 0.71240234375 0.083984375 0.0517578125 0.022135416666666668
6 0.77978515625 0.083984375 0.0380859375 0.022135416666666668
6 0.83740234375 0.083984375 0.0361328125 0.022135416666666668
6 0.91455078125 0.083984375 0.0732421875 0.022135416666666668
7 0.89599609375 0.3079427083333333 0.0576171875 0.04296875
0 0.890625 0.3157552083333333 0.13671875 0.20963541666666666
7 0.90185546875 0.32421875 0.0302734375 0.0234375
4 0.4619140625 0.294921875 0.3359375 0.08984375
7 0.39111328125 0.3645833333333333 0.5107421875 0.0390625
0 0.74658203125 0.3600260416666667 0.0927734375 0.048177083333333336
0 0.45458984375 0.3645833333333333 0.6845703125 0.057291666666666664
7 0.32666015625 0.427734375 0.1025390625 0.016927083333333332
7 0.3837890625 0.4264322916666667 0.013671875 0.01953125
7 0.43701171875 0.427734375 0.0927734375 0.016927083333333332
7 0.49072265625 0.4264322916666667 0.0146484375 0.01953125
7 0.564453125 0.427734375 0.134765625 0.016927083333333332
7 0.1953125 0.474609375 0.10546875 0.01953125
7 0.1953125 0.490234375 0.109375 0.01953125
7 0.0537109375 0.685546875 0.025390625 0.016927083333333332
7 0.0810546875 0.685546875 0.03125 0.016927083333333332
6 0.06298828125 0.7063802083333334 0.0439453125 0.016927083333333332
6 0.07373046875 0.7272135416666666 0.0654296875 0.016927083333333332
6 0.07421875 0.748046875 0.06640625 0.016927083333333332
6 0.06640625 0.7688802083333334 0.05078125 0.016927083333333332
7 0.189453125 0.685546875 0.125 0.022135416666666668
6 0.18994140625 0.7063802083333334 0.1259765625 0.016927083333333332
6 0.18310546875 0.7272135416666666 0.1123046875 0.016927083333333332
6 0.166015625 0.748046875 0.078125 0.016927083333333332
7 0.30517578125 0.685546875 0.0693359375 0.022135416666666668
6 0.29736328125 0.7063802083333334 0.0537109375 0.016927083333333332
6 0.28173828125 0.7272135416666666 0.0224609375 0.016927083333333332
4 0.919921875 0.7272135416666666 0.09765625 0.13151041666666666
7 0.50048828125 0.861328125 0.1416015625 0.016927083333333332