3 0.5 0.08203125 0.7109375 0.1171875
7 0.09521484375 0.15234375 0.1591796875 0.0234375
4 0.029296875 0.19661458333333334 0.025390625 0.033854166666666664
0 0.19091796875 0.1640625 0.0009765625 0
7 0.0693359375 0.19661458333333334 0.03125 0.0390625
7 0.142578125 0.19661458333333334 0.09765625 0.06510416666666667
1 0.43359375 0.19661458333333334 0.353515625 0.033854166666666664
1 0.62939453125 0.19596354166666666 0.0146484375 0.01953125
4 0.7177734375 0.19661458333333334 0.0078125 0.020833333333333332
0 0.7177734375 0.19661458333333334 0.041015625 0.0546875
4 0.7587890625 0.19661458333333334 0.017578125 0.020833333333333332
0 0.7587890625 0.19661458333333334 0.041015625 0.0546875
4 0.79931640625 0.19661458333333334 0.0146484375 0.020833333333333332
0 0.79931640625 0.19661458333333334 0.0400390625 0.0546875
4 0.8408203125 0.19661458333333334 0.013671875 0.020833333333333332
0 0.8408203125 0.19661458333333334 0.041015625 0.0546875
4 0.8818359375 0.19661458333333334 0.015625 0.020833333333333332
0 0.8818359375 0.19661458333333334 0.041015625 0.0546875
7 0.943359375 0.19596354166666666 0.04296875 0.01953125
4 0.06640625 0.2649739583333333 0.103515625 0.032552083333333336
0 0.6337890625 0.22916666666666666 0 0
7 0.1474609375 0.2649739583333333 0.029296875 0.040364583333333336
0 0.19287109375 0.2649739583333333 0.1494140625 0.07161458333333333
7 0.21240234375 0.2649739583333333 0.0810546875 0.040364583333333336
2 0.060546875 0.3444010416666667 0.0390625 0.029947916666666668
2 0.189453125 0.3444010416666667 0.21875 0.029947916666666668
4 0.203125 0.5221354166666666 0.32421875 0.2890625
0 0.212890625 0.5221354166666666 0.34375 0.2890625
6 0.50048828125 0.521484375 0.2314453125 0.15755208333333334
7 0.50634765625 0.6048177083333334 0.0400390625 0.06380208333333333
6 0.79296875 0.40625 0.26953125 0.049479166666666664
7 0.73779296875 0.44140625 0.0693359375 0.0625
6 0.8037109375 0.4635416666666667 0.291015625 0.049479166666666664
6 0.78076171875 0.5208333333333334 0.2451171875 0.049479166666666664
7 0.81005859375 0.5559895833333334 0.0693359375 0.0625
6 0.7998046875 0.578125 0.283203125 0.049479166666666664
7 0.80615234375 0.61328125 0.0693359375 0.0625
6 0.7978515625 0.6354166666666666 0.279296875 0.049479166666666664
4 0.3388671875 0.7076822916666666 0.626953125 0.006510416666666667
2 0.34619140625 0.7682291666666666 0.6123046875 0.0390625
7 0.15673828125 0.82421875 0.2333984375 0.0546875
7 0.15380859375 0.861328125 0.2275390625 0.029947916666666668
1 0.44189453125 0.826171875 0.2060546875 0.05078125
0 0.59130859375 0.8268229166666666 0.0908203125 0.052083333333333336
7 0.0927734375 0.9140625 0.1171875 0.015625
6 0.173828125 0.9140625 0.044921875 0.015625
7 0.32666015625 0.9140625 0.2607421875 0.015625
6 0.4814453125 0.9140625 0.048828125 0.015625
4 0.19677734375 0.9967447916666666 0.3134765625 0.006510416666666667
0 0.35302734375 0.994140625 0.0009765625 0.0013020833333333333
6 0.50244140625 0.9947916666666666 0.2685546875 0.010416666666666666
3 0.82275390625 0.8515625 0.2939453125 0.296875