4 0.5 0.052083333333333336 1 0.10416666666666667
2 0.5234375 0.20247395833333334 0.16796875 0.048177083333333336
2 0.66943359375 0.20247395833333334 0.1279296875 0.048177083333333336
7 0.466796875 0.259765625 0.021484375 0.01953125
7 0.48974609375 0.259765625 0.0263671875 0.01953125
6 0.54248046875 0.259765625 0.0791015625 0.01953125
7 0.59521484375 0.259765625 0.0283203125 0.01953125
6 0.66259765625 0.259765625 0.1083984375 0.01953125
1 0.5517578125 0.3001302083333333 0.177734375 0.040364583333333336
1 0.67626953125 0.3001302083333333 0.0673828125 0.040364583333333336
7 0.4560546875 0.341796875 0.064453125 0.01953125
6 0.5087890625 0.341796875 0.044921875 0.01953125
7 0.5712890625 0.341796875 0.080078125 0.01953125
6 0.68017578125 0.341796875 0.1396484375 0.01953125
6 0.44384765625 0.3782552083333333 0.2119140625 0.022135416666666668
7 0.55419921875 0.3782552083333333 0.0048828125 0.022135416666666668
6 0.60009765625 0.3782552083333333 0.0810546875 0.022135416666666668
7 0.64501953125 0.3782552083333333 0.0048828125 0.022135416666666668
6 0.68408203125 0.3782552083333333 0.0673828125 0.022135416666666668
7 0.7236328125 0.3782552083333333 0.00390625 0.022135416666666668
6 0.76171875 0.3782552083333333 0.06640625 0.022135416666666668
7 0.80126953125 0.3782552083333333 0.0048828125 0.022135416666666668
6 0.8212890625 0.3782552083333333 0.029296875 0.022135416666666668
6 0.42578125 0.4069010416666667 0.107421875 0.022135416666666668
7 0.64013671875 0.4069010416666667 0.3232421875 0.022135416666666668
4 0.55859375 0.5149739583333334 0.09765625 0.029947916666666668
2 0.28271484375 0.5143229166666666 0.1201171875 0.026041666666666668
7 0.302734375 0.5520833333333334 0.169921875 0.020833333333333332
6 0.4697265625 0.5520833333333334 0.166015625 0.020833333333333332
7 0.55517578125 0.5520833333333334 0.0048828125 0.020833333333333332
7 0.2509765625 0.5807291666666666 0.06640625 0.020833333333333332
7 0.42724609375 0.5807291666666666 0.2880859375 0.020833333333333332
6 0.26123046875 0.609375 0.0869140625 0.020833333333333332
7 0.39990234375 0.609375 0.1923828125 0.020833333333333332
6 0.5419921875 0.609375 0.091796875 0.020833333333333332
7 0.2509765625 0.6380208333333334 0.06640625 0.020833333333333332
6 0.3125 0.6380208333333334 0.056640625 0.020833333333333332
7 0.40478515625 0.6809895833333334 0.3740234375 0.10677083333333333
6 0.43798828125 0.7239583333333334 0.0654296875 0.020833333333333332
7 0.40576171875 0.73828125 0.3759765625 0.049479166666666664
6 0.408203125 0.7669270833333334 0.380859375 0.049479166666666664
7 0.34716796875 0.78125 0.0537109375 0.020833333333333332
6 0.47900390625 0.78125 0.2099609375 0.020833333333333332
7 0.58544921875 0.78125 0.0048828125 0.020833333333333332
7 0.2783203125 0.8098958333333334 0.12109375 0.020833333333333332
7 0.40185546875 0.82421875 0.3681640625 0.049479166666666664
6 0.384765625 0.8385416666666666 0.068359375 0.020833333333333332
7 0.4501953125 0.8385416666666666 0.06640625 0.020833333333333332
6 0.5185546875 0.8385416666666666 0.072265625 0.020833333333333332
7 0.41064453125 0.8528645833333334 0.3857421875 0.049479166666666664
6 0.31298828125 0.8671875 0.1025390625 0.020833333333333332
7 0.384765625 0.8815104166666666 0.333984375 0.049479166666666664
6 0.3291015625 0.8958333333333334 0.068359375 0.020833333333333332
7 0.36376953125 0.8958333333333334 0.0048828125 0.020833333333333332
7 0.412109375 0.978515625 0.388671875 0.029947916666666668
4 0.9052734375 0.5149739583333334 0.09765625 0.029947916666666668
2 0.69970703125 0.5143229166666666 0.1064453125 0.026041666666666668
4 0.7099609375 0.6126302083333334 0.13671875 0.14973958333333334
7 0.798828125 0.5611979166666666 0.02734375 0.020833333333333332
6 0.86279296875 0.5611979166666666 0.1005859375 0.020833333333333332
7 0.78759765625 0.58984375 0.0048828125 0.020833333333333332
7 0.84814453125 0.58984375 0.1181640625 0.020833333333333332
7 0.861328125 0.6041666666666666 0.15234375 0.049479166666666664
6 0.892578125 0.6184895833333334 0.03125 0.020833333333333332
6 0.9287109375 0.6184895833333334 0.037109375 0.020833333333333332
7 0.859375 0.6471354166666666 0.1484375 0.020833333333333332
6 0.8193359375 0.67578125 0.068359375 0.020833333333333332
7 0.86767578125 0.6901041666666666 0.1650390625 0.049479166666666664
6 0.67138671875 0.7330729166666666 0.0595703125 0.020833333333333332
7 0.7197265625 0.7330729166666666 0.0390625 0.020833333333333332
6 0.78125 0.7330729166666666 0.0859375 0.020833333333333332
7 0.7861328125 0.7473958333333334 0.2890625 0.049479166666666664
6 0.7607421875 0.76171875 0.087890625 0.020833333333333332
7 0.7919921875 0.7760416666666666 0.30078125 0.049479166666666664
6 0.6611328125 0.8190104166666666 0.0390625 0.020833333333333332
7 0.68212890625 0.8190104166666666 0.0048828125 0.020833333333333332
7 0.6552734375 0.8567708333333334 0.02734375 0.020833333333333332
6 0.6923828125 0.8567708333333334 0.046875 0.020833333333333332
7 0.7841796875 0.87109375 0.28515625 0.049479166666666664
6 0.69580078125 0.8854166666666666 0.0458984375 0.020833333333333332
6 0.7490234375 0.8854166666666666 0.052734375 0.020833333333333332
7 0.8515625 0.8854166666666666 0.154296875 0.020833333333333332
6 0.6572265625 0.9140625 0.03125 0.020833333333333332
7 0.77490234375 0.9140625 0.2060546875 0.020833333333333332
6 0.896484375 0.9140625 0.037109375 0.020833333333333332
7 0.79345703125 0.9283854166666666 0.3037109375 0.049479166666666664
6 0.75634765625 0.9427083333333334 0.0556640625 0.020833333333333332
7 0.83056640625 0.9427083333333334 0.0947265625 0.020833333333333332
7 0.78662109375 0.9850260416666666 0.2900390625 0.029947916666666668
6 0.79150390625 0.9993489583333334 0.2998046875 0.0013020833333333333
2 0.08837890625 0.5078125 0.1767578125 0.984375
7 0.70556640625 0.020833333333333332 0.0849609375 0.026041666666666668
6 0.7666015625 0.024739583333333332 0.021484375 0.018229166666666668
6 0.8212890625 0.024739583333333332 0.0703125 0.018229166666666668
6 0.9033203125 0.024739583333333332 0.080078125 0.018229166666666668
6 0.96875 0.024739583333333332 0.033203125 0.018229166666666668
0 0.21044921875 0.078125 0.0751953125 0.052083333333333336
0 0.2666015625 0.078125 0.0390625 0.052083333333333336
0 0.5849609375 0.078125 0.046875 0.052083333333333336
0 0.650390625 0.078125 0.0859375 0.052083333333333336
0 0.73486328125 0.078125 0.0849609375 0.052083333333333336
1 0.884765625 0.08072916666666667 0.201171875 0.036458333333333336
1 0.9716796875 0.08072916666666667 0.0234375 0.033854166666666664
1 0.9716796875 0.08072916666666667 0.0234375 0.033854166666666664
4 0.0859375 0.10416666666666667 0.15625 0.20833333333333334
6 0.05419921875 0.251953125 0.0556640625 0.01953125
6 0.05810546875 0.2766927083333333 0.0634765625 0.01953125
6 0.0556640625 0.3014322916666667 0.05859375 0.01953125
6 0.0625 0.326171875 0.072265625 0.01953125
6 0.0673828125 0.3509114583333333 0.08203125 0.01953125
6 0.0390625 0.3756510416666667 0.025390625 0.01953125
6 0.06201171875 0.400390625 0.0712890625 0.01953125
6 0.07275390625 0.4251302083333333 0.0927734375 0.01953125
6 0.0693359375 0.4498697916666667 0.0859375 0.01953125
2 0.0908203125 0.494140625 0.12890625 0.01953125
6 0.08251953125 0.525390625 0.1123046875 0.01953125
6 0.05419921875 0.5501302083333334 0.0556640625 0.01953125
6 0.05322265625 0.5748697916666666 0.0537109375 0.01953125
6 0.05810546875 0.599609375 0.0634765625 0.01953125
6 0.0537109375 0.6243489583333334 0.0546875 0.01953125
6 0.04931640625 0.6490885416666666 0.0458984375 0.01953125
6 0.05419921875 0.673828125 0.0556640625 0.01953125
6 0.052734375 0.6985677083333334 0.052734375 0.01953125
6 0.05419921875 0.7233072916666666 0.0556640625 0.01953125
2 0.0908203125 0.767578125 0.12890625 0.01953125
6 0.060546875 0.798828125 0.068359375 0.01953125
6 0.07421875 0.8235677083333334 0.095703125 0.01953125
6 0.06982421875 0.8483072916666666 0.0869140625 0.01953125
2 0.0908203125 0.892578125 0.12890625 0.01953125
6 0.0673828125 0.923828125 0.08203125 0.01953125
6 0.07080078125 0.9485677083333334 0.0888671875 0.01953125
6 0.0546875 0.9733072916666666 0.056640625 0.01953125
6 0.06396484375 0.994140625 0.0751953125 0.01171875