4 0.0966796875 0.053385416666666664 0.154296875 0.041666666666666664
0 0.0966796875 0.053385416666666664 0.154296875 0.041666666666666664
0 0.50927734375 0.06510416666666667 0.1025390625 0.078125
0 0.62890625 0.06510416666666667 0.134765625 0.078125
0 0.751953125 0.06510416666666667 0.109375 0.078125
7 0.86572265625 0.06510416666666667 0.0771484375 0.0234375
0 0.86572265625 0.06510416666666667 0.1162109375 0.078125
4 0.09814453125 0.16927083333333334 0.0166015625 0.020833333333333332
0 0.14306640625 0.16927083333333334 0.1357421875 0.078125
7 0.15283203125 0.16927083333333334 0.0869140625 0.078125
4 0.23828125 0.16927083333333334 0.015625 0.020833333333333332
0 0.26123046875 0.16927083333333334 0.1025390625 0.078125
7 0.27099609375 0.16927083333333334 0.0419921875 0.078125
4 0.34033203125 0.16927083333333334 0.0185546875 0.020833333333333332
0 0.3798828125 0.16927083333333334 0.1171875 0.0390625
7 0.3935546875 0.16927083333333334 0.0703125 0.0234375
2 0.5 0.3450520833333333 0.9609375 0.09114583333333333
2 0.5 0.4270833333333333 0.9609375 0.046875
7 0.5 0.5221354166666666 0.9609375 0.14322916666666666
4 0.17333984375 0.7526041666666666 0.0634765625 0.08333333333333333
7 0.17333984375 0.810546875 0.0712890625 0.024739583333333332
2 0.1728515625 0.8470052083333334 0.04296875 0.032552083333333336
2 0.1728515625 0.8860677083333334 0.076171875 0.032552083333333336
7 0.17333984375 0.97265625 0.2685546875 0.0546875
4 0.50048828125 0.7526041666666666 0.0634765625 0.08333333333333333
7 0.5 0.810546875 0.076171875 0.024739583333333332
2 0.5 0.8470052083333334 0.10546875 0.032552083333333336
2 0.5 0.8860677083333334 0.076171875 0.032552083333333336
7 0.5 0.97265625 0.26953125 0.0546875
4 0.82666015625 0.7526041666666666 0.0634765625 0.08333333333333333
7 0.82666015625 0.810546875 0.1533203125 0.024739583333333332
2 0.82666015625 0.8470052083333334 0.1474609375 0.032552083333333336
2 0.8271484375 0.8860677083333334 0.076171875 0.032552083333333336
7 0.8271484375 0.97265625 0.26953125 0.0546875
7 0.029296875 0.9029947916666666 0.01171875 0.06380208333333333
0 0.029296875 0.9075520833333334 0.048828125 0.06510416666666667
7 0.970703125 0.9029947916666666 0.01171875 0.06380208333333333
0 0.970703125 0.9075520833333334 0.048828125 0.06510416666666667