2 0.0517578125 0.026041666666666668 0.07421875 0.033854166666666664
0 0.12255859375 0.026041666666666668 0.0283203125 0.026041666666666668
0 0.20703125 0.026041666666666668 0.095703125 0.026041666666666668
0 0.3046875 0.026041666666666668 0.0546875 0.026041666666666668
0 0.39306640625 0.026041666666666668 0.0771484375 0.026041666666666668
0 0.49365234375 0.026041666666666668 0.0791015625 0.026041666666666668
0 0.595703125 0.026041666666666668 0.08203125 0.026041666666666668
0 0.67529296875 0.026041666666666668 0.0322265625 0.026041666666666668
4 0.80712890625 0.024088541666666668 0.1318359375 0.016927083333333332
4 0.94384765625 0.024088541666666668 0.0830078125 0.016927083333333332
4 0.12548828125 0.162109375 0.2216796875 0.09244791666666667
0 0.12548828125 0.158203125 0.2216796875 0.09244791666666667
1 0.8837890625 0.09309895833333333 0.05078125 0.02734375
4 0.84716796875 0.09114583333333333 0.0185546875 0.0234375
0 0.9619140625 0.09244791666666667 0.048828125 0.026041666666666668
0 0.337890625 0.17122395833333334 0.146484375 0.040364583333333336
0 0.47705078125 0.17122395833333334 0.0693359375 0.040364583333333336
0 0.59716796875 0.17122395833333334 0.1083984375 0.040364583333333336
0 0.7255859375 0.17122395833333334 0.0859375 0.040364583333333336
0 0.87451171875 0.17122395833333334 0.1494140625 0.040364583333333336
4 0.02685546875 0.22981770833333334 0.0244140625 0.03515625
0 0.1953125 0.22916666666666666 0.30078125 0.0234375
7 0.8388671875 0.22916666666666666 0.0703125 0.018229166666666668
4 0.90087890625 0.22721354166666666 0.0185546875 0.024739583333333332
0 0.90087890625 0.22981770833333334 0.0224609375 0.03515625
4 0.93896484375 0.22786458333333334 0.0185546875 0.020833333333333332
0 0.9384765625 0.22981770833333334 0.0234375 0.029947916666666668
4 0.9716796875 0.22721354166666666 0.009765625 0.024739583333333332
0 0.97216796875 0.22981770833333334 0.0146484375 0.03515625
3 0.5 0.4368489583333333 0.7109375 0.11848958333333333
4 0.5 0.8385416666666666 0.546875 0.3229166666666667
0 0.5 0.8385416666666666 0.546875 0.3229166666666667
4 0.111328125 0.7630208333333334 0.193359375 0.171875
0 0.111328125 0.8307291666666666 0.193359375 0.3072916666666667
2 0.111328125 0.931640625 0.193359375 0.10546875
7 0.111328125 0.869140625 0.193359375 0.01953125
2 0.888671875 0.6861979166666666 0.193359375 0.018229166666666668
2 0.888671875 0.7220052083333334 0.193359375 0.040364583333333336
0 0.888671875 0.7220052083333334 0.193359375 0.040364583333333336
2 0.888671875 0.77734375 0.193359375 0.018229166666666668
2 0.888671875 0.8229166666666666 0.193359375 0.059895833333333336
0 0.888671875 0.8229166666666666 0.193359375 0.059895833333333336
2 0.888671875 0.8880208333333334 0.193359375 0.018229166666666668
2 0.888671875 0.93359375 0.193359375 0.059895833333333336
0 0.888671875 0.93359375 0.193359375 0.059895833333333336
2 0.888671875 0.9908854166666666 0.193359375 0.018229166666666668
0 0.888671875 0.9908854166666666 0.193359375 0.018229166666666668