4 0.06494140625 0.041666666666666664 0.0380859375 0.03125
0 0.1181640625 0.041666666666666664 0.14453125 0.03125
7 0.140625 0.041015625 0.099609375 0.024739583333333332
1 0.53515625 0.041666666666666664 0.193359375 0.046875
1 0.6767578125 0.041666666666666664 0.07421875 0.046875
0 0.775390625 0.041666666666666664 0.060546875 0.0390625
7 0.8603515625 0.041015625 0.052734375 0.024739583333333332
0 0.8876953125 0.041666666666666664 0.1328125 0.046875
7 0.9140625 0.041015625 0.0546875 0.024739583333333332
6 0.0771484375 0.11783854166666667 0.060546875 0.024739583333333332
6 0.16845703125 0.11783854166666667 0.0595703125 0.024739583333333332
6 0.2529296875 0.11783854166666667 0.046875 0.024739583333333332
6 0.341796875 0.11783854166666667 0.068359375 0.024739583333333332
6 0.455078125 0.11783854166666667 0.095703125 0.024739583333333332
6 0.580078125 0.11783854166666667 0.091796875 0.024739583333333332
6 0.68798828125 0.11783854166666667 0.0615234375 0.024739583333333332
6 0.77490234375 0.11783854166666667 0.0498046875 0.024739583333333332
6 0.869140625 0.11783854166666667 0.076171875 0.024739583333333332
2 0.34375 0.2708333333333333 0.548828125 0.057291666666666664
7 0.34375 0.375 0.548828125 0.109375
0 0.2236328125 0.4739583333333333 0.30859375 0.046875
0 0.51220703125 0.4739583333333333 0.2119140625 0.046875
2 0.16552734375 0.6484375 0.2392578125 0.052083333333333336
7 0.89306640625 0.6477864583333334 0.0576171875 0.024739583333333332
0 0.90283203125 0.6484375 0.1025390625 0.046875
4 0.931640625 0.6490885416666666 0.01953125 0.02734375
4 0.1875 0.8125 0.283203125 0.21354166666666666
0 0.1875 0.8489583333333334 0.283203125 0.2864583333333333
4 0.1875 0.8118489583333334 0.283203125 0.21223958333333334
4 0.0732421875 0.9544270833333334 0.0234375 0.03125
7 0.13427734375 0.953125 0.0927734375 0.026041666666666668
4 0.20849609375 0.953125 0.0244140625 0.03125
7 0.234375 0.953125 0.021484375 0.026041666666666668
4 0.26904296875 0.953125 0.0244140625 0.03125
7 0.29833984375 0.953125 0.0302734375 0.026041666666666668
4 0.49951171875 0.8125 0.2841796875 0.21354166666666666
0 0.49951171875 0.8489583333333334 0.2841796875 0.2864583333333333
4 0.49951171875 0.8118489583333334 0.2841796875 0.21223958333333334
4 0.38525390625 0.9544270833333334 0.0244140625 0.03125
7 0.4482421875 0.953125 0.095703125 0.026041666666666668
4 0.52099609375 0.953125 0.0244140625 0.03125
7 0.5458984375 0.953125 0.021484375 0.026041666666666668
4 0.57763671875 0.953125 0.0244140625 0.03125
7 0.60888671875 0.953125 0.0341796875 0.026041666666666668
4 0.81201171875 0.8125 0.2841796875 0.21354166666666666
0 0.81201171875 0.8489583333333334 0.2841796875 0.2864583333333333
4 0.81201171875 0.8118489583333334 0.2841796875 0.21223958333333334
4 0.69775390625 0.9544270833333334 0.0244140625 0.03125
7 0.7548828125 0.953125 0.083984375 0.026041666666666668
4 0.82763671875 0.953125 0.0244140625 0.03125
7 0.8525390625 0.953125 0.021484375 0.026041666666666668
4 0.89013671875 0.953125 0.0244140625 0.03125
7 0.92138671875 0.953125 0.0341796875 0.026041666666666668