7 0.427734375 0.9407552083333334 0.80078125 0.05859375
0 0.4892578125 0.958984375 0.107421875 0.040364583333333336
0 0.90380859375 0.9440104166666666 0.1376953125 0.052083333333333336
6 0.91748046875 0.041015625 0.1279296875 0.022135416666666668
7 0.5 0.154296875 1 0.03515625
3 0.5 0.5078125 0.64453125 0.6510416666666666
6 0.04833984375 0.8509114583333334 0.0556640625 0.01953125
7 0.09326171875 0.849609375 0.0146484375 0.032552083333333336
6 0.12548828125 0.8509114583333334 0.0517578125 0.01953125
7 0.16748046875 0.849609375 0.0146484375 0.032552083333333336
7 0.19091796875 0.8509114583333334 0.0341796875 0.01953125
6 0.224609375 0.8509114583333334 0.037109375 0.01953125
7 0.2841796875 0.8509114583333334 0.08203125 0.01953125
7 0.34130859375 0.849609375 0.0146484375 0.032552083333333336
6 0.39306640625 0.8509114583333334 0.0908203125 0.01953125
7 0.45556640625 0.849609375 0.0146484375 0.032552083333333336
7 0.5078125 0.8509114583333334 0.091796875 0.01953125
7 0.56982421875 0.849609375 0.0146484375 0.032552083333333336
6 0.60693359375 0.8509114583333334 0.0615234375 0.01953125
6 0.8642578125 0.8509114583333334 0.087890625 0.01953125
7 0.91455078125 0.849609375 0.0146484375 0.032552083333333336
6 0.95068359375 0.8509114583333334 0.0400390625 0.01953125
3 0.49169921875 0.9466145833333334 0.7119140625 0.10677083333333333