4 0.0927734375 0.032552083333333336 0.13671875 0.044270833333333336
0 0.0927734375 0.032552083333333336 0.13671875 0.044270833333333336
6 0.345703125 0.032552083333333336 0.052734375 0.0234375
6 0.42041015625 0.032552083333333336 0.0712890625 0.0234375
6 0.5107421875 0.032552083333333336 0.083984375 0.0234375
6 0.62255859375 0.032552083333333336 0.1142578125 0.0234375
6 0.74169921875 0.032552083333333336 0.0986328125 0.0234375
6 0.8310546875 0.032552083333333336 0.0546875 0.0234375
0 0.9208984375 0.032552083333333336 0.099609375 0.049479166666666664
4 0.5 0.2643229166666667 1 0.5286458333333334
7 0.5 0.17903645833333334 0.90234375 0.3580729166666667
4 0.24267578125 0.5436197916666666 0.0439453125 0.05859375
6 0.26220703125 0.6048177083333334 0.0869140625 0.029947916666666668
7 0.26220703125 0.6608072916666666 0.2294921875 0.05859375
4 0.48046875 0.5436197916666666 0.044921875 0.05859375
6 0.5 0.6048177083333334 0.052734375 0.029947916666666668
7 0.5 0.6751302083333334 0.201171875 0.08463541666666667
4 0.71826171875 0.5436197916666666 0.0439453125 0.05859375
6 0.73779296875 0.6048177083333334 0.1630859375 0.029947916666666668
7 0.73779296875 0.6608072916666666 0.2294921875 0.05859375
2 0.33203125 0.8600260416666666 0.576171875 0.06380208333333333
4 0.33203125 0.900390625 0.615234375 0.19921875
2 0.822265625 0.8912760416666666 0.26953125 0.12630208333333334
4 0.822265625 0.9010416666666666 0.30859375 0.19791666666666666
4 0.07275390625 0.9127604166666666 0.1455078125 0.15625
7 0.0556640625 0.8645833333333334 0.087890625 0.026041666666666668
7 0.39892578125 0.8658854166666666 0.5087890625 0.0234375
6 0.68896484375 0.8658854166666666 0.0673828125 0.0234375
7 0.5126953125 0.8776041666666666 0.736328125 0.046875
7 0.4833984375 0.9192708333333334 0.677734375 0.0234375
6 0.52001953125 0.9720052083333334 0.0712890625 0.02734375
1 0.60009765625 0.9752604166666666 0.0712890625 0.049479166666666664