4 0.10546875 0.053385416666666664 0.12890625 0.0546875
0 0.10546875 0.052083333333333336 0.12890625 0.052083333333333336
0 0.552734375 0.052083333333333336 0.09765625 0.10416666666666667
0 0.63525390625 0.052083333333333336 0.0673828125 0.10416666666666667
0 0.72216796875 0.052083333333333336 0.1064453125 0.10416666666666667
0 0.853515625 0.052083333333333336 0.087890625 0.10416666666666667
0 0.92822265625 0.052083333333333336 0.0615234375 0.10416666666666667
2 0.5 0.2682291666666667 0.91796875 0.25
2 0.5 0.4615885416666667 0.91796875 0.05859375
7 0.3935546875 0.5963541666666666 0.115234375 0.028645833333333332
0 0.3935546875 0.5963541666666666 0.208984375 0.0625
7 0.6083984375 0.5963541666666666 0.107421875 0.028645833333333332
0 0.6083984375 0.5963541666666666 0.205078125 0.06770833333333333
7 0.4453125 0.6803385416666666 0.49609375 0.024739583333333332
6 0.60888671875 0.6920572916666666 0.3876953125 0.048177083333333336
7 0.513671875 0.7037760416666666 0.142578125 0.024739583333333332
2 0.5 0.9088541666666666 0.43359375 0.125