0 0.08642578125 0.021484375 0.1201171875 0.04296875
0 0.18798828125 0.021484375 0.0849609375 0.04296875
7 0.4951171875 0.024739583333333332 0.1484375 0.015625
0 0.72607421875 0.021484375 0.0556640625 0.04296875
0 0.79248046875 0.021484375 0.0712890625 0.04296875
0 0.86181640625 0.021484375 0.0634765625 0.04296875
0 0.9345703125 0.021484375 0.078125 0.032552083333333336
4 0.04248046875 0.103515625 0.0439453125 0.05859375
6 0.09228515625 0.10091145833333333 0.0439453125 0.045572916666666664
6 0.05615234375 0.14388020833333334 0.0595703125 0.016927083333333332
6 0.12109375 0.14388020833333334 0.046875 0.016927083333333332
0 0.48681640625 0.11328125 0.4111328125 0.078125
3 0.91455078125 0.11328125 0.1181640625 0.078125
3 0.080078125 0.20572916666666666 0.107421875 0.049479166666666664
7 0.16650390625 0.20638020833333334 0.0322265625 0.01953125
0 0.16650390625 0.20572916666666666 0.0478515625 0.049479166666666664
7 0.22119140625 0.20638020833333334 0.0419921875 0.01953125
0 0.22119140625 0.20572916666666666 0.0576171875 0.049479166666666664
7 0.28759765625 0.20638020833333334 0.0556640625 0.01953125
0 0.28759765625 0.20572916666666666 0.0712890625 0.049479166666666664
7 0.35693359375 0.20638020833333334 0.0478515625 0.01953125
0 0.35693359375 0.20572916666666666 0.0634765625 0.049479166666666664
7 0.41943359375 0.20638020833333334 0.0419921875 0.01953125
0 0.41943359375 0.20572916666666666 0.0576171875 0.049479166666666664
4 0.48681640625 0.20572916666666666 0.0732421875 0.049479166666666664
7 0.564453125 0.20638020833333334 0.0625 0.01953125
0 0.564453125 0.20572916666666666 0.078125 0.049479166666666664
7 0.64599609375 0.20638020833333334 0.0654296875 0.01953125
0 0.64599609375 0.20572916666666666 0.0810546875 0.049479166666666664
7 0.71484375 0.20638020833333334 0.037109375 0.01953125
0 0.71484375 0.20572916666666666 0.052734375 0.049479166666666664
7 0.7763671875 0.20638020833333334 0.05078125 0.01953125
0 0.7763671875 0.20572916666666666 0.06640625 0.049479166666666664
7 0.83447265625 0.20638020833333334 0.0302734375 0.01953125
0 0.83447265625 0.20572916666666666 0.0458984375 0.049479166666666664
3 0.931640625 0.20703125 0.083984375 0.052083333333333336
7 0.5 0.24609375 0.947265625 0.026041666666666668
3 0.5 0.30859375 0.947265625 0.033854166666666664
2 0.1298828125 0.4798177083333333 0.20703125 0.17317708333333334
7 0.1298828125 0.576171875 0.20703125 0.014322916666666666
7 0.1298828125 0.638671875 0.20703125 0.09505208333333333
6 0.0732421875 0.7037760416666666 0.072265625 0.01953125
6 0.130859375 0.7421875 0.185546875 0.0390625
6 0.12060546875 0.7805989583333334 0.1650390625 0.01953125
6 0.1337890625 0.8203125 0.19140625 0.0390625
0 0.1298828125 0.9192708333333334 0.20703125 0.015625
2 0.1298828125 0.9661458333333334 0.20703125 0.06770833333333333
4 0.45751953125 0.5514322916666666 0.3837890625 0.31640625
0 0.45751953125 0.5540364583333334 0.3837890625 0.3216145833333333
7 0.45751953125 0.724609375 0.3837890625 0.014322916666666666
7 0.45751953125 0.763671875 0.3837890625 0.055989583333333336
2 0.45751953125 0.8548177083333334 0.3837890625 0.08723958333333333
7 0.45751953125 0.908203125 0.3837890625 0.014322916666666666
7 0.45751953125 0.9615885416666666 0.3837890625 0.07682291666666667
7 0.72119140625 0.427734375 0.0791015625 0.01953125
7 0.85546875 0.4264322916666667 0.189453125 0.022135416666666668
7 0.8447265625 0.49609375 0.201171875 0.0390625
6 0.84716796875 0.515625 0.2060546875 0.0390625
7 0.7109375 0.4869791666666667 0.05859375 0.020833333333333332
7 0.814453125 0.5787760416666666 0.140625 0.01953125
6 0.84423828125 0.5885416666666666 0.2001953125 0.0390625
7 0.84765625 0.6373697916666666 0.20703125 0.05859375
7 0.7109375 0.5794270833333334 0.05859375 0.020833333333333332
7 0.84375 0.7200520833333334 0.19921875 0.0390625
6 0.84423828125 0.7591145833333334 0.2001953125 0.0390625
7 0.84375 0.7786458333333334 0.19921875 0.0390625
7 0.7109375 0.7109375 0.05859375 0.020833333333333332
7 0.84765625 0.861328125 0.20703125 0.05859375
6 0.8515625 0.890625 0.21484375 0.0390625
7 0.84326171875 0.9296875 0.1982421875 0.078125
7 0.7109375 0.8424479166666666 0.05859375 0.020833333333333332
7 0.72607421875 0.818359375 0.0595703125 0.01953125
0 0.72607421875 0.818359375 0.0830078125 0.04296875
7 0.8251953125 0.818359375 0.080078125 0.01953125
0 0.8251953125 0.818359375 0.103515625 0.04296875
6 0.841796875 0.8880208333333334 0.251953125 0.020833333333333332
7 0.76025390625 0.9108072916666666 0.0888671875 0.016927083333333332
0 0.759765625 0.9108072916666666 0.087890625 0.016927083333333332
6 0.8173828125 0.9635416666666666 0.203125 0.020833333333333332
7 0.76025390625 0.986328125 0.0888671875 0.016927083333333332
0 0.759765625 0.986328125 0.087890625 0.016927083333333332