4 0.029296875 0.0390625 0.01953125 0.026041666666666668
0 0.029296875 0.0390625 0.01953125 0.026041666666666668
4 0.06640625 0.0390625 0.01953125 0.026041666666666668
0 0.06640625 0.0390625 0.01953125 0.026041666666666668
4 0.099609375 0.0390625 0.01171875 0.026041666666666668
0 0.099609375 0.0390625 0.01171875 0.026041666666666668
4 0.13427734375 0.039713541666666664 0.0224609375 0.024739583333333332
0 0.13427734375 0.039713541666666664 0.0224609375 0.024739583333333332
4 0.17578125 0.040364583333333336 0.025390625 0.0234375
0 0.17578125 0.040364583333333336 0.025390625 0.0234375
4 0.24658203125 0.040364583333333336 0.0302734375 0.013020833333333334
0 0.24560546875 0.040364583333333336 0.0419921875 0.020833333333333332
4 0.5 0.08723958333333333 0.19921875 0.11458333333333333
1 0.84326171875 0.0546875 0.1943359375 0.052083333333333336
4 0.9609375 0.052083333333333336 0.01953125 0.026041666666666668
7 0.8642578125 0.10677083333333333 0.052734375 0.028645833333333332
7 0.904296875 0.10546875 0.017578125 0.028645833333333332
7 0.94921875 0.10677083333333333 0.0625 0.028645833333333332
7 0.1767578125 0.203125 0.09375 0.020833333333333332
0 0.1767578125 0.203125 0.09375 0.020833333333333332
7 0.28857421875 0.203125 0.0419921875 0.020833333333333332
0 0.28857421875 0.203125 0.0419921875 0.020833333333333332
7 0.375 0.203125 0.04296875 0.020833333333333332
0 0.375 0.203125 0.04296875 0.020833333333333332
7 0.46533203125 0.203125 0.0498046875 0.020833333333333332
0 0.46533203125 0.203125 0.0498046875 0.020833333333333332
7 0.580078125 0.203125 0.091796875 0.020833333333333332
0 0.580078125 0.203125 0.091796875 0.020833333333333332
7 0.71142578125 0.203125 0.0830078125 0.020833333333333332
0 0.71142578125 0.203125 0.0830078125 0.020833333333333332
7 0.83349609375 0.203125 0.0732421875 0.020833333333333332
0 0.83349609375 0.203125 0.0732421875 0.020833333333333332
2 0.46875 0.2630208333333333 0.255859375 0.018229166666666668
0 0.5 0.2552083333333333 1 0.057291666666666664
2 0.62744140625 0.2571614583333333 0.0478515625 0.03515625
4 0.9609375 0.5618489583333334 0.02734375 0.05078125
4 0.0390625 0.5618489583333334 0.02734375 0.05078125
4 0 0.572265625 0 0.56640625
4 0.5 0.572265625 1 0.56640625
0 0 0.2890625 0 0
4 0.224609375 0.5716145833333334 0.29296875 0.5677083333333334
2 0.2216796875 0.5091145833333334 0.287109375 0.03125
2 0.20654296875 0.5559895833333334 0.2587890625 0.0625
2 0.20166015625 0.6028645833333334 0.2470703125 0.09375
0 0.14404296875 0.7122395833333334 0.1318359375 0.052083333333333336
4 1 0.572265625 0 0.56640625
4 0.1865234375 0.802734375 0.1953125 0.10546875
7 0.1865234375 0.8040364583333334 0.1640625 0.061197916666666664
4 0.3955078125 0.802734375 0.1953125 0.10546875
7 0.3583984375 0.8040364583333334 0.08984375 0.061197916666666664
4 0.6044921875 0.802734375 0.1953125 0.10546875
7 0.6044921875 0.8040364583333334 0.1640625 0.061197916666666664
4 0.8134765625 0.802734375 0.1953125 0.10546875
7 0.8134765625 0.8040364583333334 0.1640625 0.061197916666666664
4 0.5 0.9479166666666666 1 0.10416666666666667
2 0.76953125 0.9817708333333334 0.3046875 0.036458333333333336