4 0.1015625 0.056640625 0.109375 0.037760416666666664
0 0.1015625 0.056640625 0.109375 0.037760416666666664
7 0.3203125 0.057291666666666664 0.041015625 0.036458333333333336
0 0.3203125 0.057291666666666664 0.087890625 0.11458333333333333
7 0.40625 0.057291666666666664 0.0390625 0.036458333333333336
0 0.40625 0.057291666666666664 0.0859375 0.11458333333333333
7 0.5107421875 0.057291666666666664 0.078125 0.036458333333333336
0 0.5107421875 0.057291666666666664 0.125 0.11458333333333333
7 0.63671875 0.057291666666666664 0.08203125 0.036458333333333336
0 0.63671875 0.057291666666666664 0.12890625 0.11458333333333333
0 0.88720703125 0.056640625 0.1318359375 0.061197916666666664
7 0.90380859375 0.5950520833333334 0.0986328125 0.026041666666666668
7 0.91015625 0.6744791666666666 0.060546875 0.026041666666666668
7 0.91015625 0.7044270833333334 0.060546875 0.026041666666666668
7 0.91064453125 0.7734375 0.0595703125 0.026041666666666668
7 0.91064453125 0.8033854166666666 0.0595703125 0.026041666666666668
7 0.89990234375 0.8723958333333334 0.0810546875 0.026041666666666668
7 0.89990234375 0.90234375 0.0810546875 0.026041666666666668
7 0.10205078125 0.8723958333333334 0.0791015625 0.026041666666666668
7 0.10205078125 0.90234375 0.0791015625 0.026041666666666668
7 0.2119140625 0.8723958333333334 0.078125 0.026041666666666668
7 0.2119140625 0.90234375 0.078125 0.026041666666666668
7 0.3212890625 0.8723958333333334 0.078125 0.026041666666666668
7 0.3212890625 0.90234375 0.078125 0.026041666666666668
4 0.5 0.599609375 0.720703125 0.80078125
4 0.5 0.3678385416666667 1 0.5377604166666666
4 0.8935546875 0.552734375 0.212890625 0.3059895833333333
4 0.56494140625 0.6204427083333334 0.0908203125 0.12109375
4 0.15478515625 0.6842447916666666 0.0908203125 0.12890625
4 0.81005859375 0.7317708333333334 0.1201171875 0.10416666666666667
4 0.39501953125 0.8587239583333334 0.0908203125 0.19921875
4 0.64501953125 0.9694010416666666 0.1103515625 0.061197916666666664
2 0.5 0.3951822916666667 0.453125 0.23567708333333334
4 0.5 0.5 1 1