4 0.88671875 0.029947916666666668 0.021484375 0.0234375
0 0.91015625 0.029947916666666668 0.09765625 0.059895833333333336
7 0.92041015625 0.029947916666666668 0.0478515625 0.0234375
0 0.07568359375 0.03125 0.0693359375 0.0625
0 0.13916015625 0.03125 0.0595703125 0.0625
0 0.19970703125 0.03125 0.0634765625 0.0625
0 0.25732421875 0.03125 0.0537109375 0.0625
0 0.3251953125 0.03125 0.083984375 0.0625
0 0.74462890625 0.13151041666666666 0.1572265625 0.0234375
7 0.74462890625 0.17447916666666666 0.1572265625 0.0234375
0 0.74462890625 0.22135416666666666 0.1572265625 0.1171875
7 0.74462890625 0.23307291666666666 0.1572265625 0.09375
7 0.74462890625 0.3046875 0.1572265625 0.0234375
0 0.74462890625 0.328125 0.1572265625 0.0703125
7 0.74462890625 0.33984375 0.1572265625 0.046875
7 0.74462890625 0.3880208333333333 0.1572265625 0.0234375
0 0.74462890625 0.4114583333333333 0.1572265625 0.0703125
7 0.74462890625 0.4231770833333333 0.1572265625 0.046875
4 0.5 0.19661458333333334 0.125 0.16666666666666666
0 0.5 0.23177083333333334 0.30859375 0.23697916666666666
4 0.5 0.3268229166666667 0.140625 0.046875
7 0.5 0.3841145833333333 0.279296875 0.052083333333333336
4 0.220703125 0.8404947916666666 0.025390625 0.029947916666666668
0 0.29638671875 0.68359375 0.2685546875 0.390625
7 0.28515625 0.8404947916666666 0.0859375 0.022135416666666668
6 0.35595703125 0.8404947916666666 0.0576171875 0.022135416666666668
4 0.2958984375 0.64453125 0.267578125 0.3125
4 0.5400390625 0.83984375 0.025390625 0.033854166666666664
0 0.6337890625 0.68359375 0.408203125 0.390625
7 0.60498046875 0.8404947916666666 0.0869140625 0.022135416666666668
6 0.67138671875 0.8404947916666666 0.0498046875 0.022135416666666668
7 0.70166015625 0.8404947916666666 0.0126953125 0.022135416666666668
6 0.72412109375 0.8404947916666666 0.0322265625 0.022135416666666668
4 0.63330078125 0.64453125 0.2978515625 0.3125
0 0.3603515625 0.986328125 0.302734375 0.02734375
0 0.65087890625 0.986328125 0.2802734375 0.02734375