4 0.5 0.3216145833333333 1 0.4557291666666667
4 0.11572265625 0.046875 0.2001953125 0.046875
0 0.11572265625 0.046875 0.2001953125 0.046875
7 0.59912109375 0.046875 0.0263671875 0.018229166666666668
0 0.60791015625 0.046875 0.0439453125 0.052083333333333336
4 0.62109375 0.046875 0.017578125 0.0234375
0 0.6875 0.046875 0.080078125 0.052083333333333336
6 0.78125 0.046875 0.076171875 0.026041666666666668
6 0.86376953125 0.046875 0.0576171875 0.026041666666666668
0 0.9462890625 0.046875 0.076171875 0.041666666666666664
2 0.5 0.26953125 0.921875 0.0703125
4 0.2734375 0.3697916666666667 0.029296875 0.0390625
1 0.5 0.3697916666666667 0.498046875 0.078125
2 0.15185546875 0.6145833333333334 0.2451171875 0.0390625
2 0.5146484375 0.6575520833333334 0.970703125 0.033854166666666664
4 0.22705078125 0.7291666666666666 0.0283203125 0.036458333333333336
6 0.14306640625 0.8255208333333334 0.1826171875 0.0546875
0 0.14013671875 0.8502604166666666 0.2216796875 0.2994791666666667
7 0.22509765625 0.890625 0.0419921875 0.028645833333333332
4 0.14013671875 0.798828125 0.2216796875 0.19661458333333334
4 0.14013671875 0.798828125 0.2216796875 0.19661458333333334
2 0.14013671875 0.919921875 0.2216796875 0.022135416666666668
2 0.14013671875 0.9661458333333334 0.2216796875 0.06770833333333333
4 0.46728515625 0.7291666666666666 0.0283203125 0.036458333333333336
4 0.38037109375 0.798828125 0.2216796875 0.19661458333333334
0 0.38037109375 0.8502604166666666 0.2216796875 0.2994791666666667
4 0.38037109375 0.798828125 0.2216796875 0.19661458333333334
2 0.38037109375 0.919921875 0.2216796875 0.022135416666666668
2 0.38037109375 0.9563802083333334 0.2216796875 0.048177083333333336
4 0.70751953125 0.7291666666666666 0.0283203125 0.036458333333333336
4 0.62060546875 0.798828125 0.2216796875 0.19661458333333334
0 0.62060546875 0.8502604166666666 0.2216796875 0.2994791666666667
4 0.62060546875 0.798828125 0.2216796875 0.19661458333333334
2 0.62060546875 0.919921875 0.2216796875 0.022135416666666668
2 0.62060546875 0.9563802083333334 0.2216796875 0.048177083333333336
4 0.94775390625 0.7291666666666666 0.0283203125 0.036458333333333336
4 0.86083984375 0.798828125 0.2216796875 0.19661458333333334
0 0.86083984375 0.8502604166666666 0.2216796875 0.2994791666666667
4 0.86083984375 0.798828125 0.2216796875 0.19661458333333334
2 0.86083984375 0.919921875 0.2216796875 0.022135416666666668
2 0.86083984375 0.9661458333333334 0.2216796875 0.06770833333333333
4 0.9951171875 0.798828125 0.009765625 0.19661458333333334
0 0.9951171875 0.8502604166666666 0.009765625 0.2994791666666667
4 0.9951171875 0.798828125 0.009765625 0.19661458333333334
2 0.9951171875 0.919921875 0.009765625 0.022135416666666668
2 0.9951171875 0.9563802083333334 0.009765625 0.048177083333333336
4 0.97998046875 0.8014322916666666 0.0400390625 0.053385416666666664
0 0.97998046875 0.8033854166666666 0.0400390625 0.057291666666666664
4 0.9423828125 0.7604166666666666 0.0234375 0.03125
2 0.421875 0.8229166666666666 0.72265625 0.044270833333333336
7 0.421875 0.896484375 0.72265625 0.08984375
0 0.8662109375 0.9205729166666666 0.166015625 0.041666666666666664