3 0.5 0.951171875 1 0.09765625
4 0.03125 0.041666666666666664 0.05078125 0.08072916666666667
4 0.5 0.04296875 0.205078125 0.08333333333333333
0 0.5 0.042317708333333336 0.205078125 0.08463541666666667
0 0.958984375 0.041015625 0.05859375 0.03515625
4 0.2578125 0.2858072916666667 0.484375 0.36328125
0 0.2578125 0.2858072916666667 0.484375 0.36328125
2 0.7421875 0.203125 0.453125 0.15625
0 0.7421875 0.22591145833333334 0.453125 0.20182291666666666
7 0.61083984375 0.3138020833333333 0.1923828125 0.0390625
2 0.560546875 0.3561197916666667 0.08984375 0.016927083333333332
0 0.560546875 0.3561197916666667 0.08984375 0.016927083333333332
2 0.1787109375 0.564453125 0.279296875 0.07421875
0 0.1796875 0.5651041666666666 0.28125 0.07291666666666667
7 0.10546875 0.6236979166666666 0.134765625 0.033854166666666664
2 0.0859375 0.6555989583333334 0.09375 0.016927083333333332
0 0.0859375 0.6555989583333334 0.09375 0.016927083333333332
4 0.4072265625 0.59375 0.126953125 0.16927083333333334
0 0.4072265625 0.59375 0.126953125 0.16927083333333334
2 0.65576171875 0.564453125 0.2529296875 0.07421875
0 0.669921875 0.5651041666666666 0.28125 0.07291666666666667
7 0.58837890625 0.6236979166666666 0.1201171875 0.033854166666666664
2 0.58642578125 0.6555989583333334 0.1142578125 0.016927083333333332
0 0.58642578125 0.6555989583333334 0.1142578125 0.016927083333333332
4 0.8974609375 0.59375 0.126953125 0.16927083333333334
0 0.8974609375 0.59375 0.126953125 0.16927083333333334
2 0.15625 0.791015625 0.234375 0.07421875
0 0.1796875 0.7916666666666666 0.28125 0.07291666666666667
7 0.07080078125 0.8502604166666666 0.0654296875 0.028645833333333332
2 0.08544921875 0.8821614583333334 0.0927734375 0.016927083333333332
0 0.08544921875 0.8821614583333334 0.0927734375 0.016927083333333332
4 0.4072265625 0.8203125 0.126953125 0.16927083333333334
0 0.4072265625 0.8203125 0.126953125 0.16927083333333334
2 0.65478515625 0.791015625 0.2509765625 0.07421875
0 0.669921875 0.7916666666666666 0.28125 0.07291666666666667
7 0.5615234375 0.8502604166666666 0.06640625 0.028645833333333332
2 0.56884765625 0.8821614583333334 0.0791015625 0.016927083333333332
0 0.56884765625 0.8821614583333334 0.0791015625 0.016927083333333332
4 0.8974609375 0.8203125 0.126953125 0.16927083333333334
0 0.8974609375 0.8203125 0.126953125 0.16927083333333334
2 0.177734375 0.990234375 0.27734375 0.01953125
0 0.1796875 0.9908854166666666 0.28125 0.018229166666666668
4 0.4072265625 0.9811197916666666 0.126953125 0.037760416666666664
0 0.4072265625 0.9811197916666666 0.126953125 0.037760416666666664
2 0.65185546875 0.98828125 0.2451171875 0.0234375
0 0.669921875 0.9889322916666666 0.28125 0.022135416666666668
4 0.8974609375 0.9811197916666666 0.126953125 0.037760416666666664
0 0.8974609375 0.9811197916666666 0.126953125 0.037760416666666664