0 0.0654296875 0.049479166666666664 0.125 0.0546875
1 0.16064453125 0.025390625 0.0126953125 0.016927083333333332
5 0.22216796875 0.025390625 0.1044921875 0.01953125
1 0.2900390625 0.025390625 0.013671875 0.016927083333333332
5 0.31982421875 0.025390625 0.0419921875 0.01953125
0 0.68994140625 0.025390625 0.0185546875 0.024739583333333332
1 0.42431640625 0.06901041666666667 0.5498046875 0.041666666666666664
0 0.61376953125 0.068359375 0.0263671875 0.01953125
1 0.66796875 0.06901041666666667 0.0625 0.041666666666666664
1 0.16064453125 0.111328125 0.0126953125 0.016927083333333332
5 0.2080078125 0.111328125 0.076171875 0.01953125
1 0.26171875 0.111328125 0.013671875 0.016927083333333332
5 0.30029296875 0.111328125 0.0595703125 0.01953125
1 0.3466796875 0.111328125 0.013671875 0.016927083333333332
5 0.3837890625 0.111328125 0.056640625 0.01953125
1 0.4267578125 0.111328125 0.013671875 0.016927083333333332
5 0.44775390625 0.111328125 0.0244140625 0.01953125
0 0.8076171875 0.054036458333333336 0.17578125 0.08203125
0 0.947265625 0.054036458333333336 0.09765625 0.08203125
7 0.78271484375 0.11393229166666667 0.1259765625 0.01953125
0 0.85888671875 0.11263020833333333 0.0166015625 0.022135416666666668
0 0.88134765625 0.11263020833333333 0.0166015625 0.022135416666666668
0 0.90478515625 0.11263020833333333 0.0166015625 0.022135416666666668
0 0.92822265625 0.11263020833333333 0.0166015625 0.022135416666666668
3 0.8662109375 0.18424479166666666 0.08984375 0.02734375
0 0.9912109375 0.21158854166666666 0.015625 0.022135416666666668
2 0.109375 0.2662760416666667 0.212890625 0.016927083333333332
2 0.23291015625 0.2662760416666667 0.0361328125 0.016927083333333332
2 0.25341796875 0.2662760416666667 0.0068359375 0.016927083333333332
2 0.2763671875 0.2662760416666667 0.0390625 0.016927083333333332
2 0.29833984375 0.2662760416666667 0.0068359375 0.016927083333333332
2 0.32177734375 0.2662760416666667 0.0400390625 0.016927083333333332
2 0.34326171875 0.2662760416666667 0.0068359375 0.016927083333333332
2 0.3642578125 0.2662760416666667 0.03515625 0.016927083333333332
2 0.38330078125 0.2662760416666667 0.0068359375 0.016927083333333332
2 0.400390625 0.2662760416666667 0.029296875 0.016927083333333332
2 0.41845703125 0.2662760416666667 0.0068359375 0.016927083333333332
2 0.44140625 0.2662760416666667 0.041015625 0.016927083333333332
2 0.46337890625 0.2662760416666667 0.0068359375 0.016927083333333332
2 0.49365234375 0.2662760416666667 0.0556640625 0.016927083333333332
2 0.525390625 0.2662760416666667 0.0078125 0.016927083333333332
2 0.54150390625 0.2662760416666667 0.0283203125 0.016927083333333332
2 0.5595703125 0.2662760416666667 0.0078125 0.016927083333333332
2 0.58740234375 0.2662760416666667 0.0517578125 0.016927083333333332
2 0.6171875 0.2662760416666667 0.0078125 0.016927083333333332
2 0.63427734375 0.2662760416666667 0.0302734375 0.016927083333333332
2 0.6513671875 0.2662760416666667 0.005859375 0.016927083333333332
2 0.669921875 0.2662760416666667 0.03125 0.016927083333333332
2 0.6884765625 0.2662760416666667 0.0078125 0.016927083333333332
2 0.70556640625 0.2662760416666667 0.0302734375 0.016927083333333332
2 0.72314453125 0.2662760416666667 0.0068359375 0.016927083333333332
2 0.7431640625 0.2662760416666667 0.03515625 0.016927083333333332
2 0.7646484375 0.2662760416666667 0.0078125 0.016927083333333332
2 0.78662109375 0.2662760416666667 0.0400390625 0.016927083333333332
2 0.80908203125 0.2662760416666667 0.0068359375 0.016927083333333332
2 0.83740234375 0.2662760416666667 0.0517578125 0.016927083333333332
2 0.86572265625 0.2662760416666667 0.0068359375 0.016927083333333332
2 0.88720703125 0.2662760416666667 0.0380859375 0.016927083333333332
2 0.90869140625 0.2662760416666667 0.0068359375 0.016927083333333332
2 0.92578125 0.2662760416666667 0.02734375 0.016927083333333332
2 0.951171875 0.2662760416666667 0.025390625 0.016927083333333332
2 0.0244140625 0.302734375 0.04296875 0.016927083333333332
2 0.0791015625 0.302734375 0.06640625 0.016927083333333332
2 0.13623046875 0.302734375 0.0517578125 0.016927083333333332
2 0.16552734375 0.302734375 0.0068359375 0.016927083333333332
2 0.23583984375 0.302734375 0.1376953125 0.016927083333333332
2 0.30712890625 0.302734375 0.0068359375 0.016927083333333332
2 0.32568359375 0.302734375 0.0322265625 0.016927083333333332
2 0.345703125 0.302734375 0.0078125 0.016927083333333332
2 0.3798828125 0.302734375 0.064453125 0.016927083333333332
2 0.42041015625 0.302734375 0.0166015625 0.016927083333333332
2 0.49365234375 0.302734375 0.1337890625 0.016927083333333332
2 0.63916015625 0.302734375 0.1572265625 0.016927083333333332
7 0.09326171875 0.3580729166666667 0.1513671875 0.020833333333333332
6 0.20849609375 0.3580729166666667 0.0791015625 0.020833333333333332
6 0.25927734375 0.3567708333333333 0.0087890625 0.026041666666666668
7 0.0400390625 0.4427083333333333 0.015625 0.033854166666666664
7 0.11669921875 0.443359375 0.1123046875 0.048177083333333336
6 0.18701171875 0.4427083333333333 0.0087890625 0.026041666666666668
2 0.0751953125 0.5358072916666666 0.087890625 0.022135416666666668
6 0.166015625 0.53515625 0.0078125 0.026041666666666668
6 0.18505859375 0.53515625 0.0107421875 0.026041666666666668
7 0.11279296875 0.5846354166666666 0.1650390625 0.026041666666666668
6 0.072265625 0.6158854166666666 0.083984375 0.020833333333333332
6 0.07373046875 0.6484375 0.0869140625 0.020833333333333332
6 0.095703125 0.6809895833333334 0.130859375 0.020833333333333332
6 0.08935546875 0.7135416666666666 0.1181640625 0.020833333333333332
6 0.09912109375 0.74609375 0.1376953125 0.020833333333333332
6 0.072265625 0.7786458333333334 0.083984375 0.020833333333333332
6 0.0625 0.8111979166666666 0.064453125 0.020833333333333332
6 0.08154296875 0.84375 0.1025390625 0.020833333333333332
6 0.09326171875 0.8763020833333334 0.1259765625 0.020833333333333332
6 0.0712890625 0.9088541666666666 0.08203125 0.020833333333333332
6 0.0908203125 0.94140625 0.12109375 0.020833333333333332
7 0.11474609375 0.984375 0.1611328125 0.026041666666666668
2 0.33251953125 0.443359375 0.2021484375 0.024739583333333332
6 0.552734375 0.4401041666666667 0.0078125 0.026041666666666668
6 0.57177734375 0.4401041666666667 0.0107421875 0.026041666666666668
7 0.40625 0.5553385416666666 0.3515625 0.14973958333333334
3 0.408203125 0.7845052083333334 0.3515625 0.18359375
2 0.29150390625 0.9420572916666666 0.1201171875 0.024739583333333332
4 0.51220703125 0.939453125 0.0166015625 0.022135416666666668
4 0.53173828125 0.939453125 0.0166015625 0.022135416666666668
4 0.552734375 0.9401041666666666 0.013671875 0.018229166666666668
0 0.552734375 0.9388020833333334 0.01953125 0.033854166666666664
6 0.57275390625 0.9388020833333334 0.0087890625 0.026041666666666668
2 0.265625 0.9908854166666666 0.0703125 0.018229166666666668
2 0.31396484375 0.990234375 0.0126953125 0.01953125
2 0.71240234375 0.443359375 0.1884765625 0.024739583333333332
4 0.95703125 0.44140625 0.013671875 0.018229166666666668
0 0.95703125 0.4401041666666667 0.01953125 0.033854166666666664
6 0.70654296875 0.4934895833333333 0.1494140625 0.020833333333333332
6 0.65185546875 0.5182291666666666 0.0400390625 0.020833333333333332
6 0.68115234375 0.54296875 0.0986328125 0.020833333333333332
6 0.72607421875 0.5677083333333334 0.1884765625 0.020833333333333332
6 0.6650390625 0.5924479166666666 0.06640625 0.020833333333333332
6 0.6904296875 0.6171875 0.1171875 0.020833333333333332
3 0.76416015625 0.7272135416666666 0.2939453125 0.19661458333333334
2 0.7109375 0.6985677083333334 0.185546875 0.024739583333333332
4 0.95703125 0.6966145833333334 0.013671875 0.018229166666666668
0 0.95703125 0.6953125 0.01953125 0.033854166666666664
4 0.79345703125 0.859375 0.3525390625 0.24739583333333334
2 0.79345703125 0.994140625 0.3525390625 0.01171875
0 0.79345703125 0.9765625 0.3525390625 0.020833333333333332