7 0.36083984375 0.026692708333333332 0.1904296875 0.024739583333333332
6 0.55029296875 0.026692708333333332 0.1904296875 0.024739583333333332
7 0.689453125 0.026692708333333332 0.08984375 0.024739583333333332
4 0.08154296875 0.1015625 0.1240234375 0.0546875
0 0.08154296875 0.1015625 0.1240234375 0.09375
0 0.197265625 0.10416666666666667 0.078125 0.03125
0 0.2880859375 0.10416666666666667 0.07421875 0.03125
0 0.384765625 0.10416666666666667 0.08984375 0.03125
0 0.47265625 0.10416666666666667 0.056640625 0.015625
0 0.5517578125 0.10416666666666667 0.072265625 0.03125
0 0.62744140625 0.10416666666666667 0.0498046875 0.015625
0 0.70263671875 0.10416666666666667 0.0712890625 0.03125
0 0.76953125 0.10416666666666667 0.033203125 0.015625
0 0.85546875 0.1015625 0.078125 0.03125
0 0.94140625 0.1015625 0.078125 0.028645833333333332
4 0.5 0.5240885416666666 1 0.7486979166666666
4 0.5 0.5240885416666666 1 0.7486979166666666
2 0.3046875 0.38671875 0.380859375 0.10416666666666667
7 0.31005859375 0.4856770833333333 0.3896484375 0.03125
0 0.4267578125 0.5690104166666666 0.1953125 0.0625
7 0.40478515625 0.6354166666666666 0.1181640625 0.026041666666666668
0 0.48681640625 0.634765625 0.0419921875 0.029947916666666668
0 0.2119140625 0.5690104166666666 0.1953125 0.0625
7 0.2119140625 0.6341145833333334 0.1953125 0.026041666666666668
4 0.5 0.5859375 1 0.625
4 0.25537109375 0.9837239583333334 0.0380859375 0.032552083333333336
0 0.2548828125 0.9837239583333334 0.490234375 0.032552083333333336