4 0.1435546875 0.060546875 0.205078125 0.048177083333333336
0 0.1435546875 0.060546875 0.205078125 0.048177083333333336
6 0.310546875 0.078125 0.08984375 0.028645833333333332
7 0.44873046875 0.07682291666666667 0.3662109375 0.033854166666666664
6 0.4990234375 0.059895833333333336 0.126953125 0.033854166666666664
6 0.642578125 0.059895833333333336 0.10546875 0.033854166666666664
6 0.74560546875 0.059895833333333336 0.0458984375 0.033854166666666664
6 0.82275390625 0.059895833333333336 0.0537109375 0.033854166666666664
0 0.91796875 0.059895833333333336 0.08203125 0.046875
4 0.5 0.9186197916666666 1 0.16276041666666666
2 0.3154296875 0.3391927083333333 0.6015625 0.22265625
7 0.3154296875 0.533203125 0.6015625 0.11328125
4 0.8076171875 0.4596354166666667 0.35546875 0.6770833333333334
4 0.5 0.8697916666666666 0.56640625 0.2604166666666667
0 0.5 0.8697916666666666 0.56640625 0.2604166666666667