4 0.10302734375 0.06901041666666667 0.1865234375 0.13802083333333334
0 0.1123046875 0.07356770833333333 0.185546875 0.14713541666666666
4 0.8603515625 0.07356770833333333 0.015625 0.022135416666666668
4 0.8916015625 0.07356770833333333 0.015625 0.022135416666666668
4 0.921875 0.07356770833333333 0.015625 0.022135416666666668
0 0.28173828125 0.07356770833333333 0.0517578125 0.11848958333333333
0 0.3349609375 0.07356770833333333 0.0546875 0.11848958333333333
0 0.439453125 0.07356770833333333 0.154296875 0.11848958333333333
0 0.5693359375 0.07356770833333333 0.10546875 0.11848958333333333
0 0.6728515625 0.07356770833333333 0.1015625 0.11848958333333333
7 0.75927734375 0.07356770833333333 0.0478515625 0.02734375
0 0.7685546875 0.07356770833333333 0.08984375 0.11848958333333333
4 0.79443359375 0.07356770833333333 0.0146484375 0.014322916666666666
4 0.1923828125 0.3138020833333333 0.333984375 0.3333333333333333
0 0.1923828125 0.3138020833333333 0.333984375 0.3333333333333333
7 0.06591796875 0.51171875 0.0498046875 0.0234375
2 0.1875 0.6165364583333334 0.29296875 0.17838541666666666
7 0.1923828125 0.7552083333333334 0.302734375 0.09114583333333333
7 0.05126953125 0.8274739583333334 0.0205078125 0.024739583333333332
7 0.11669921875 0.8274739583333334 0.0810546875 0.024739583333333332
4 0.5244140625 0.3196614583333333 0.30078125 0.30078125
0 0.5244140625 0.3196614583333333 0.30078125 0.30078125
7 0.72216796875 0.18033854166666666 0.0654296875 0.022135416666666668
2 0.81103515625 0.2421875 0.2431640625 0.08854166666666667
7 0.82421875 0.3548177083333333 0.26953125 0.12369791666666667
7 0.69970703125 0.4440104166666667 0.0205078125 0.0234375
7 0.76708984375 0.4440104166666667 0.0849609375 0.0234375
7 0.40673828125 0.5234375 0.0654296875 0.0234375
2 0.5048828125 0.5533854166666666 0.26171875 0.026041666666666668
7 0.3837890625 0.5911458333333334 0.01953125 0.0234375
7 0.45654296875 0.5911458333333334 0.0986328125 0.0234375
7 0.3955078125 0.65625 0.04296875 0.0234375
2 0.501953125 0.697265625 0.255859375 0.048177083333333336
7 0.3837890625 0.7473958333333334 0.01953125 0.0234375
7 0.43896484375 0.7473958333333334 0.0634765625 0.0234375
7 0.3876953125 0.8125 0.02734375 0.0234375
2 0.51513671875 0.8645833333333334 0.2822265625 0.0703125
7 0.3837890625 0.9244791666666666 0.01953125 0.0234375
7 0.44140625 0.9244791666666666 0.068359375 0.0234375
7 0.4970703125 0.9889322916666666 0.24609375 0.022135416666666668
7 0.71044921875 0.5234375 0.0419921875 0.0234375
2 0.81591796875 0.564453125 0.2529296875 0.048177083333333336
7 0.69873046875 0.61328125 0.0185546875 0.0234375
7 0.76220703125 0.61328125 0.0791015625 0.0234375
7 0.72216796875 0.6783854166666666 0.0654296875 0.0234375
2 0.81884765625 0.7194010416666666 0.2587890625 0.048177083333333336
7 0.69873046875 0.76953125 0.0185546875 0.0234375
7 0.77197265625 0.76953125 0.0986328125 0.0234375
7 0.708984375 0.8346354166666666 0.0390625 0.0234375
2 0.8251953125 0.8756510416666666 0.271484375 0.048177083333333336
7 0.69873046875 0.9244791666666666 0.0185546875 0.0234375
7 0.767578125 0.9244791666666666 0.08984375 0.0234375
7 0.69775390625 0.9889322916666666 0.0166015625 0.022135416666666668