7 0.4013671875 0.017578125 0.171875 0.01953125
4 0.4970703125 0.018880208333333332 0.0078125 0.006510416666666667
7 0.5 0.10872395833333333 1 0.21744791666666666
4 0.171875 0.09765625 0.28125 0.1171875
0 0.16796875 0.07942708333333333 0.2734375 0.15885416666666666
7 0.87646484375 0.07486979166666667 0.0537109375 0.02734375
0 0.89892578125 0.07552083333333333 0.0986328125 0.046875
4 0.93017578125 0.07552083333333333 0.0361328125 0.046875
7 0.79150390625 0.125 0.0830078125 0.026041666666666668
0 0.79833984375 0.125 0.0966796875 0.026041666666666668
4 0.84228515625 0.12565104166666666 0.0087890625 0.006510416666666667
7 0.8916015625 0.125 0.05078125 0.026041666666666668
0 0.90234375 0.125 0.091796875 0.026041666666666668
4 0.93603515625 0.12760416666666666 0.0244140625 0.03125
0 0.0634765625 0.18619791666666666 0.04296875 0.059895833333333336
0 0.1474609375 0.18619791666666666 0.06640625 0.059895833333333336
0 0.26123046875 0.18619791666666666 0.1025390625 0.059895833333333336
0 0.3759765625 0.18619791666666666 0.068359375 0.059895833333333336
0 0.474609375 0.18619791666666666 0.0703125 0.059895833333333336
0 0.5595703125 0.18619791666666666 0.041015625 0.059895833333333336
0 0.63232421875 0.18619791666666666 0.0458984375 0.059895833333333336
0 0.7099609375 0.18619791666666666 0.05078125 0.059895833333333336
0 0.78173828125 0.18619791666666666 0.0341796875 0.059895833333333336
0 0.85302734375 0.18619791666666666 0.0498046875 0.059895833333333336
0 0.9375 0.18619791666666666 0.060546875 0.059895833333333336
0 0.99853515625 0.18619791666666666 0.0029296875 0.059895833333333336
4 0.9599609375 0.18684895833333334 0.009765625 0.01953125
4 0.34375 0.587890625 0.60546875 0.5377604166666666
0 0.34375 0.587890625 0.60546875 0.5377604166666666
7 0.1123046875 0.8450520833333334 0.103515625 0.049479166666666664
2 0.13427734375 0.8971354166666666 0.1474609375 0.036458333333333336
0 0.34375 0.939453125 0.56640625 0.12109375
6 0.3369140625 0.9153645833333334 0.552734375 0.07291666666666667
2 0.34375 0.9798177083333334 0.56640625 0.040364583333333336
4 0.73779296875 0.3828125 0.1435546875 0.12760416666666666
0 0.73779296875 0.3828125 0.1435546875 0.12760416666666666
7 0.69677734375 0.4329427083333333 0.0615234375 0.02734375
2 0.88525390625 0.4069010416666667 0.1318359375 0.17578125
0 0.8876953125 0.3704427083333333 0.13671875 0.11067708333333333
6 0.88671875 0.380859375 0.134765625 0.08723958333333333
7 0.6904296875 0.4733072916666667 0.029296875 0.022135416666666668
4 0.7099609375 0.470703125 0.005859375 0.01171875
0 0.6904296875 0.4700520833333333 0.029296875 0.020833333333333332
4 0.74462890625 0.4700520833333333 0.0126953125 0.013020833333333334
0 0.755859375 0.4700520833333333 0 0.0234375
4 0.73779296875 0.5846354166666666 0.1435546875 0.12760416666666666
0 0.73779296875 0.5846354166666666 0.1435546875 0.12760416666666666
7 0.6875 0.634765625 0.04296875 0.02734375
7 0.78857421875 0.6204427083333334 0.0341796875 0.045572916666666664
2 0.85888671875 0.6087239583333334 0.0791015625 0.17578125
0 0.8876953125 0.572265625 0.13671875 0.11067708333333333
6 0.88671875 0.5716145833333334 0.134765625 0.109375
7 0.68896484375 0.6751302083333334 0.0263671875 0.022135416666666668
4 0.70703125 0.6725260416666666 0.005859375 0.01171875
0 0.68896484375 0.671875 0.0263671875 0.020833333333333332
4 0.74169921875 0.671875 0.0126953125 0.013020833333333334
0 0.7529296875 0.671875 0 0.0234375
4 0.73779296875 0.7864583333333334 0.1435546875 0.12760416666666666
0 0.73779296875 0.7864583333333334 0.1435546875 0.12760416666666666
2 0.85888671875 0.810546875 0.0791015625 0.17578125
0 0.8876953125 0.7740885416666666 0.13671875 0.11067708333333333
6 0.884765625 0.7734375 0.130859375 0.109375
7 0.68896484375 0.876953125 0.0263671875 0.022135416666666668
4 0.70703125 0.8743489583333334 0.005859375 0.01171875
0 0.68896484375 0.8736979166666666 0.0263671875 0.020833333333333332
4 0.74169921875 0.8736979166666666 0.0126953125 0.013020833333333334
0 0.7529296875 0.8736979166666666 0 0.0234375
4 0.73779296875 0.9622395833333334 0.1435546875 0.07552083333333333
0 0.73779296875 0.9622395833333334 0.1435546875 0.07552083333333333
2 0.8818359375 0.9622395833333334 0.125 0.07552083333333333
0 0.8876953125 0.9602864583333334 0.13671875 0.07942708333333333
6 0.8857421875 0.9713541666666666 0.1328125 0.057291666666666664