4 0.5 0.9635416666666666 1 0.07291666666666667
0 0.5 0.9609375 1 0.078125
4 0.9775390625 0.9609375 0.015625 0.020833333333333332
7 0.4169921875 0.9609375 0.265625 0.036458333333333336
0 0.63720703125 0.9609375 0.1572265625 0.052083333333333336
3 0.5 0.08463541666666667 0.947265625 0.1171875
4 0.09814453125 0.20833333333333334 0.1337890625 0.07291666666666667
0 0.34912109375 0.20833333333333334 0.6357421875 0.07291666666666667
4 0.6884765625 0.20833333333333334 0.015625 0.020833333333333332
0 0.6884765625 0.20833333333333334 0.03515625 0.046875
4 0.7275390625 0.20833333333333334 0.015625 0.020833333333333332
0 0.7275390625 0.20833333333333334 0.03515625 0.046875
4 0.7666015625 0.20833333333333334 0.015625 0.020833333333333332
0 0.7666015625 0.20833333333333334 0.03515625 0.046875
4 0.8056640625 0.20833333333333334 0.015625 0.020833333333333332
0 0.8056640625 0.20833333333333334 0.03515625 0.046875
4 0.8447265625 0.20833333333333334 0.015625 0.020833333333333332
0 0.8447265625 0.20833333333333334 0.03515625 0.046875
4 0.9140625 0.20833333333333334 0.0234375 0.03125
4 0.95703125 0.20833333333333334 0.0234375 0.03125
0 0.95703125 0.20833333333333334 0.0234375 0.03125
7 0.03955078125 0.8704427083333334 0.0791015625 0.016927083333333332
0 0.04345703125 0.8704427083333334 0.0869140625 0.016927083333333332
7 0.1416015625 0.8704427083333334 0.109375 0.016927083333333332
0 0.1416015625 0.8704427083333334 0.109375 0.016927083333333332
7 0.22802734375 0.947265625 0.4560546875 0.10546875
0 0.22802734375 0.947265625 0.4560546875 0.10546875
4 0.56787109375 0.9309895833333334 0.1142578125 0.13802083333333334
0 0.56787109375 0.9309895833333334 0.1142578125 0.13802083333333334
7 0.66748046875 0.876953125 0.0400390625 0.016927083333333332
0 0.67138671875 0.8743489583333334 0.0478515625 0.022135416666666668
7 0.75830078125 0.876953125 0.1279296875 0.016927083333333332
0 0.75830078125 0.8743489583333334 0.1279296875 0.022135416666666668
2 0.80029296875 0.94921875 0.3056640625 0.1015625
0 0.80810546875 0.94921875 0.3212890625 0.1015625
0 1 0.13541666666666666 0 0.0703125
0 1 0.5572916666666666 0 0.0703125