0 0.146484375 0.046875 0.21484375 0.0390625
4 0.5 0.041666666666666664 0.125 0.0546875
0 0.5 0.041666666666666664 0.125 0.08333333333333333
0 0.18603515625 0.11588541666666667 0.1357421875 0.026041666666666668
0 0.37353515625 0.11588541666666667 0.1845703125 0.026041666666666668
0 0.5478515625 0.11588541666666667 0.109375 0.026041666666666668
0 0.68701171875 0.11588541666666667 0.1142578125 0.026041666666666668
4 0.78173828125 0.11588541666666667 0.0205078125 0.028645833333333332
0 0.82666015625 0.11588541666666667 0.1103515625 0.028645833333333332
7 0.83984375 0.11588541666666667 0.083984375 0.026041666666666668
4 0.36376953125 0.46484375 0.7275390625 0.546875
7 0.36376953125 0.7493489583333334 0.7275390625 0.01953125
0 0.36376953125 0.794921875 0.0458984375 0.048177083333333336
2 0.36376953125 0.8776041666666666 0.6630859375 0.1171875
7 0.36376953125 0.9654947916666666 0.7275390625 0.03515625
4 0.36376953125 0.99609375 0.0322265625 0.0078125
0 0.36376953125 0.99609375 0.0322265625 0.0078125
4 0.88134765625 0.2799479166666667 0.2373046875 0.17708333333333334
2 0.87939453125 0.455078125 0.2333984375 0.10026041666666667
7 0.88134765625 0.5611979166666666 0.2373046875 0.09114583333333333
4 0.88134765625 0.7337239583333334 0.2373046875 0.17838541666666666
2 0.87451171875 0.892578125 0.2236328125 0.06640625
7 0.88134765625 0.9680989583333334 0.2373046875 0.06380208333333333