2 0.0859375 0.057291666666666664 0.15234375 0.08854166666666667
7 0.248046875 0.12760416666666666 0.4765625 0.020833333333333332
6 0.0322265625 0.18033854166666666 0.03515625 0.01953125
6 0.04052734375 0.21549479166666666 0.0517578125 0.01953125
6 0.0771484375 0.2506510416666667 0.125 0.01953125
6 0.0498046875 0.2858072916666667 0.0703125 0.01953125
6 0.0634765625 0.3255208333333333 0.09765625 0.020833333333333332
7 0.1220703125 0.3203125 0.021484375 0.013020833333333334
6 0.04736328125 0.3606770833333333 0.0654296875 0.020833333333333332
6 0.0537109375 0.3958333333333333 0.078125 0.020833333333333332
6 0.0380859375 0.4309895833333333 0.046875 0.020833333333333332
6 0.05029296875 0.4661458333333333 0.0712890625 0.020833333333333332
3 0.0859375 0.7532552083333334 0.15625 0.4934895833333333
3 0.58447265625 0.22005208333333334 0.7119140625 0.1171875
3 0.833984375 0.48046875 0.29296875 0.3255208333333333
2 0.58154296875 0.330078125 0.8173828125 0.029947916666666668
7 0.4150390625 0.39453125 0.484375 0.059895833333333336
7 0.4228515625 0.423828125 0.5 0.040364583333333336
7 0.27392578125 0.43359375 0.0283203125 0.020833333333333332
7 0.3291015625 0.43359375 0.08203125 0.020833333333333332
7 0.3701171875 0.43359375 0.00390625 0.020833333333333332
7 0.357421875 0.4778645833333333 0.181640625 0.020833333333333332
1 0.35888671875 0.5013020833333334 0.1845703125 0.028645833333333332
1 0.5068359375 0.5013020833333334 0.10546875 0.028645833333333332
7 0.33203125 0.5442708333333334 0.130859375 0.020833333333333332
7 0.32763671875 0.5696614583333334 0.1220703125 0.016927083333333332
1 0.43798828125 0.5677083333333334 0.0927734375 0.028645833333333332
7 0.36474609375 0.591796875 0.1962890625 0.016927083333333332
2 0.58154296875 0.6438802083333334 0.8173828125 0.029947916666666668
7 0.58154296875 0.6888020833333334 0.8173828125 0.020833333333333332
7 0.41748046875 0.7643229166666666 0.4404296875 0.09895833333333333
7 0.2216796875 0.8385416666666666 0.09765625 0.020833333333333332
6 0.28662109375 0.875 0.1787109375 0.020833333333333332
7 0.3974609375 0.9212239583333334 0.44921875 0.040364583333333336
2 0.58154296875 0.9759114583333334 0.8173828125 0.029947916666666668
7 0.96923828125 0.8841145833333334 0.0224609375 0.028645833333333332
3 0.5 0.9283854166666666 0.7109375 0.1171875