2 0.29150390625 0.064453125 0.4052734375 0.07682291666666667
2 0.3330078125 0.12239583333333333 0.48828125 0.0390625
6 0.13232421875 0.19270833333333334 0.0830078125 0.033854166666666664
6 0.2431640625 0.19270833333333334 0.06640625 0.033854166666666664
6 0.37548828125 0.19270833333333334 0.1259765625 0.033854166666666664
6 0.5390625 0.19270833333333334 0.12890625 0.033854166666666664
6 0.7998046875 0.193359375 0.041015625 0.024739583333333332
6 0.8720703125 0.193359375 0.0546875 0.024739583333333332
6 0.171875 0.4296875 0.126953125 0.0234375
2 0.1875 0.4700520833333333 0.158203125 0.036458333333333336
6 0.1748046875 0.5052083333333334 0.1328125 0.03125
4 0.32177734375 0.43359375 0.4658203125 0.3776041666666667
2 0.7646484375 0.2565104166666667 0.29296875 0.0234375
2 0.8076171875 0.3216145833333333 0.193359375 0.078125
4 0.65966796875 0.3229166666666667 0.0830078125 0.08333333333333333
2 0.79150390625 0.4361979166666667 0.1611328125 0.10677083333333333
4 0.65966796875 0.423828125 0.0830078125 0.08463541666666667
2 0.80419921875 0.5325520833333334 0.1865234375 0.052083333333333336
4 0.65966796875 0.5475260416666666 0.0830078125 0.08463541666666667
4 0.0849609375 0.4583333333333333 0.02734375 0.036458333333333336
4 0.5556640625 0.4583333333333333 0.02734375 0.036458333333333336
0 0.11474609375 0.7115885416666666 0.0517578125 0.024739583333333332
2 0.31982421875 0.7858072916666666 0.4619140625 0.08203125
0 0.14990234375 0.8606770833333334 0.1220703125 0.026041666666666668
7 0.1630859375 0.9010416666666666 0.1484375 0.015625
0 0.279296875 0.9010416666666666 0.078125 0.015625
0 0.36474609375 0.9010416666666666 0.0869140625 0.015625
4 0.32421875 0.990234375 0.470703125 0.01953125
0 0.32421875 0.990234375 0.470703125 0.01953125
4 0.7646484375 0.7063802083333334 0.29296875 0.08984375
2 0.7646484375 0.80078125 0.26171875 0.026041666666666668
4 0.7646484375 0.87890625 0.26171875 0.08072916666666667
6 0.734375 0.9375 0.107421875 0.0234375
7 0.7822265625 0.9498697916666666 0.134765625 0.048177083333333336
4 0.7646484375 1 0.26171875 0
7 0.05712890625 0.9420572916666666 0.0283203125 0.022135416666666668
6 0.11865234375 0.9420572916666666 0.0947265625 0.022135416666666668
7 0.541015625 0.9524739583333334 0.751953125 0.04296875
6 0.517578125 0.962890625 0.0859375 0.022135416666666668
7 0.56201171875 0.962890625 0.0048828125 0.022135416666666668