2 0.2724609375 0.022135416666666668 0.1953125 0.020833333333333332
0 0 0 0 0
2 0.2724609375 0.044921875 0.1953125 0.024739583333333332
2 0.57373046875 0.022135416666666668 0.3583984375 0.03125
2 0.2724609375 0.09765625 0.1953125 0.020833333333333332
0 0 0.07552083333333333 0 0
2 0.2724609375 0.12044270833333333 0.1953125 0.024739583333333332
2 0.57373046875 0.09765625 0.3583984375 0.03125
2 0.2724609375 0.17317708333333334 0.1953125 0.020833333333333332
0 0 0.15104166666666666 0 0
2 0.2724609375 0.19596354166666666 0.1953125 0.024739583333333332
2 0.57373046875 0.17317708333333334 0.3583984375 0.03125
2 0.2724609375 0.24869791666666666 0.1953125 0.020833333333333332
0 0 0.2265625 0 0
2 0.2724609375 0.271484375 0.1953125 0.024739583333333332
2 0.57373046875 0.24869791666666666 0.3583984375 0.03125
6 0.05810546875 0.3359375 0.0322265625 0.026041666666666668
7 0.07763671875 0.3359375 0.0029296875 0.026041666666666668
6 0.12841796875 0.3359375 0.0888671875 0.026041666666666668
7 0.17919921875 0.3359375 0.0029296875 0.026041666666666668
6 0.21435546875 0.3359375 0.0576171875 0.026041666666666668
7 0.24658203125 0.3359375 0.0029296875 0.026041666666666668
7 0.27734375 0.3359375 0.048828125 0.026041666666666668
7 0.30517578125 0.3359375 0.0029296875 0.026041666666666668
6 0.34228515625 0.3359375 0.0615234375 0.026041666666666668
7 0.37646484375 0.3359375 0.0029296875 0.026041666666666668
6 0.40283203125 0.3359375 0.0400390625 0.026041666666666668
7 0.42626953125 0.3359375 0.0029296875 0.026041666666666668
7 0.4814453125 0.3359375 0.0703125 0.026041666666666668
7 0.52001953125 0.3359375 0.0029296875 0.026041666666666668
4 0.54345703125 0.3483072916666667 0.0361328125 0.037760416666666664
0 0.5234375 0.3359375 0 0.026041666666666668
7 0.60791015625 0.337890625 0.0732421875 0.048177083333333336
4 0.072265625 0.46875 0.087890625 0.1171875
0 0.51513671875 0.4108072916666667 0.0009765625 0.0013020833333333333
7 0.32275390625 0.458984375 0.3857421875 0.032552083333333336
0 0.51513671875 0.4303385416666667 0.0009765625 0.0013020833333333333
7 0.31103515625 0.4967447916666667 0.3623046875 0.037760416666666664
1 0.82666015625 0.46875 0.1787109375 0.0390625
4 0.93603515625 0.46875 0.0263671875 0.028645833333333332
2 0.07080078125 0.6256510416666666 0.1123046875 0.07942708333333333
0 0.06982421875 0.6328125 0.1123046875 0.09895833333333333
2 0.193359375 0.6256510416666666 0.11328125 0.07942708333333333
0 0.1923828125 0.6328125 0.11328125 0.09895833333333333
2 0.31640625 0.6256510416666666 0.11328125 0.07942708333333333
0 0.3154296875 0.6328125 0.11328125 0.09895833333333333
2 0.439453125 0.6256510416666666 0.11328125 0.07942708333333333
0 0.4384765625 0.6328125 0.11328125 0.09895833333333333
2 0.5625 0.6256510416666666 0.11328125 0.07942708333333333
0 0.5615234375 0.6328125 0.11328125 0.09895833333333333
2 0.68505859375 0.6256510416666666 0.1123046875 0.07942708333333333
0 0.68408203125 0.6328125 0.1123046875 0.09895833333333333
4 0.3076171875 0.833984375 0.376953125 0.22265625
0 0.71240234375 0.7102864583333334 0.0009765625 0.0013020833333333333
4 0.693359375 0.833984375 0.376953125 0.22265625
0 0.90576171875 0.7102864583333334 0.0009765625 0.0013020833333333333
0 0.90576171875 0.7102864583333334 0.0009765625 0.0013020833333333333
0 0.90576171875 0.7102864583333334 0.0009765625 0.0013020833333333333
0 0.90576171875 0.7102864583333334 0.0009765625 0.0013020833333333333
0 0.90576171875 0.7102864583333334 0.0009765625 0.0013020833333333333
0 0.90576171875 0.7102864583333334 0.0009765625 0.0013020833333333333
0 0.90576171875 0.7102864583333334 0.0009765625 0.0013020833333333333