7 0.32861328125 0.020833333333333332 0.6259765625 0.015625
0 0.5 0.03125 1 0.0625
6 0.66796875 0.020833333333333332 0.0546875 0.015625
7 0.73974609375 0.020833333333333332 0.0908203125 0.015625
7 0.8388671875 0.020833333333333332 0.109375 0.015625
7 0.673828125 0.03125 0.62109375 0.036458333333333336
7 0.0771484375 0.08854166666666667 0.107421875 0.018229166666666668
7 0.22265625 0.08854166666666667 0.17578125 0.018229166666666668
4 0.115234375 0.15364583333333334 0.18359375 0.052083333333333336
7 0.65380859375 0.15364583333333334 0.0322265625 0.026041666666666668
0 0.64013671875 0.15364583333333334 0.0830078125 0.052083333333333336
7 0.748046875 0.15364583333333334 0.04296875 0.026041666666666668
0 0.734375 0.15364583333333334 0.09375 0.052083333333333336
7 0.84423828125 0.15364583333333334 0.0361328125 0.026041666666666668
0 0.83056640625 0.15364583333333334 0.0869140625 0.052083333333333336
7 0.93603515625 0.15364583333333334 0.0810546875 0.0546875
0 0.93603515625 0.15364583333333334 0.0810546875 0.0546875
7 0.0625 0.23567708333333334 0.048828125 0.026041666666666668
0 0.13671875 0.234375 0.2265625 0.0625
7 0.3251953125 0.23567708333333334 0.08984375 0.026041666666666668
0 0.37890625 0.234375 0.2265625 0.0625
7 0.56689453125 0.23567708333333334 0.0888671875 0.026041666666666668
0 0.62109375 0.234375 0.2265625 0.0625
7 0.81640625 0.23567708333333334 0.103515625 0.026041666666666668
0 0.86328125 0.234375 0.2265625 0.0625
7 0.087890625 0.3190104166666667 0.099609375 0.026041666666666668
0 0.13671875 0.3177083333333333 0.2265625 0.0625
7 0.30419921875 0.3190104166666667 0.0478515625 0.026041666666666668
0 0.37890625 0.3177083333333333 0.2265625 0.0625
7 0.55029296875 0.3190104166666667 0.0556640625 0.026041666666666668
0 0.62109375 0.3177083333333333 0.2265625 0.0625
7 0.78369140625 0.3190104166666667 0.0380859375 0.026041666666666668
0 0.86328125 0.3177083333333333 0.2265625 0.0625
4 0.69091796875 0.6881510416666666 0.5712890625 0.5065104166666666
7 0.25537109375 0.5481770833333334 0.3056640625 0.10416666666666667
1 0.5 0.6705729166666666 0.771484375 0.078125