2 0.5 0.328125 0.2265625 0.06510416666666667
2 0.5009765625 0.3873697916666667 0.169921875 0.022135416666666668
2 0.5 0.416015625 0.1875 0.022135416666666668
7 0.4990234375 0.4967447916666667 0.291015625 0.04296875
0 0.4990234375 0.4967447916666667 0.29296875 0.05859375
7 0.4990234375 0.5709635416666666 0.29296875 0.04296875
0 0.4990234375 0.5709635416666666 0.29296875 0.05859375
7 0.51416015625 0.6393229166666666 0.1669921875 0.0234375
0 0.49609375 0.640625 0.298828125 0.036458333333333336
4 0.5 0.470703125 1 0.94140625
0 0.03857421875 0.908203125 0.0478515625 0.032552083333333336
0 0.09619140625 0.908203125 0.0556640625 0.032552083333333336
0 0.1494140625 0.908203125 0.0390625 0.032552083333333336
7 0.2041015625 0.908203125 0.05859375 0.032552083333333336
7 0.72900390625 0.9075520833333334 0.0654296875 0.020833333333333332
0 0.82421875 0.908203125 0.255859375 0.032552083333333336
6 0.8564453125 0.9075520833333334 0.19140625 0.020833333333333332
7 0.5 0.970703125 1 0.05859375
2 0.5 0.6575520833333334 0.5859375 0.109375
7 0.5 0.7890625 0.5859375 0.11458333333333333
2 0.380859375 0.18359375 0.48828125 0.0546875
7 0.380859375 0.2877604166666667 0.48828125 0.11458333333333333
2 0.7587890625 0.4036458333333333 0.361328125 0.109375
7 0.7587890625 0.5638020833333334 0.361328125 0.171875
2 0.5 0.6692708333333334 0.5859375 0.109375
7 0.5 0.7721354166666666 0.5859375 0.057291666666666664
4 0.5 0.5 1 1
7 0.84130859375 0.9661458333333334 0.0654296875 0.020833333333333332
6 0.9140625 0.9661458333333334 0.08203125 0.020833333333333332
2 0.03125 0.036458333333333336 0.01953125 0.044270833333333336
0 0.029296875 0.033203125 0.05859375 0.06640625
1 0.29296875 0.03515625 0.46875 0.044270833333333336