4 0.091796875 0.028645833333333332 0.15234375 0.057291666666666664
0 0.201171875 0.028645833333333332 0.064453125 0.057291666666666664
0 0.26953125 0.028645833333333332 0.0703125 0.057291666666666664
0 0.349609375 0.028645833333333332 0.087890625 0.057291666666666664
0 0.453125 0.028645833333333332 0.1171875 0.057291666666666664
0 0.54150390625 0.028645833333333332 0.0576171875 0.057291666666666664
0 0.60546875 0.028645833333333332 0.068359375 0.057291666666666664
0 0.6728515625 0.028645833333333332 0.0625 0.057291666666666664
0 0.767578125 0.02734375 0.03125 0.041666666666666664
0 0.798828125 0.02734375 0.03125 0.041666666666666664
0 0.8515625 0.028645833333333332 0.072265625 0.057291666666666664
0 0.93359375 0.028645833333333332 0.08984375 0.057291666666666664
4 0.9580078125 0.08528645833333333 0.046875 0.032552083333333336
0 0.8095703125 0.08723958333333333 0.123046875 0.0390625
1 0.48583984375 0.08723958333333333 0.4423828125 0.036458333333333336
1 0.72412109375 0.08723958333333333 0.0341796875 0.036458333333333336
2 0.5029296875 0.138671875 0.935546875 0.024739583333333332
7 0.3974609375 0.18229166666666666 0.724609375 0.018229166666666668
7 0.4833984375 0.19401041666666666 0.896484375 0.041666666666666664
7 0.71923828125 0.20572916666666666 0.4052734375 0.018229166666666668
6 0.06787109375 0.22916666666666666 0.0654296875 0.018229166666666668
7 0.1015625 0.22916666666666666 0.00390625 0.018229166666666668
0 0.07421875 0.2786458333333333 0.078125 0.036458333333333336
0 0.17041015625 0.2786458333333333 0.0888671875 0.036458333333333336
4 0.01953125 0.087890625 0.02734375 0.05859375
3 0.5029296875 0.40625 0.7109375 0.1171875
2 0.06103515625 0.5266927083333334 0.0732421875 0.09765625
2 0.1494140625 0.4928385416666667 0.103515625 0.03515625
2 0.23046875 0.5266927083333334 0.05859375 0.09765625
0 0.0634765625 0.5481770833333334 0.078125 0.0546875
0 0.14306640625 0.5481770833333334 0.0791015625 0.0546875
0 0.22314453125 0.5481770833333334 0.0791015625 0.0546875
0 0.30322265625 0.5481770833333334 0.0791015625 0.0546875
0 0.38330078125 0.5481770833333334 0.0791015625 0.0546875
0 0.46337890625 0.5481770833333334 0.0791015625 0.0546875
0 0.54248046875 0.5481770833333334 0.0791015625 0.0546875
0 0.62255859375 0.5481770833333334 0.0791015625 0.0546875
0 0.70263671875 0.5481770833333334 0.0791015625 0.0546875
0 0.78271484375 0.5481770833333334 0.0791015625 0.0546875
0 0.86279296875 0.5481770833333334 0.0791015625 0.0546875
0 0.94189453125 0.5481770833333334 0.0791015625 0.0546875
6 0.92724609375 0.49609375 0.0849609375 0.018229166666666668
2 0.20068359375 0.6171875 0.3212890625 0.033854166666666664
0 0.5029296875 0.794921875 0.95703125 0.3997395833333333
6 0.20068359375 0.6484375 0.3212890625 0.028645833333333332
4 0.5029296875 0.794921875 0.95703125 0.3997395833333333
0 0.955078125 0.6223958333333334 0.033203125 0.028645833333333332
0 0.0927734375 0.9518229166666666 0.10546875 0.0390625
7 0.82470703125 0.9986979166666666 0.0595703125 0.0026041666666666665