7 0.61376953125 0.037760416666666664 0.1787109375 0.03125
1 0.607421875 0.07486979166666667 0.185546875 0.048177083333333336
7 0.75634765625 0.037760416666666664 0.0654296875 0.03125
1 0.806640625 0.07486979166666667 0.185546875 0.048177083333333336
7 0.775390625 0.12044270833333333 0.103515625 0.02734375
0 0.81884765625 0.10807291666666667 0.1904296875 0
7 0.94970703125 0.059895833333333336 0.0419921875 0.03125
0 0.94921875 0.060546875 0.072265625 0.05078125
4 0.5849609375 0.2545572916666667 0.041015625 0.055989583333333336
7 0.732421875 0.3587239583333333 0.3359375 0.11328125
7 0.6240234375 0.498046875 0.119140625 0.032552083333333336
7 0.75048828125 0.5553385416666666 0.0517578125 0.032552083333333336
0 0.75 0.5559895833333334 0.37109375 0.052083333333333336
7 0.75048828125 0.6256510416666666 0.0419921875 0.032552083333333336
0 0.75 0.6263020833333334 0.37109375 0.052083333333333336
4 0.09375 0.357421875 0.029296875 0.037760416666666664
7 0.21142578125 0.3580729166666667 0.1787109375 0.0390625
4 0.09375 0.4485677083333333 0.029296875 0.037760416666666664
7 0.271484375 0.44921875 0.298828125 0.0390625
4 0.09375 0.5397135416666666 0.029296875 0.037760416666666664
7 0.2138671875 0.5403645833333334 0.18359375 0.0390625
7 0.04736328125 0.9303385416666666 0.0341796875 0.02734375
0 0.0546875 0.9303385416666666 0.048828125 0.024739583333333332
7 0.11279296875 0.9303385416666666 0.0693359375 0.02734375
0 0.12060546875 0.9303385416666666 0.0849609375 0.024739583333333332
7 0.1796875 0.9303385416666666 0.03515625 0.02734375
0 0.18701171875 0.9303385416666666 0.0498046875 0.024739583333333332
7 0.2509765625 0.9303385416666666 0.080078125 0.02734375
0 0.2578125 0.9303385416666666 0.09375 0.024739583333333332
7 0.3271484375 0.9303385416666666 0.046875 0.02734375
0 0.33447265625 0.9303385416666666 0.0615234375 0.024739583333333332
7 0.3876953125 0.9303385416666666 0.046875 0.02734375
0 0.3955078125 0.9303385416666666 0.0625 0.024739583333333332
7 0.43896484375 0.9303385416666666 0.0263671875 0.02734375
0 0.4462890625 0.9303385416666666 0.041015625 0.024739583333333332
7 0.484375 0.9303385416666666 0.037109375 0.02734375
0 0.49169921875 0.9303385416666666 0.0517578125 0.024739583333333332
7 0.53076171875 0.9303385416666666 0.0283203125 0.02734375
0 0.53759765625 0.9303385416666666 0.0419921875 0.024739583333333332
7 0.57470703125 0.9303385416666666 0.0341796875 0.02734375
0 0.58251953125 0.9303385416666666 0.0498046875 0.024739583333333332
7 0.6337890625 0.9303385416666666 0.0546875 0.02734375
0 0.640625 0.9303385416666666 0.068359375 0.024739583333333332
7 0.7021484375 0.9303385416666666 0.056640625 0.02734375
0 0.70947265625 0.9303385416666666 0.0712890625 0.024739583333333332
7 0.77685546875 0.9303385416666666 0.0654296875 0.02734375
0 0.78466796875 0.9303385416666666 0.0810546875 0.024739583333333332
7 0.85693359375 0.9303385416666666 0.0654296875 0.02734375
0 0.8642578125 0.9303385416666666 0.080078125 0.024739583333333332
7 0.92919921875 0.9303385416666666 0.0517578125 0.02734375
0 0.9365234375 0.9303385416666666 0.06640625 0.024739583333333332
7 0.4287109375 0.9680989583333334 0.046875 0.02734375
0 0.43603515625 0.9680989583333334 0.0615234375 0.024739583333333332
7 0.5234375 0.9680989583333334 0.115234375 0.02734375