4 0.07568359375 0.020833333333333332 0.0732421875 0.013020833333333334
0 0.07568359375 0.020833333333333332 0.1044921875 0.041666666666666664
0 0.93359375 0.020833333333333332 0.0859375 0.041666666666666664
4 0.078125 0.07291666666666667 0.078125 0.03125
0 0.078125 0.07291666666666667 0.078125 0.0625
0 0.1923828125 0.07291666666666667 0.119140625 0.0625
0 0.3115234375 0.07291666666666667 0.119140625 0.0625
0 0.43505859375 0.07291666666666667 0.1279296875 0.0625
0 0.55712890625 0.07291666666666667 0.1162109375 0.0625
1 0.8828125 0.07291666666666667 0.1875 0.049479166666666664
7 0.9580078125 0.07096354166666667 0.015625 0.022135416666666668
0 0.9580078125 0.07291666666666667 0.03125 0.041666666666666664
2 0.19482421875 0.2649739583333333 0.3427734375 0.07421875
2 0.16357421875 0.337890625 0.2802734375 0.07421875
2 0.294921875 0.4329427083333333 0.54296875 0.08463541666666667
0 0.0859375 0.51953125 0.125 0.049479166666666664
4 0.787109375 0.38671875 0.37890625 0.20833333333333334
4 0.04296875 0.8170572916666666 0.0390625 0.053385416666666664
2 0.46875 0.81640625 0.78125 0.033854166666666664
2 0.376953125 0.9641927083333334 0.70703125 0.053385416666666664
2 0.869140625 0.9641927083333334 0.21484375 0.053385416666666664