0 0.0390625 0.09114583333333333 0.0390625 0.052083333333333336
0 0.083984375 0.09114583333333333 0.0390625 0.052083333333333336
0 0.12890625 0.09114583333333333 0.0390625 0.052083333333333336
0 0.173828125 0.09114583333333333 0.0390625 0.052083333333333336
4 0.5 0.19986979166666666 0.64453125 0.23828125
3 0.86767578125 0.22265625 0.0869140625 0.15885416666666666
3 0.90576171875 0.2721354166666667 0.1298828125 0.0546875
0 0.1982421875 0.3385416666666667 0.064453125 0.078125
0 0.283203125 0.3385416666666667 0.05859375 0.078125
0 0.369140625 0.3385416666666667 0.06640625 0.078125
0 0.451171875 0.3385416666666667 0.05078125 0.078125
6 0.52978515625 0.3385416666666667 0.0693359375 0.020833333333333332
0 0.62158203125 0.3385416666666667 0.0771484375 0.078125
0 0.70703125 0.3385416666666667 0.046875 0.078125
0 0.8037109375 0.3385416666666667 0.099609375 0.078125
4 0.1630859375 0.56640625 0.205078125 0.2734375
0 0.1630859375 0.56640625 0.205078125 0.2734375
2 0.14599609375 0.787109375 0.1708984375 0.11067708333333333
2 0.0986328125 0.8671875 0.076171875 0.020833333333333332
4 0.3876953125 0.56640625 0.205078125 0.2734375
0 0.3876953125 0.56640625 0.205078125 0.2734375
2 0.3828125 0.787109375 0.1953125 0.11067708333333333
2 0.3154296875 0.8671875 0.060546875 0.020833333333333332
4 0.6123046875 0.56640625 0.205078125 0.2734375
0 0.6123046875 0.56640625 0.205078125 0.2734375
2 0.60986328125 0.806640625 0.2001953125 0.14973958333333334
2 0.541015625 0.90625 0.0625 0.020833333333333332
4 0.8369140625 0.56640625 0.205078125 0.2734375
0 0.8369140625 0.56640625 0.205078125 0.2734375
2 0.833984375 0.787109375 0.19921875 0.11067708333333333
2 0.76220703125 0.8671875 0.0556640625 0.020833333333333332
3 0.5 0.9967447916666666 0.947265625 0.006510416666666667
4 0.9814453125 0.8971354166666666 0.02734375 0.036458333333333336
0 0.9814453125 0.8984375 0.02734375 0.0390625
7 0.4072265625 0.9212239583333334 0.42578125 0.032552083333333336
0 0.72705078125 0.9212239583333334 0.1533203125 0.061197916666666664
7 0.5048828125 0.9694010416666666 0.0859375 0.029947916666666668
0 0.5048828125 0.9694010416666666 0.0859375 0.029947916666666668