7 0.07568359375 0.046223958333333336 0.0087890625 0.02734375
7 0.09521484375 0.046223958333333336 0.0107421875 0.02734375
7 0.46630859375 0.046223958333333336 0.4619140625 0.02734375
0 0.7841796875 0.046223958333333336 0.13671875 0.029947916666666668
4 0.5 0.173828125 1 0.16276041666666666
4 0.10546875 0.20377604166666666 0.171875 0.05078125
0 0.10546875 0.20638020833333334 0.171875 0.055989583333333336
0 0.2900390625 0.20703125 0.091796875 0.0546875
0 0.4130859375 0.20703125 0.09375 0.0546875
0 0.53271484375 0.20703125 0.0849609375 0.0546875
0 0.6455078125 0.20703125 0.080078125 0.10677083333333333
0 0.74951171875 0.20703125 0.0673828125 0.10677083333333333
0 0.8505859375 0.20703125 0.07421875 0.0546875
0 0.93798828125 0.18684895833333334 0.1025390625 0.05859375
0 0.73095703125 0.12890625 0.1416015625 0.059895833333333336
0 0.8359375 0.12890625 0.0703125 0.059895833333333336
0 0.9111328125 0.12890625 0.08203125 0.059895833333333336
2 0.5 0.4915364583333333 0.7109375 0.25390625
7 0.5 0.673828125 0.62890625 0.032552083333333336
0 0.3681640625 0.7877604166666666 0.138671875 0.09114583333333333
0 0.583984375 0.7877604166666666 0.234375 0.09114583333333333
7 0.31591796875 0.8626302083333334 0.6005859375 0.10026041666666667
0 0.4921875 0.9407552083333334 0.150390625 0.055989583333333336
0 0.322265625 0.939453125 0.171875 0.053385416666666664