2 0.09814453125 0.07096354166666667 0.1962890625 0.14192708333333334
2 0.04052734375 0.017578125 0.0419921875 0.03515625
7 0.59716796875 0.041666666666666664 0.7666015625 0.08333333333333333
0 0.26708984375 0.11197916666666667 0.1064453125 0.0546875
0 0.3740234375 0.11197916666666667 0.109375 0.0546875
0 0.4853515625 0.11197916666666667 0.115234375 0.0546875
0 0.59375 0.11197916666666667 0.103515625 0.0546875
1 0.86474609375 0.10546875 0.1083984375 0.028645833333333332
4 0.94921875 0.10481770833333333 0.021484375 0.022135416666666668
0 0.94921875 0.10481770833333333 0.021484375 0.022135416666666668
4 0.09814453125 0.16015625 0.1962890625 0.041666666666666664
2 0.50927734375 0.228515625 0.9814453125 0.04296875
2 0.0966796875 0.23111979166666666 0.154296875 0.022135416666666668
2 0.1806640625 0.22981770833333334 0.013671875 0.016927083333333332
0 0.09814453125 0.294921875 0.1572265625 0.040364583333333336
0 0.09814453125 0.3502604166666667 0.1572265625 0.06770833333333333
0 0.09814453125 0.4055989583333333 0.1572265625 0.040364583333333336
0 0.09814453125 0.447265625 0.1572265625 0.040364583333333336
0 0.09814453125 0.4889322916666667 0.1572265625 0.040364583333333336
0 0.09814453125 0.5442708333333334 0.1572265625 0.06770833333333333
0 0.09814453125 0.599609375 0.1572265625 0.040364583333333336
2 0.0732421875 0.6712239583333334 0.107421875 0.022135416666666668
2 0.1328125 0.669921875 0.013671875 0.016927083333333332
0 0.09814453125 0.7350260416666666 0.1572265625 0.040364583333333336
0 0.09814453125 0.7766927083333334 0.1572265625 0.040364583333333336
0 0.09814453125 0.818359375 0.1572265625 0.040364583333333336
0 0.09814453125 0.8600260416666666 0.1572265625 0.040364583333333336
2 0.09814453125 0.931640625 0.1572265625 0.022135416666666668
2 0.18359375 0.9303385416666666 0.013671875 0.016927083333333332
0 0.09814453125 0.9876302083333334 0.1572265625 0.024739583333333332
6 0.93359375 0.16861979166666666 0.0234375 0.016927083333333332
2 0.49609375 0.2421875 0.50390625 0.044270833333333336
2 0.248046875 0.22526041666666666 0.009765625 0.013020833333333334
0 0.45947265625 0.24153645833333334 0.4326171875 0.06380208333333333
2 0.4599609375 0.240234375 0.43359375 0.061197916666666664
7 0.28125 0.287109375 0.07421875 0.01953125
7 0.32177734375 0.287109375 0.0068359375 0.01953125
0 0.34521484375 0.2877604166666667 0.0419921875 0.020833333333333332
7 0.361328125 0.353515625 0.234375 0.022135416666666668
0 0.56494140625 0.3541666666666667 0.1748046875 0.0234375
7 0.46728515625 0.3671875 0.4462890625 0.049479166666666664
0 0.47607421875 0.3951822916666667 0.4638671875 0.05078125
7 0.47607421875 0.435546875 0.4638671875 0.07682291666666667
7 0.51220703125 0.462890625 0.0869140625 0.022135416666666668
7 0.55712890625 0.462890625 0.0048828125 0.022135416666666668
2 0.248046875 0.5338541666666666 0.009765625 0.013020833333333334
0 0.46826171875 0.5501302083333334 0.4501953125 0.06380208333333333
2 0.46826171875 0.548828125 0.4501953125 0.061197916666666664
7 0.2783203125 0.595703125 0.068359375 0.01953125
7 0.31494140625 0.595703125 0.0068359375 0.01953125
0 0.337890625 0.5963541666666666 0.041015625 0.020833333333333332
2 0.248046875 0.65234375 0.009765625 0.013020833333333334
0 0.42578125 0.65234375 0.365234375 0.03125
2 0.4345703125 0.6510416666666666 0.349609375 0.028645833333333332
7 0.2783203125 0.681640625 0.068359375 0.01953125
7 0.31494140625 0.681640625 0.0068359375 0.01953125
0 0.337890625 0.6822916666666666 0.041015625 0.020833333333333332
2 0.248046875 0.73828125 0.009765625 0.013020833333333334
0 0.4169921875 0.73828125 0.34765625 0.03125
2 0.42578125 0.7369791666666666 0.33203125 0.028645833333333332
7 0.2783203125 0.767578125 0.068359375 0.01953125
7 0.31494140625 0.767578125 0.0068359375 0.01953125
0 0.337890625 0.7682291666666666 0.041015625 0.020833333333333332
2 0.248046875 0.82421875 0.009765625 0.013020833333333334
0 0.4638671875 0.8567708333333334 0.44140625 0.09635416666666667
2 0.46435546875 0.85546875 0.4423828125 0.09375
7 0.2783203125 0.9186197916666666 0.068359375 0.01953125
7 0.31494140625 0.9186197916666666 0.0068359375 0.01953125
0 0.337890625 0.9192708333333334 0.041015625 0.020833333333333332
2 0.248046875 0.9752604166666666 0.009765625 0.013020833333333334
0 0.46533203125 0.9798177083333334 0.4443359375 0.040364583333333336
2 0.4658203125 0.9798177083333334 0.4453125 0.040364583333333336
2 0.8046875 0.24088541666666666 0.095703125 0.0234375
2 0.8583984375 0.23958333333333334 0.013671875 0.018229166666666668
7 0.8505859375 0.318359375 0.1875 0.045572916666666664
0 0.8935546875 0.3313802083333333 0.1328125 0.022135416666666668
7 0.81201171875 0.35546875 0.1103515625 0.020833333333333332
0 0.8955078125 0.3561197916666667 0.056640625 0.022135416666666668
7 0.853515625 0.3802083333333333 0.193359375 0.0703125
2 0.8037109375 0.4635416666666667 0.09375 0.0234375
2 0.8564453125 0.4622395833333333 0.013671875 0.018229166666666668
7 0.78759765625 0.5286458333333334 0.0615234375 0.020833333333333332
0 0.8583984375 0.529296875 0.08203125 0.022135416666666668
7 0.85205078125 0.541015625 0.1904296875 0.045572916666666664
0 0.81591796875 0.5540364583333334 0.0751953125 0.022135416666666668
7 0.8779296875 0.5533854166666666 0.05078125 0.020833333333333332
0 0.7998046875 0.5787760416666666 0.0859375 0.022135416666666668
7 0.84521484375 0.578125 0.0048828125 0.020833333333333332
2 0.7998046875 0.63671875 0.0859375 0.0234375
2 0.8486328125 0.6354166666666666 0.013671875 0.018229166666666668
6 0.84814453125 0.7161458333333334 0.1826171875 0.049479166666666664
7 0.79248046875 0.7584635416666666 0.0712890625 0.01953125
7 0.83740234375 0.7584635416666666 0.0205078125 0.01953125
0 0.8896484375 0.7591145833333334 0.083984375 0.020833333333333332
6 0.85400390625 0.8404947916666666 0.1943359375 0.07682291666666667
7 0.7890625 0.896484375 0.064453125 0.01953125
7 0.83154296875 0.896484375 0.0205078125 0.01953125
0 0.87060546875 0.8971354166666666 0.0595703125 0.020833333333333332
6 0.83154296875 0.96484375 0.1494140625 0.049479166666666664
7 0.7890625 0.9986979166666666 0.064453125 0.0026041666666666665
7 0.83154296875 0.9986979166666666 0.0205078125 0.0026041666666666665
7 0.8720703125 0.9986979166666666 0.0625 0.0026041666666666665