4 0.14794921875 0.034505208333333336 0.1787109375 0.01953125
6 0.27880859375 0.032552083333333336 0.0244140625 0.06510416666666667
6 0.32421875 0.032552083333333336 0.02734375 0.06510416666666667
6 0.36962890625 0.032552083333333336 0.0244140625 0.06510416666666667
6 0.41357421875 0.032552083333333336 0.0244140625 0.06510416666666667
6 0.45751953125 0.032552083333333336 0.0244140625 0.06510416666666667
6 0.50341796875 0.032552083333333336 0.0283203125 0.06510416666666667
1 0.93994140625 0.032552083333333336 0.0888671875 0.0234375
7 0.8544921875 0.032552083333333336 0.052734375 0.026041666666666668
0 0.8408203125 0.032552083333333336 0.080078125 0.0390625
7 0.6640625 0.032552083333333336 0.025390625 0.0390625
7 0.7060546875 0.031901041666666664 0.052734375 0.01953125
0 0.70654296875 0.032552083333333336 0.0615234375 0.0234375
7 0.73876953125 0.030598958333333332 0.0048828125 0.02734375
7 0.76611328125 0.031901041666666664 0.0439453125 0.01953125
0 0.76611328125 0.032552083333333336 0.0517578125 0.0234375
0 0.17138671875 0.08528645833333333 0.0419921875 0.01953125
0 0.25244140625 0.08528645833333333 0.0576171875 0.01953125
0 0.32958984375 0.08528645833333333 0.0341796875 0.01953125
0 0.41064453125 0.08528645833333333 0.0634765625 0.01953125
0 0.490234375 0.08528645833333333 0.03125 0.01953125
7 0.564453125 0.08333333333333333 0.052734375 0.018229166666666668
0 0.5693359375 0.08528645833333333 0.0625 0.01953125
0 0.64892578125 0.08528645833333333 0.0322265625 0.01953125
0 0.73291015625 0.08528645833333333 0.0732421875 0.01953125
0 0.82568359375 0.08528645833333333 0.0478515625 0.01953125
7 0.16064453125 0.20442708333333334 0.0771484375 0.026041666666666668
0 0.158203125 0.20442708333333334 0.08203125 0.026041666666666668
4 0.3056640625 0.197265625 0.1796875 0.08463541666666667
0 0.3056640625 0.23307291666666666 0.1796875 0.020833333333333332
7 0.470703125 0.16666666666666666 0.1171875 0.020833333333333332
7 0.55859375 0.16666666666666666 0.0625 0.020833333333333332
6 0.6259765625 0.16666666666666666 0.06640625 0.020833333333333332
7 0.7099609375 0.16666666666666666 0.1015625 0.020833333333333332
1 0.6513671875 0.21223958333333334 0.478515625 0.044270833333333336
4 0.11474609375 0.3736979166666667 0.0966796875 0.10677083333333333
4 0.23193359375 0.3736979166666667 0.0966796875 0.10677083333333333
4 0.34912109375 0.3736979166666667 0.0966796875 0.10677083333333333
4 0.46630859375 0.3736979166666667 0.0966796875 0.10677083333333333
4 0.58349609375 0.3736979166666667 0.0966796875 0.10677083333333333
4 0.70068359375 0.3736979166666667 0.0966796875 0.10677083333333333
4 0.81787109375 0.3736979166666667 0.0966796875 0.10677083333333333
4 0.970703125 0.3736979166666667 0.05859375 0.10677083333333333
4 0.06298828125 0.5598958333333334 0.0478515625 0.0625
7 0.11865234375 0.5579427083333334 0.0458984375 0.02734375
6 0.14599609375 0.6236979166666666 0.2041015625 0.020833333333333332
6 0.1005859375 0.6627604166666666 0.11328125 0.020833333333333332
6 0.0888671875 0.7018229166666666 0.08984375 0.020833333333333332
6 0.09423828125 0.7408854166666666 0.1005859375 0.020833333333333332
6 0.06884765625 0.7799479166666666 0.0498046875 0.020833333333333332
6 0.0810546875 0.8190104166666666 0.07421875 0.020833333333333332
4 0.37353515625 0.5598958333333334 0.0478515625 0.0625
7 0.494140625 0.5579427083333334 0.17578125 0.02734375
7 0.49755859375 0.6497395833333334 0.2861328125 0.07291666666666667
6 0.4921875 0.6888020833333334 0.275390625 0.046875
4 0.68310546875 0.5598958333333334 0.0478515625 0.0625
7 0.826171875 0.5592447916666666 0.220703125 0.02734375
1 0.75439453125 0.6328125 0.1767578125 0.0390625
0 0.7412109375 0.6770833333333334 0.150390625 0.0390625
7 0.81005859375 0.7317708333333334 0.2919921875 0.052083333333333336
6 0.37841796875 0.89453125 0.0244140625 0.018229166666666668
7 0.39306640625 0.89453125 0.0068359375 0.018229166666666668
6 0.4287109375 0.89453125 0.05859375 0.018229166666666668
7 0.4609375 0.89453125 0.0078125 0.018229166666666668
6 0.54931640625 0.89453125 0.1669921875 0.018229166666666668
7 0.41845703125 0.99609375 0.1689453125 0.0078125
6 0.53369140625 0.99609375 0.0615234375 0.0078125
7 0.51416015625 0.99609375 0.3603515625 0.0078125