4 0.5 0.07682291666666667 0.248046875 0.1015625
4 0.78466796875 0.07747395833333333 0.0166015625 0.022135416666666668
0 0.8505859375 0.07682291666666667 0.16015625 0.033854166666666664
7 0.8154296875 0.07682291666666667 0.046875 0.020833333333333332
7 0.015625 0.18684895833333334 0.03125 0.022135416666666668
0 0.02392578125 0.18684895833333334 0.0478515625 0.06640625
7 0.12841796875 0.18684895833333334 0.1298828125 0.022135416666666668
0 0.13818359375 0.18684895833333334 0.1826171875 0.06640625
7 0.296875 0.18684895833333334 0.103515625 0.022135416666666668
0 0.306640625 0.18684895833333334 0.15625 0.06640625
7 0.431640625 0.18684895833333334 0.0625 0.022135416666666668
0 0.44140625 0.18684895833333334 0.115234375 0.06640625
7 0.5341796875 0.18684895833333334 0.0390625 0.022135416666666668
0 0.5439453125 0.18684895833333334 0.091796875 0.06640625
7 0.64208984375 0.18684895833333334 0.0732421875 0.022135416666666668
0 0.65185546875 0.18684895833333334 0.1259765625 0.06640625
7 0.77294921875 0.18684895833333334 0.0849609375 0.022135416666666668
0 0.77294921875 0.18684895833333334 0.1181640625 0.06640625
7 0.87744140625 0.18684895833333334 0.0595703125 0.022135416666666668
0 0.87744140625 0.18684895833333334 0.0927734375 0.06640625
7 0.9697265625 0.18684895833333334 0.060546875 0.022135416666666668
0 0.96142578125 0.18684895833333334 0.0771484375 0.06640625
2 0.3662109375 0.359375 0.49609375 0.018229166666666668
7 0.36572265625 0.4361979166666667 0.4658203125 0.08333333333333333
6 0.18212890625 0.51953125 0.1279296875 0.0234375
7 0.365234375 0.5944010416666666 0.494140625 0.17317708333333334
6 0.1611328125 0.69921875 0.0859375 0.0234375
7 0.3564453125 0.7141927083333334 0.4765625 0.053385416666666664
6 0.546875 0.7291666666666666 0.11328125 0.0234375
7 0.3505859375 0.7740885416666666 0.46484375 0.053385416666666664
4 0.36572265625 0.9140625 0.4287109375 0.171875
0 0.3662109375 0.9140625 0.49609375 0.171875
1 0.82763671875 0.294921875 0.2255859375 0.045572916666666664
2 0.82763671875 0.3756510416666667 0.2255859375 0.01953125
0 0.82763671875 0.439453125 0.1923828125 0.048177083333333336
0 0.82763671875 0.529296875 0.1923828125 0.048177083333333336
0 0.82763671875 0.654296875 0.1923828125 0.11848958333333333
0 0.82763671875 0.802734375 0.1923828125 0.09505208333333333
0 0.82763671875 0.939453125 0.1923828125 0.09505208333333333