2 0.5 0.3483072916666667 0.1953125 0.23828125
2 0.5 0.07486979166666667 0.171875 0.04296875
2 0.5 0.1171875 0.171875 0.044270833333333336
6 0.37060546875 0.16080729166666666 0.1533203125 0.032552083333333336
0 0.37060546875 0.17447916666666666 0.1533203125 0.059895833333333336
6 0.3505859375 0.19075520833333334 0.060546875 0.01953125
7 0.40185546875 0.19075520833333334 0.0380859375 0.01953125
6 0.62939453125 0.16080729166666666 0.1533203125 0.032552083333333336
0 0.62939453125 0.17447916666666666 0.1533203125 0.059895833333333336
6 0.6162109375 0.19075520833333334 0.060546875 0.01953125
7 0.66064453125 0.19075520833333334 0.0244140625 0.01953125
6 0.31689453125 0.24544270833333334 0.1533203125 0.032552083333333336
0 0.31689453125 0.2591145833333333 0.1533203125 0.059895833333333336
6 0.2939453125 0.275390625 0.060546875 0.01953125
7 0.3486328125 0.275390625 0.044921875 0.01953125
6 0.68310546875 0.24544270833333334 0.1533203125 0.032552083333333336
0 0.68310546875 0.2591145833333333 0.1533203125 0.059895833333333336
6 0.66455078125 0.275390625 0.0595703125 0.01953125
7 0.7138671875 0.275390625 0.033203125 0.01953125
6 0.30615234375 0.330078125 0.1533203125 0.032552083333333336
0 0.30615234375 0.34375 0.1533203125 0.059895833333333336
6 0.28662109375 0.3600260416666667 0.0595703125 0.01953125
7 0.33740234375 0.3600260416666667 0.0361328125 0.01953125
6 0.69384765625 0.330078125 0.1533203125 0.032552083333333336
0 0.69384765625 0.34375 0.1533203125 0.059895833333333336
6 0.673828125 0.3600260416666667 0.060546875 0.01953125
7 0.72412109375 0.3600260416666667 0.0380859375 0.01953125
6 0.31689453125 0.4147135416666667 0.1533203125 0.032552083333333336
0 0.31689453125 0.4283854166666667 0.1533203125 0.059895833333333336
6 0.3056640625 0.4446614583333333 0.060546875 0.01953125
7 0.34912109375 0.4446614583333333 0.0224609375 0.01953125
6 0.68310546875 0.4147135416666667 0.1533203125 0.032552083333333336
0 0.68310546875 0.4283854166666667 0.1533203125 0.059895833333333336
6 0.669921875 0.4446614583333333 0.060546875 0.01953125
7 0.71435546875 0.4446614583333333 0.0244140625 0.01953125
6 0.37060546875 0.4993489583333333 0.1533203125 0.032552083333333336
0 0.37060546875 0.5130208333333334 0.1533203125 0.059895833333333336
6 0.3515625 0.529296875 0.060546875 0.01953125
7 0.40185546875 0.529296875 0.0361328125 0.01953125
6 0.62939453125 0.4993489583333333 0.1533203125 0.032552083333333336
0 0.62939453125 0.5130208333333334 0.1533203125 0.059895833333333336
6 0.61376953125 0.529296875 0.0595703125 0.01953125
7 0.66064453125 0.529296875 0.0283203125 0.01953125
1 0.47265625 0.609375 0.38671875 0.057291666666666664
5 0.62158203125 0.6100260416666666 0.0185546875 0.032552083333333336
4 0.64111328125 0.6087239583333334 0.0126953125 0.01171875
7 0.69287109375 0.611328125 0.0224609375 0.029947916666666668
0 0.69287109375 0.609375 0.0556640625 0.057291666666666664
4 0.3916015625 0.6998697916666666 0.025390625 0.024739583333333332
0 0.5 0.69921875 0.26953125 0.044270833333333336
7 0.50830078125 0.69921875 0.2021484375 0.020833333333333332
4 0.61474609375 0.6998697916666666 0.0126953125 0.01171875
7 0.04052734375 0.849609375 0.0419921875 0.055989583333333336
7 0.146484375 0.8346354166666666 0.15234375 0.020833333333333332
6 0.17529296875 0.8470052083333334 0.2099609375 0.045572916666666664
7 0.2001953125 0.8717447916666666 0.259765625 0.045572916666666664
4 0.04052734375 0.9739583333333334 0.0419921875 0.052083333333333336
6 0.189453125 0.9609375 0.23828125 0.020833333333333332
7 0.20263671875 0.9947916666666666 0.2646484375 0.010416666666666666
4 0.3779296875 0.859375 0.046875 0.0625
0 0.45849609375 0.859375 0.2099609375 0.07552083333333333
7 0.47412109375 0.8359375 0.1376953125 0.028645833333333332
7 0.47412109375 0.873046875 0.1376953125 0.048177083333333336
4 0.58740234375 0.8483072916666666 0.0361328125 0.048177083333333336
0 0.66748046875 0.8548177083333334 0.2099609375 0.06640625
7 0.65966796875 0.8359375 0.0888671875 0.028645833333333332
7 0.65966796875 0.861328125 0.0888671875 0.024739583333333332
4 0.796875 0.84765625 0.037109375 0.049479166666666664
0 0.87646484375 0.8548177083333334 0.2099609375 0.06640625
7 0.86328125 0.8359375 0.078125 0.028645833333333332
7 0.86328125 0.861328125 0.078125 0.024739583333333332
4 0.3779296875 0.96484375 0.037109375 0.049479166666666664
0 0.45849609375 0.9694010416666666 0.2099609375 0.061197916666666664
7 0.44482421875 0.953125 0.0791015625 0.028645833333333332
7 0.44482421875 0.978515625 0.0791015625 0.024739583333333332
4 0.5869140625 0.9654947916666666 0.046875 0.03515625
0 0.66748046875 0.9694010416666666 0.2099609375 0.061197916666666664
7 0.662109375 0.953125 0.09375 0.028645833333333332
7 0.662109375 0.978515625 0.09375 0.024739583333333332
4 0.796875 0.9694010416666666 0.048828125 0.061197916666666664
0 0.87646484375 0.9694010416666666 0.2099609375 0.061197916666666664
7 0.88037109375 0.9596354166666666 0.1123046875 0.028645833333333332
7 0.88037109375 0.9850260416666666 0.1123046875 0.024739583333333332