2 0.18896484375 0.057291666666666664 0.2958984375 0.11458333333333333
1 0.8017578125 0.05859375 0.255859375 0.0390625
0 0.9423828125 0.05859375 0.025390625 0.0390625
0 0.07080078125 0.125 0.0712890625 0.059895833333333336
0 0.14306640625 0.125 0.0576171875 0.059895833333333336
0 0.20751953125 0.125 0.0556640625 0.059895833333333336
0 0.27001953125 0.125 0.0537109375 0.059895833333333336
0 0.3349609375 0.125 0.060546875 0.059895833333333336
0 0.41650390625 0.125 0.0869140625 0.059895833333333336
0 0.4921875 0.125 0.048828125 0.059895833333333336
0 0.5439453125 0.125 0.0390625 0.059895833333333336
0 0.6005859375 0.125 0.05859375 0.059895833333333336
0 0.89404296875 0.12630208333333334 0.1201171875 0.059895833333333336
0 0.89404296875 0.11848958333333333 0.1220703125 0.046875
2 0.5 0.2845052083333333 0.9453125 0.08984375
7 0.5 0.3990885416666667 0.625 0.11588541666666667
7 0.5 0.6809895833333334 0.625 0.15885416666666666
4 0.46728515625 0.9147135416666666 0.7822265625 0.17057291666666666
4 0.83349609375 0.9759114583333334 0.1962890625 0.048177083333333336