7 0.11474609375 0.044270833333333336 0.1708984375 0.049479166666666664
0 0.11474609375 0.052083333333333336 0.1708984375 0.10416666666666667
7 0.11474609375 0.07552083333333333 0.1455078125 0.015625
0 1 0.0546875 0 0.0625
0 1 0.1171875 0 0.0625
0 1 0.1796875 0 0.0625
0 1 0.2421875 0 0.0625
7 0.9462890625 0.052083333333333336 0.048828125 0.052083333333333336
2 0.26806640625 0.2877604166666667 0.4638671875 0.25
7 0.26806640625 0.5182291666666666 0.4638671875 0.14583333333333334
0 0.1337890625 0.6888020833333334 0.1953125 0.06510416666666667
7 0.73193359375 0.474609375 0.4638671875 0.6236979166666666
1 0.39501953125 0.8450520833333334 0.7177734375 0.06510416666666667
7 0.86376953125 0.8450520833333334 0.0771484375 0.026041666666666668
0 0.86328125 0.8450520833333334 0.201171875 0.06510416666666667
7 0.5 0.91015625 0.927734375 0.06510416666666667
7 0.5 0.9772135416666666 1 0.04296875
7 0.51708984375 0.9388020833333334 0.9248046875 0.015625
7 0.181640625 0.9622395833333334 0.25390625 0.018229166666666668
6 0.33642578125 0.9622395833333334 0.0556640625 0.018229166666666668
0 0.8876953125 0.953125 0.185546875 0.052083333333333336