4 0.5 0.06510416666666667 1 0.1171875
0 0.09912109375 0.16276041666666666 0.1923828125 0.06510416666666667
7 0.25390625 0.16276041666666666 0.09765625 0.020833333333333332
0 0.25390625 0.16276041666666666 0.1171875 0.06510416666666667
7 0.365234375 0.16276041666666666 0.087890625 0.020833333333333332
0 0.36572265625 0.16276041666666666 0.1083984375 0.06510416666666667
7 0.25439453125 0.22786458333333334 0.0986328125 0.020833333333333332
0 0.25439453125 0.22786458333333334 0.1181640625 0.06510416666666667
7 0.365234375 0.22786458333333334 0.0859375 0.020833333333333332
0 0.36572265625 0.22786458333333334 0.1064453125 0.06510416666666667
7 0.4658203125 0.22786458333333334 0.076171875 0.020833333333333332
0 0.4658203125 0.22786458333333334 0.095703125 0.06510416666666667
7 0.45458984375 0.16276041666666666 0.0322265625 0.020833333333333332
0 0.4638671875 0.16276041666666666 0.0703125 0.06510416666666667
1 0.7412109375 0.16276041666666666 0.244140625 0.044270833333333336
7 0.841796875 0.16276041666666666 0.02734375 0.028645833333333332
6 0.8935546875 0.162109375 0.04296875 0.022135416666666668
7 0.9208984375 0.162109375 0.013671875 0.022135416666666668
6 0.94140625 0.162109375 0.029296875 0.022135416666666668
7 0.9755859375 0.16015625 0.0234375 0.03125
0 0.9755859375 0.16276041666666666 0.048828125 0.06510416666666667
6 0.01953125 0.22395833333333334 0.02734375 0.049479166666666664
0 0.01953125 0.22395833333333334 0.037109375 0.049479166666666664
7 0.06298828125 0.21614583333333334 0.0400390625 0.015625
7 0.056640625 0.23177083333333334 0.02734375 0.015625
7 0.13623046875 0.22395833333333334 0.0126953125 0.018229166666666668
0 0.17578125 0.22395833333333334 0.1796875 0.049479166666666664
7 0.154296875 0.22395833333333334 0.0078125 0.018229166666666668
7 0.21142578125 0.21158854166666666 0.0986328125 0.024739583333333332
4 0.107421875 0.22395833333333334 0.033203125 0.044270833333333336
7 0.3154296875 0.22395833333333334 0.013671875 0.018229166666666668
0 0.34521484375 0.22395833333333334 0.1611328125 0.049479166666666664
7 0.333984375 0.22395833333333334 0.0078125 0.018229166666666668
7 0.38134765625 0.21158854166666666 0.0791015625 0.024739583333333332
4 0.28662109375 0.22395833333333334 0.0341796875 0.044270833333333336
7 0.4755859375 0.22395833333333334 0.013671875 0.018229166666666668
0 0.5380859375 0.22395833333333334 0.2265625 0.049479166666666664
7 0.494140625 0.22395833333333334 0.0078125 0.018229166666666668
7 0.56640625 0.22395833333333334 0.12890625 0.018229166666666668
6 0.638671875 0.22526041666666666 0.015625 0.020833333333333332
4 0.44677734375 0.22395833333333334 0.0341796875 0.044270833333333336
7 0.701171875 0.22395833333333334 0.013671875 0.018229166666666668
0 0.73046875 0.22395833333333334 0.16015625 0.049479166666666664
7 0.71875 0.22395833333333334 0.0078125 0.018229166666666668
7 0.759765625 0.22395833333333334 0.064453125 0.018229166666666668
6 0.7978515625 0.22526041666666666 0.015625 0.020833333333333332
4 0.67236328125 0.22395833333333334 0.0341796875 0.044270833333333336
7 0.8603515625 0.22395833333333334 0.013671875 0.018229166666666668
0 0.8837890625 0.22395833333333334 0.1484375 0.049479166666666664
7 0.87890625 0.22395833333333334 0.0078125 0.018229166666666668
7 0.919921875 0.21158854166666666 0.06640625 0.024739583333333332
4 0.83154296875 0.22395833333333334 0.0341796875 0.044270833333333336
0 0.978515625 0.22395833333333334 0.04296875 0.049479166666666664
4 0.97900390625 0.22395833333333334 0.0341796875 0.044270833333333336
4 0.974609375 0.22395833333333334 0.048828125 0.049479166666666664
0 0.34375 0.44140625 0.341796875 0.057291666666666664
2 0.40673828125 0.623046875 0.2841796875 0.03515625
7 0.47607421875 0.6822916666666666 0.4228515625 0.0546875
4 0.11083984375 0.6920572916666666 0.2216796875 0.17057291666666666
0 0.11083984375 0.7369791666666666 0.2216796875 0.2604166666666667
2 0.44482421875 0.9095052083333334 0.3603515625 0.03515625
7 0.47607421875 0.96875 0.4228515625 0.0546875
4 0.11083984375 0.9466145833333334 0.2216796875 0.10677083333333333
0 0.11083984375 0.9466145833333334 0.2216796875 0.10677083333333333
7 0.9833984375 0.8372395833333334 0.0234375 0.03125
0 0.9833984375 0.8346354166666666 0.0234375 0.026041666666666668
4 0.14892578125 0.9075520833333334 0.0458984375 0.078125
2 0.25830078125 0.90234375 0.1455078125 0.033854166666666664
7 0.41650390625 0.85546875 0.0517578125 0.020833333333333332
6 0.484375 0.85546875 0.0859375 0.020833333333333332
7 0.64453125 0.8841145833333334 0.5078125 0.078125
0 0.5126953125 0.9602864583333334 0.244140625 0.02734375