2 0.05859375 0.057942708333333336 0.087890625 0.03515625
0 0.05859375 0.052083333333333336 0.087890625 0.046875
1 0.3212890625 0.05859375 0.408203125 0.059895833333333336
4 0.5693359375 0.05859375 0.0234375 0.03125
0 0.5693359375 0.05859375 0.087890625 0.059895833333333336
7 0.77294921875 0.059244791666666664 0.0439453125 0.01953125
0 0.77197265625 0.059244791666666664 0.0810546875 0.03515625
4 0.85302734375 0.059895833333333336 0.0263671875 0.033854166666666664
0 0.85302734375 0.061197916666666664 0.0302734375 0.046875
4 0.90380859375 0.059895833333333336 0.0302734375 0.0390625
0 0.92138671875 0.05859375 0.0654296875 0.046875
7 0.92138671875 0.059895833333333336 0.0654296875 0.03125
4 0.03515625 0.13411458333333334 0.02734375 0.036458333333333336
7 0.06787109375 0.1328125 0.0263671875 0.020833333333333332
6 0.1494140625 0.1328125 0.08203125 0.020833333333333332
6 0.23388671875 0.1328125 0.0361328125 0.020833333333333332
6 0.3056640625 0.1328125 0.052734375 0.020833333333333332
6 0.380859375 0.1328125 0.044921875 0.020833333333333332
6 0.453125 0.1328125 0.048828125 0.020833333333333332
6 0.55126953125 0.1328125 0.0927734375 0.020833333333333332
7 0.63671875 0.1328125 0.025390625 0.020833333333333332
7 0.6630859375 0.12760416666666666 0.025390625 0.013020833333333334
6 0.734375 0.1328125 0.068359375 0.020833333333333332
6 0.82568359375 0.1328125 0.0634765625 0.020833333333333332
6 0.93115234375 0.1328125 0.0927734375 0.020833333333333332
4 0.20458984375 0.3704427083333333 0.3701171875 0.2799479166666667
0 0.20458984375 0.3704427083333333 0.3701171875 0.2799479166666667
4 0.44775390625 0.30078125 0.2392578125 0.28125
2 0.50830078125 0.2955729166666667 0.1982421875 0.078125
6 0.50830078125 0.384765625 0.1982421875 0.06640625
7 0.47802734375 0.4446614583333333 0.1376953125 0.040364583333333336
4 0.419921875 0.482421875 0.021484375 0.02734375
7 0.49072265625 0.4811197916666667 0.1103515625 0.016927083333333332
4 0.07666015625 0.55859375 0.1142578125 0.07291666666666667
0 0.07666015625 0.5904947916666666 0.1142578125 0.13671875
2 0.07666015625 0.6295572916666666 0.1142578125 0.05859375
4 0.19970703125 0.55859375 0.1142578125 0.07291666666666667
0 0.19970703125 0.5904947916666666 0.1142578125 0.13671875
2 0.19970703125 0.6295572916666666 0.1142578125 0.05859375
4 0.32275390625 0.55859375 0.1142578125 0.07291666666666667
0 0.32275390625 0.5904947916666666 0.1142578125 0.13671875
2 0.32275390625 0.6295572916666666 0.1142578125 0.05859375
4 0.44580078125 0.55859375 0.1142578125 0.07291666666666667
0 0.44580078125 0.5904947916666666 0.1142578125 0.13671875
2 0.44580078125 0.6295572916666666 0.1142578125 0.05859375
4 0.56884765625 0.55859375 0.1142578125 0.07291666666666667
0 0.56884765625 0.5904947916666666 0.1142578125 0.13671875
2 0.56884765625 0.6295572916666666 0.1142578125 0.05859375
4 0.0986328125 0.7532552083333334 0.158203125 0.11848958333333333
7 0.22607421875 0.7057291666666666 0.0498046875 0.0234375
7 0.2919921875 0.7076822916666666 0.06640625 0.01953125
2 0.380859375 0.7688802083333334 0.359375 0.08984375
0 0.39208984375 0.75390625 0.3818359375 0.0625
7 0.39208984375 0.8138020833333334 0.3818359375 0.046875
4 0.60791015625 0.7291666666666666 0.0205078125 0.026041666666666668
0 0.6083984375 0.7180989583333334 0.025390625 0.048177083333333336
4 0.60791015625 0.76953125 0.0263671875 0.020833333333333332
0 0.6083984375 0.7721354166666666 0.03515625 0.026041666666666668
4 0.0986328125 0.9381510416666666 0.158203125 0.12369791666666667
7 0.23193359375 0.8880208333333334 0.0615234375 0.0234375
7 0.3056640625 0.8899739583333334 0.0703125 0.01953125
2 0.388671875 0.951171875 0.375 0.08984375
0 0.39208984375 0.9361979166666666 0.3818359375 0.0625
7 0.34375 0.9915364583333334 0.28515625 0.016927083333333332
0 0.373046875 0.9915364583333334 0.34375 0.016927083333333332
4 0.6083984375 0.9114583333333334 0.01953125 0.026041666666666668
0 0.6083984375 0.900390625 0.01953125 0.048177083333333336
4 0.60791015625 0.9518229166666666 0.0263671875 0.020833333333333332
0 0.6083984375 0.9544270833333334 0.03515625 0.026041666666666668
2 0.7412109375 0.216796875 0.146484375 0.024739583333333332
7 0.67626953125 0.26171875 0.0166015625 0.020833333333333332
0 0.72314453125 0.26171875 0.1103515625 0.020833333333333332
7 0.73193359375 0.2610677083333333 0.0927734375 0.01953125
7 0.67626953125 0.296875 0.0166015625 0.020833333333333332
0 0.716796875 0.296875 0.09765625 0.020833333333333332
7 0.72509765625 0.2962239583333333 0.0791015625 0.01953125
7 0.67626953125 0.33203125 0.0166015625 0.020833333333333332
0 0.73095703125 0.33203125 0.1259765625 0.020833333333333332
7 0.73974609375 0.3313802083333333 0.1083984375 0.01953125
7 0.67626953125 0.3671875 0.0166015625 0.020833333333333332
0 0.71337890625 0.3671875 0.0908203125 0.020833333333333332
7 0.72216796875 0.3665364583333333 0.0732421875 0.01953125
7 0.67626953125 0.40234375 0.0166015625 0.020833333333333332
0 0.7412109375 0.40234375 0.146484375 0.020833333333333332
7 0.75048828125 0.4016927083333333 0.1298828125 0.01953125
7 0.82275390625 0.26171875 0.0166015625 0.020833333333333332
0 0.8876953125 0.26171875 0.146484375 0.020833333333333332
7 0.90380859375 0.2610677083333333 0.1435546875 0.01953125
7 0.82275390625 0.296875 0.0166015625 0.020833333333333332
0 0.873046875 0.296875 0.1171875 0.020833333333333332
7 0.88134765625 0.2962239583333333 0.0986328125 0.01953125
7 0.82275390625 0.33203125 0.0166015625 0.020833333333333332
0 0.8876953125 0.33203125 0.146484375 0.020833333333333332
7 0.91064453125 0.3313802083333333 0.1572265625 0.01953125
7 0.82275390625 0.3671875 0.0166015625 0.020833333333333332
0 0.86572265625 0.3671875 0.1025390625 0.020833333333333332
7 0.87451171875 0.3665364583333333 0.0849609375 0.01953125
7 0.82275390625 0.40234375 0.0166015625 0.020833333333333332
0 0.8828125 0.40234375 0.13671875 0.020833333333333332
7 0.8916015625 0.4016927083333333 0.119140625 0.01953125
4 0.814453125 0.6197916666666666 0.29296875 0.3255208333333333
2 0.71484375 0.833984375 0.09375 0.024739583333333332
0 0.71484375 0.833984375 0.09375 0.024739583333333332
4 0.77392578125 0.833984375 0.0185546875 0.024739583333333332
0 0.77392578125 0.833984375 0.0185546875 0.024739583333333332
7 0.6875 0.8776041666666666 0.037109375 0.020833333333333332
0 0.814453125 0.9173177083333334 0.29296875 0.10026041666666667
4 0.68798828125 0.91796875 0.0263671875 0.033854166666666664
7 0.67431640625 0.9576822916666666 0.0126953125 0.016927083333333332
7 0.68359375 0.9576822916666666 0.005859375 0.016927083333333332
7 0.6962890625 0.9576822916666666 0.013671875 0.016927083333333332
7 0.70458984375 0.9576822916666666 0.0048828125 0.016927083333333332
7 0.7724609375 0.8776041666666666 0.017578125 0.020833333333333332
4 0.77197265625 0.91796875 0.0263671875 0.033854166666666664
7 0.7587890625 0.9576822916666666 0.013671875 0.016927083333333332
7 0.76708984375 0.9576822916666666 0.0048828125 0.016927083333333332
7 0.78125 0.9576822916666666 0.013671875 0.016927083333333332
7 0.7900390625 0.9576822916666666 0.005859375 0.016927083333333332
7 0.85693359375 0.8776041666666666 0.0205078125 0.020833333333333332
4 0.85693359375 0.91796875 0.0263671875 0.033854166666666664
7 0.84375 0.9576822916666666 0.013671875 0.016927083333333332
7 0.8525390625 0.9576822916666666 0.005859375 0.016927083333333332
7 0.865234375 0.9576822916666666 0.013671875 0.016927083333333332
7 0.87353515625 0.9576822916666666 0.0048828125 0.016927083333333332
7 0.94140625 0.8776041666666666 0.025390625 0.020833333333333332
4 0.94091796875 0.91796875 0.0263671875 0.033854166666666664
7 0.927734375 0.9576822916666666 0.013671875 0.016927083333333332
7 0.93603515625 0.9576822916666666 0.0048828125 0.016927083333333332
7 0.9501953125 0.9576822916666666 0.013671875 0.016927083333333332
7 0.958984375 0.9576822916666666 0.005859375 0.016927083333333332