4 0.05517578125 0.0625 0.0166015625 0.0234375
0 0.0869140625 0.0625 0.080078125 0.0546875
7 0.1875 0.0625 0.091796875 0.026041666666666668
0 0.19775390625 0.0625 0.1435546875 0.0546875
4 0.2451171875 0.0625 0.017578125 0.0234375
7 0.32861328125 0.0625 0.0888671875 0.026041666666666668
4 0.38427734375 0.0625 0.0166015625 0.0234375
0 0.33056640625 0.0625 0.1240234375 0.0546875
4 0.5 0.05859375 0.134765625 0.0546875
0 0.5 0.0625 0.134765625 0.0625
7 0.68212890625 0.0625 0.0810546875 0.026041666666666668
0 0.68212890625 0.0625 0.1123046875 0.0546875
7 0.77392578125 0.0625 0.0400390625 0.026041666666666668
0 0.77392578125 0.0625 0.0712890625 0.0546875
7 0.88134765625 0.061848958333333336 0.1103515625 0.022135416666666668
0 0.88134765625 0.0625 0.1435546875 0.041666666666666664
2 0.5 0.23958333333333334 0.6484375 0.0625
2 0.5 0.3333333333333333 0.724609375 0.08072916666666667
0 0.49951171875 0.4817708333333333 0.2216796875 0.06510416666666667
0 0.49951171875 0.4817708333333333 0.2236328125 0.06770833333333333
4 0.13818359375 0.765625 0.0322265625 0.041666666666666664
2 0.2490234375 0.7864583333333334 0.177734375 0.08072916666666667
7 0.25 0.8958333333333334 0.1796875 0.09375
4 0.39990234375 0.765625 0.0322265625 0.041666666666666664
2 0.486328125 0.765625 0.12890625 0.0390625
7 0.5029296875 0.837890625 0.162109375 0.055989583333333336
6 0.53125 0.853515625 0.0703125 0.024739583333333332
7 0.501953125 0.869140625 0.16015625 0.055989583333333336
4 0.66064453125 0.765625 0.0322265625 0.041666666666666664
2 0.76416015625 0.765625 0.1611328125 0.0390625
7 0.77294921875 0.8541666666666666 0.1787109375 0.09375