0 0.005859375 0.0078125 0.01171875 0.015625
6 0.68017578125 0.026692708333333332 0.0927734375 0.014322916666666666
6 0.78564453125 0.026692708333333332 0.0732421875 0.014322916666666666
7 0.87646484375 0.026692708333333332 0.0634765625 0.014322916666666666
6 0.96533203125 0.026692708333333332 0.0498046875 0.014322916666666666
4 0.0771484375 0.09309895833333333 0.107421875 0.032552083333333336
7 0.19384765625 0.09375 0.0693359375 0.015625
0 0.19873046875 0.09375 0.0966796875 0.08333333333333333
0 0.30419921875 0.09375 0.1142578125 0.08333333333333333
0 0.416015625 0.09375 0.109375 0.08333333333333333
0 0.572265625 0.09375 0.109375 0.08333333333333333
7 0.69189453125 0.09375 0.1005859375 0.015625
0 0.79638671875 0.09375 0.0595703125 0.08333333333333333
0 0.91552734375 0.09309895833333333 0.1494140625 0.04296875
7 0.416015625 0.17317708333333334 0.49609375 0.020833333333333332
6 0.6982421875 0.17317708333333334 0.068359375 0.020833333333333332
7 0.7822265625 0.17317708333333334 0.099609375 0.020833333333333332
0 0.97021484375 0.17578125 0.0205078125 0.026041666666666668
4 0.4716796875 0.8151041666666666 0.013671875 0.018229166666666668
4 0.49609375 0.8151041666666666 0.013671875 0.018229166666666668
4 0.5205078125 0.8151041666666666 0.013671875 0.018229166666666668
4 0.55322265625 0.8151041666666666 0.0244140625 0.03125
0 0.55322265625 0.8190104166666666 0.0244140625 0.0390625
7 0.5 0.5677083333333334 1 0.8645833333333334
4 0.5 0.5677083333333334 1 0.8645833333333334
2 0.373046875 0.3177083333333333 0.52734375 0.078125
7 0.26416015625 0.4244791666666667 0.3095703125 0.0390625
7 0.302734375 0.4830729166666667 0.38671875 0.0390625
7 0.3154296875 0.5416666666666666 0.412109375 0.0390625
0 0.2236328125 0.6490885416666666 0.189453125 0.07682291666666667
0 0.2138671875 0.6497395833333334 0.208984375 0.018229166666666668
7 0.4951171875 0.9427083333333334 0.697265625 0.11458333333333333
0 0.90234375 0.9440104166666666 0.1171875 0.059895833333333336
4 0.02294921875 0.5690104166666666 0.0263671875 0.057291666666666664
4 0.97705078125 0.5690104166666666 0.0263671875 0.057291666666666664
7 0.48974609375 0.8333333333333334 0.8603515625 0.07291666666666667
0 0.1025390625 0.8854166666666666 0.0859375 0.026041666666666668
0 0.74072265625 0.9518229166666666 0.0634765625 0.041666666666666664
0 0.81298828125 0.9518229166666666 0.0732421875 0.041666666666666664
0 0.89453125 0.9518229166666666 0.08203125 0.041666666666666664
4 0.94921875 0.9322916666666666 0.03515625 0.046875
0 0.94921875 0.9322916666666666 0.0546875 0.07291666666666667