4 0.1240234375 0.045572916666666664 0.185546875 0.044270833333333336
0 0.12548828125 0.043619791666666664 0.1884765625 0.022135416666666668
0 0.07373046875 0.12044270833333333 0.0849609375 0.05859375
0 0.158203125 0.12044270833333333 0.078125 0.05859375
0 0.23046875 0.12044270833333333 0.060546875 0.05859375
0 0.302734375 0.12044270833333333 0.078125 0.05859375
0 0.38134765625 0.12044270833333333 0.0732421875 0.05859375
0 0.4521484375 0.12044270833333333 0.0625 0.05859375
0 0.52197265625 0.12044270833333333 0.0712890625 0.05859375
0 0.58642578125 0.12044270833333333 0.0517578125 0.05859375
4 0.31005859375 0.349609375 0.6201171875 0.3997395833333333
0 0.61962890625 0.14973958333333334 0.0009765625 0
6 0.3134765625 0.4446614583333333 0.572265625 0.15494791666666666
4 0.8095703125 0.25 0.380859375 0.20052083333333334
0 0.5 0.25 1 0.20052083333333334
6 0.81298828125 0.2819010416666667 0.3330078125 0.08203125
4 0.71484375 0.44921875 0.19140625 0.20052083333333334
0 0.99951171875 0.349609375 0.0009765625 0.0013020833333333333
6 0.71826171875 0.4641927083333333 0.1435546875 0.11588541666666667
4 0.90478515625 0.44921875 0.1904296875 0.20052083333333334
0 0.99951171875 0.349609375 0.0009765625 0.0013020833333333333
6 0.908203125 0.478515625 0.142578125 0.08723958333333333
3 0.5 0.6204427083333334 0.7109375 0.11848958333333333
7 0.255859375 0.7122395833333334 0.44921875 0.026041666666666668
2 0.455078125 0.8196614583333334 0.84765625 0.11328125
7 0.07177734375 0.8990885416666666 0.0810546875 0.022135416666666668
7 0.2021484375 0.908203125 0.171875 0.040364583333333336
6 0.36376953125 0.8990885416666666 0.1005859375 0.022135416666666668
0 0.8310546875 0.9049479166666666 0.130859375 0.033854166666666664
0 0.939453125 0.9049479166666666 0.05859375 0.033854166666666664
4 0.5 0.9733072916666666 0.9375 0.053385416666666664
0 0.5 0.9733072916666666 0.9375 0.053385416666666664
3 0.5 0.5 1 1