0 0.44873046875 0.11328125 0.0830078125 0.005208333333333333
4 0.138671875 0.037109375 0.1953125 0.07421875
7 0.7763671875 0.028645833333333332 0.17578125 0.0390625
6 0.77685546875 0.06966145833333333 0.0517578125 0.022135416666666668
6 0.94482421875 0.05859375 0.0634765625 0.028645833333333332
0 0.30615234375 0.028645833333333332 0.0595703125 0.057291666666666664
0 0.38330078125 0.028645833333333332 0.0771484375 0.057291666666666664
0 0.4775390625 0.028645833333333332 0.095703125 0.057291666666666664
0 0.60205078125 0.028645833333333332 0.1376953125 0.057291666666666664
2 0.2265625 0.22721354166666666 0.33203125 0.07682291666666667
2 0.41845703125 0.22200520833333334 0.0419921875 0.05859375
2 0.2578125 0.3053385416666667 0.39453125 0.07682291666666667
7 0.28515625 0.4498697916666667 0.44921875 0.10546875
7 0.0673828125 0.5520833333333334 0.013671875 0.028645833333333332
6 0.20751953125 0.5520833333333334 0.2685546875 0.028645833333333332
7 0.0673828125 0.5989583333333334 0.013671875 0.028645833333333332
6 0.25 0.5989583333333334 0.353515625 0.028645833333333332
7 0.0673828125 0.6458333333333334 0.013671875 0.028645833333333332
6 0.2294921875 0.6458333333333334 0.3125 0.028645833333333332
7 0.0673828125 0.6927083333333334 0.013671875 0.028645833333333332
6 0.2197265625 0.6927083333333334 0.29296875 0.028645833333333332
2 0.203125 0.9576822916666666 0.32421875 0.06380208333333333
4 0.6953125 0.974609375 0.205078125 0.05078125