4 0.1123046875 0.0703125 0.142578125 0.0234375
0 0.91943359375 0.0703125 0.0791015625 0.046875
2 0.291015625 0.24544270833333334 0.5 0.10026041666666667
7 0.2734375 0.3359375 0.46484375 0.0546875
6 0.24658203125 0.3502604166666667 0.0380859375 0.026041666666666668
7 0.3115234375 0.3502604166666667 0.091796875 0.026041666666666668
7 0.392578125 0.3502604166666667 0.0703125 0.026041666666666668
7 0.27734375 0.37890625 0.47265625 0.08333333333333333
4 0.068359375 0.498046875 0.037109375 0.05078125
0 0.291015625 0.498046875 0.5 0.06901041666666667
7 0.31640625 0.4986979166666667 0.12109375 0.020833333333333332
4 0.068359375 0.5865885416666666 0.037109375 0.05078125
0 0.291015625 0.5865885416666666 0.5 0.06901041666666667
7 0.31640625 0.5872395833333334 0.138671875 0.020833333333333332
7 0.19140625 0.6751302083333334 0.197265625 0.022135416666666668
6 0.34521484375 0.6751302083333334 0.1123046875 0.022135416666666668
4 0.763671875 0.4420572916666667 0.390625 0.5221354166666666
6 0.21484375 0.8404947916666666 0.033203125 0.01953125
6 0.2666015625 0.8404947916666666 0.033203125 0.01953125
6 0.314453125 0.8404947916666666 0.025390625 0.01953125
6 0.365234375 0.8404947916666666 0.0390625 0.01953125
6 0.42333984375 0.8404947916666666 0.0400390625 0.01953125
6 0.490234375 0.8404947916666666 0.056640625 0.01953125
6 0.5634765625 0.8404947916666666 0.052734375 0.01953125
6 0.66015625 0.8404947916666666 0.072265625 0.01953125
6 0.76318359375 0.8404947916666666 0.0673828125 0.01953125
7 0.15625 0.8723958333333334 0.16015625 0.026041666666666668
6 0.26171875 0.8723958333333334 0.041015625 0.018229166666666668
6 0.31884765625 0.8723958333333334 0.0537109375 0.018229166666666668
6 0.375 0.8723958333333334 0.0390625 0.018229166666666668
6 0.4462890625 0.8723958333333334 0.083984375 0.018229166666666668
6 0.51904296875 0.8723958333333334 0.0419921875 0.018229166666666668
6 0.58837890625 0.8723958333333334 0.0771484375 0.018229166666666668
6 0.68310546875 0.8723958333333334 0.0927734375 0.018229166666666668
6 0.77392578125 0.8723958333333334 0.0693359375 0.018229166666666668
6 0.8662109375 0.8723958333333334 0.095703125 0.018229166666666668
6 0.400390625 0.9212239583333334 0.03125 0.016927083333333332
6 0.443359375 0.9212239583333334 0.03515625 0.016927083333333332
6 0.49365234375 0.9212239583333334 0.0458984375 0.016927083333333332
7 0.568359375 0.921875 0.09375 0.026041666666666668