4 0.03515625 0.041666666666666664 0.0234375 0.03125
0 0.03515625 0.041666666666666664 0.046875 0.0625
7 0.19091796875 0.042317708333333336 0.1123046875 0.032552083333333336
0 0.15478515625 0.044270833333333336 0.1845703125 0.03125
4 0.85546875 0.041666666666666664 0.0234375 0.03125
0 0.85546875 0.041666666666666664 0.0390625 0.052083333333333336
0 0.93359375 0.041666666666666664 0.09375 0.046875
7 0.5 0.16927083333333334 0.8203125 0.046875
7 0.5 0.21875 0.8203125 0.03125
7 0.53125 0.2825520833333333 0.7578125 0.026041666666666668
0 0.17431640625 0.30859375 0.0439453125 0.026041666666666668
7 0.443359375 0.30859375 0.49609375 0.020833333333333332
7 0.4287109375 0.40625 0.62890625 0.03125
7 0.5 0.4401041666666667 0.771484375 0.026041666666666668
7 0.43212890625 0.5325520833333334 0.6357421875 0.03125
7 0.5 0.56640625 0.771484375 0.026041666666666668
0 0.5 0.921875 0.26171875 0.026041666666666668
7 0.29541015625 0.9947916666666666 0.3642578125 0.010416666666666666
6 0.5732421875 0.9947916666666666 0.193359375 0.010416666666666666