7 0.28271484375 0.8951822916666666 0.4931640625 0.07942708333333333
6 0.470703125 0.9225260416666666 0.08984375 0.024739583333333332
7 0.28466796875 0.9361979166666666 0.4970703125 0.052083333333333336
0 0.70849609375 0.9095052083333334 0.1650390625 0.05859375
0 0.880859375 0.9095052083333334 0.1640625 0.05859375
7 0.4619140625 0.037760416666666664 0.4140625 0.0234375
7 0.7080078125 0.037760416666666664 0.07421875 0.0234375
0 0.7080078125 0.037760416666666664 0.07421875 0.0234375
4 0.0537109375 0.12760416666666666 0.029296875 0.041666666666666664
0 0.0537109375 0.12760416666666666 0.029296875 0.10416666666666667
4 0.46728515625 0.12760416666666666 0.0087890625 0.0078125
0 0.45654296875 0.12760416666666666 0.0537109375 0.0546875
7 0.546875 0.12760416666666666 0.103515625 0.0234375
0 0.546875 0.12760416666666666 0.126953125 0.0546875
7 0.68408203125 0.12760416666666666 0.1240234375 0.0234375
0 0.68408203125 0.12760416666666666 0.1474609375 0.0546875
7 0.7841796875 0.12760416666666666 0.029296875 0.0234375
0 0.7841796875 0.12760416666666666 0.052734375 0.0546875
7 0.841796875 0.12760416666666666 0.0390625 0.0234375
0 0.841796875 0.12760416666666666 0.0625 0.0546875
7 0.9208984375 0.126953125 0.046875 0.024739583333333332
0 0.9208984375 0.12760416666666666 0.080078125 0.0546875
7 0.08935546875 0.23372395833333334 0.1005859375 0.02734375
7 0.212890625 0.23372395833333334 0.099609375 0.02734375
7 0.32958984375 0.23372395833333334 0.0869140625 0.02734375
7 0.46533203125 0.23893229166666666 0.1376953125 0.03515625
0 0.4853515625 0.23893229166666666 0.177734375 0.03515625
7 0.55810546875 0.23502604166666666 0.0224609375 0.024739583333333332
7 0.17138671875 0.3111979166666667 0.2177734375 0.020833333333333332
1 0.17138671875 0.3333333333333333 0.2177734375 0.0234375
7 0.43408203125 0.3111979166666667 0.2177734375 0.020833333333333332
0 0.43408203125 0.3229166666666667 0.2646484375 0.09114583333333333
7 0.43408203125 0.3333333333333333 0.2177734375 0.0234375
7 0.69677734375 0.3111979166666667 0.2177734375 0.020833333333333332
0 0.69677734375 0.3229166666666667 0.2646484375 0.09114583333333333
7 0.69677734375 0.3333333333333333 0.2177734375 0.0234375
7 0.90380859375 0.3229166666666667 0.0439453125 0.0234375
0 0.89501953125 0.3229166666666667 0.1083984375 0.059895833333333336
2 0.2734375 0.4973958333333333 0.46875 0.1171875
7 0.07177734375 0.6471354166666666 0.0341796875 0.026041666666666668
0 0.1865234375 0.8014322916666666 0.294921875 0.3815104166666667
7 0.13330078125 0.9036458333333334 0.1572265625 0.03125
7 0.1826171875 0.947265625 0.255859375 0.048177083333333336
7 0.3818359375 0.6471354166666666 0.03515625 0.026041666666666668
0 0.49658203125 0.8014322916666666 0.2958984375 0.3815104166666667
7 0.4697265625 0.9036458333333334 0.2109375 0.03125
7 0.462890625 0.935546875 0.197265625 0.024739583333333332
7 0.73828125 0.9036458333333334 0.126953125 0.03125
0 0.80712890625 0.8014322916666666 0.2958984375 0.3815104166666667
7 0.796875 0.935546875 0.244140625 0.024739583333333332