4 0.111328125 0.06510416666666667 0.16015625 0.046875
0 0.111328125 0.06705729166666667 0.16015625 0.13411458333333334
0 0.47021484375 0.06705729166666667 0.0498046875 0.024739583333333332
0 0.5458984375 0.06705729166666667 0.041015625 0.024739583333333332
0 0.62841796875 0.06705729166666667 0.0634765625 0.024739583333333332
0 0.71728515625 0.06705729166666667 0.0537109375 0.024739583333333332
0 0.7958984375 0.06705729166666667 0.04296875 0.024739583333333332
0 0.869140625 0.06705729166666667 0.04296875 0.024739583333333332
0 0.94482421875 0.06705729166666667 0.0478515625 0.024739583333333332
2 0.265625 0.2884114583333333 0.46875 0.07161458333333333
2 0.265625 0.4127604166666667 0.46875 0.13802083333333334
1 0.150390625 0.552734375 0.23828125 0.061197916666666664
2 0.33984375 0.552734375 0.095703125 0.037760416666666664
0 0.33984375 0.552734375 0.126953125 0.061197916666666664
7 0.09814453125 0.61328125 0.1337890625 0.028645833333333332
0 0.18505859375 0.6165364583333334 0.0400390625 0.03515625
4 0.73828125 0.4381510416666667 0.4609375 0.52734375
4 0.5 0.8346354166666666 1 0.059895833333333336
4 0.48974609375 0.9368489583333334 0.9384765625 0.12630208333333334
4 0.5 0.9440104166666666 0.9375 0.11197916666666667