4 0.5 0.5 1 1
4 0.5 0.5 1 1
4 0.41015625 0.337890625 0.1640625 0.048177083333333336
7 0.5 0.400390625 0.34375 0.037760416666666664
1 0.5 0.4576822916666667 0.33984375 0.048177083333333336
6 0.3994140625 0.5143229166666666 0.138671875 0.020833333333333332
6 0.369140625 0.5611979166666666 0.078125 0.020833333333333332
1 0.619140625 0.6295572916666666 0.10546875 0.04296875
0 0.822265625 0.9817708333333334 0.060546875 0.036458333333333336
0 0.91455078125 0.9817708333333334 0.0869140625 0.036458333333333336
4 0.984375 0.9837239583333334 0.015625 0.022135416666666668
0 0.984375 0.9817708333333334 0.015625 0.036458333333333336