0 0.09423828125 0.024739583333333332 0.0693359375 0.026041666666666668
0 0.1484375 0.024739583333333332 0.041015625 0.026041666666666668
0 0.20068359375 0.024739583333333332 0.0654296875 0.026041666666666668
0 0.3447265625 0.024739583333333332 0.091796875 0.026041666666666668
7 0.8076171875 0.025390625 0.025390625 0.01953125
0 0.79541015625 0.025390625 0.0654296875 0.048177083333333336
0 0.85546875 0.026041666666666668 0.056640625 0.052083333333333336
0 0.90576171875 0.026041666666666668 0.0458984375 0.052083333333333336
7 0.94873046875 0.024088541666666668 0.0419921875 0.048177083333333336
4 0.26611328125 0.14583333333333334 0.4423828125 0.12239583333333333
0 0.26611328125 0.14583333333333334 0.4423828125 0.12239583333333333
1 0.77734375 0.14322916666666666 0.357421875 0.06510416666666667
0 0.90966796875 0.14322916666666666 0.0986328125 0.06510416666666667
3 0.5 0.3033854166666667 0.91796875 0.1171875
7 0.09814453125 0.416015625 0.1142578125 0.05859375
7 0.2021484375 0.4173177083333333 0.09375 0.055989583333333336
7 0.31591796875 0.416015625 0.1337890625 0.05859375
7 0.427734375 0.4173177083333333 0.08984375 0.055989583333333336
7 0.5400390625 0.416015625 0.134765625 0.05859375
7 0.4453125 0.451171875 0.80859375 0.12369791666666667
7 0.27099609375 0.5436197916666666 0.4599609375 0.029947916666666668
6 0.541015625 0.5436197916666666 0.080078125 0.029947916666666668
7 0.5859375 0.5436197916666666 0.009765625 0.029947916666666668
6 0.619140625 0.5436197916666666 0.056640625 0.029947916666666668
7 0.65234375 0.5436197916666666 0.009765625 0.029947916666666668
6 0.685546875 0.5436197916666666 0.056640625 0.029947916666666668
7 0.73388671875 0.5436197916666666 0.0400390625 0.029947916666666668
6 0.79248046875 0.5436197916666666 0.0771484375 0.029947916666666668
7 0.83349609375 0.5436197916666666 0.0048828125 0.029947916666666668
4 0.2607421875 0.734375 0.439453125 0.24479166666666666
0 0.2607421875 0.734375 0.439453125 0.24479166666666666
2 0.22705078125 0.912109375 0.3330078125 0.05859375
7 0.0986328125 0.9720052083333334 0.076171875 0.022135416666666668
7 0.25390625 0.98046875 0.38671875 0.0390625
4 0.7392578125 0.734375 0.439453125 0.24479166666666666
0 0.7392578125 0.734375 0.439453125 0.24479166666666666
2 0.7041015625 0.912109375 0.330078125 0.05859375
7 0.57080078125 0.9720052083333334 0.0634765625 0.022135416666666668
7 0.73876953125 0.98046875 0.3994140625 0.0390625