0 0.0732421875 0.035807291666666664 0.1328125 0.045572916666666664
4 0.025390625 0.0390625 0.01953125 0.0234375
0 0.025390625 0.0390625 0.037109375 0.052083333333333336
4 0.09814453125 0.0390625 0.0947265625 0.0390625
0 0.12939453125 0.0390625 0.1572265625 0.06510416666666667
7 0.15283203125 0.033854166666666664 0.0126953125 0.018229166666666668
0 0.14013671875 0.050130208333333336 0.0498046875 0.014322916666666666
4 0.58251953125 0.048177083333333336 0.0146484375 0.018229166666666668
0 0.58642578125 0.040364583333333336 0.0556640625 0.06510416666666667
7 0.58203125 0.028645833333333332 0.017578125 0.018229166666666668
7 0.66357421875 0.028645833333333332 0.0791015625 0.018229166666666668
0 0.68310546875 0.040364583333333336 0.1357421875 0.06510416666666667
7 0.6767578125 0.046875 0.10546875 0.020833333333333332
7 0.7861328125 0.028645833333333332 0.05078125 0.018229166666666668
0 0.79052734375 0.040364583333333336 0.0771484375 0.06510416666666667
7 0.794921875 0.05078125 0.068359375 0.026041666666666668
7 0.8515625 0.028645833333333332 0.025390625 0.018229166666666668
0 0.8642578125 0.040364583333333336 0.068359375 0.06510416666666667
7 0.8583984375 0.046875 0.0390625 0.020833333333333332
7 0.96044921875 0.046875 0.0283203125 0.020833333333333332
0 0.94775390625 0.040364583333333336 0.0966796875 0.06510416666666667
4 0.92822265625 0.0390625 0.0380859375 0.033854166666666664
7 0.232421875 0.039713541666666664 0.013671875 0.04296875
7 0.5322265625 0.039713541666666664 0.021484375 0.02734375
1 0.5322265625 0.0390625 0.044921875 0.052083333333333336
1 0.38525390625 0.0390625 0.2509765625 0.049479166666666664
7 0.68359375 0.11328125 0.109375 0.0390625
0 0.68359375 0.11393229166666667 0.111328125 0.04296875
7 0.65625 0.15625 0.078125 0.015625
6 0.72412109375 0.15625 0.0517578125 0.015625
4 0.0234375 0.10416666666666667 0.021484375 0.028645833333333332
0 0.0947265625 0.10481770833333333 0.16796875 0.05078125
7 0.05615234375 0.09375 0.0380859375 0.018229166666666668
7 0.10791015625 0.11588541666666667 0.1416015625 0.026041666666666668
4 0.8046875 0.103515625 0.390625 0.05078125
0 0.8046875 0.103515625 0.390625 0.05078125
0 0.24462890625 0.10286458333333333 0.0595703125 0.033854166666666664
0 0.31884765625 0.10286458333333333 0.0849609375 0.033854166666666664
0 0.3896484375 0.10286458333333333 0.052734375 0.033854166666666664
0 0.46240234375 0.10286458333333333 0.0888671875 0.033854166666666664
0 0.54833984375 0.10286458333333333 0.0791015625 0.033854166666666664
0 0.263671875 0.16015625 0.09765625 0.033854166666666664
0 0.34033203125 0.16015625 0.0517578125 0.033854166666666664
0 0.42724609375 0.16015625 0.1181640625 0.033854166666666664
0 0.5068359375 0.16015625 0.037109375 0.033854166666666664
0 0.25 0.21744791666666666 0.0703125 0.033854166666666664
0 0.31005859375 0.21744791666666666 0.0458984375 0.033854166666666664
0 0.38525390625 0.21744791666666666 0.1005859375 0.033854166666666664
6 0.0390625 0.2916666666666667 0.033203125 0.06770833333333333
0 0.0390625 0.2916666666666667 0.078125 0.3255208333333333
6 0.9609375 0.2916666666666667 0.033203125 0.06770833333333333
0 0.9609375 0.2916666666666667 0.078125 0.3255208333333333
2 0.17333984375 0.498046875 0.2685546875 0.03515625
4 0.10302734375 0.6041666666666666 0.1279296875 0.15104166666666666
0 0.10302734375 0.6041666666666666 0.1279296875 0.15104166666666666
7 0.0556640625 0.693359375 0.033203125 0.024739583333333332
4 0.24365234375 0.6041666666666666 0.1279296875 0.15104166666666666
0 0.24365234375 0.6041666666666666 0.1279296875 0.15104166666666666
7 0.224609375 0.693359375 0.08984375 0.024739583333333332
4 0.10302734375 0.8151041666666666 0.1279296875 0.15104166666666666
0 0.10302734375 0.8151041666666666 0.1279296875 0.15104166666666666
7 0.10205078125 0.904296875 0.1259765625 0.024739583333333332
4 0.24365234375 0.8151041666666666 0.1279296875 0.15104166666666666
0 0.24365234375 0.8151041666666666 0.1279296875 0.15104166666666666
7 0.236328125 0.904296875 0.11328125 0.024739583333333332
0 0.17333984375 0.962890625 0.2685546875 0.024739583333333332
2 0.5 0.515625 0.26953125 0.0703125
4 0.42919921875 0.630859375 0.1279296875 0.13411458333333334
0 0.4296875 0.630859375 0.12890625 0.13411458333333334
7 0.4208984375 0.7115885416666666 0.111328125 0.024739583333333332
4 0.56982421875 0.630859375 0.1279296875 0.13411458333333334
0 0.5703125 0.630859375 0.12890625 0.13411458333333334
7 0.55126953125 0.7115885416666666 0.0908203125 0.024739583333333332
4 0.42919921875 0.8235677083333334 0.1279296875 0.13411458333333334
0 0.4296875 0.8235677083333334 0.12890625 0.13411458333333334
7 0.37646484375 0.904296875 0.0224609375 0.024739583333333332
4 0.56982421875 0.8235677083333334 0.1279296875 0.13411458333333334
0 0.5703125 0.8235677083333334 0.12890625 0.13411458333333334
7 0.53271484375 0.904296875 0.0537109375 0.024739583333333332
0 0.5 0.962890625 0.26953125 0.024739583333333332
2 0.8271484375 0.498046875 0.26953125 0.03515625
4 0.8271484375 0.7265625 0.26953125 0.3958333333333333
0 0.8271484375 0.7265625 0.26953125 0.3958333333333333
0 0.8271484375 0.962890625 0.26953125 0.024739583333333332