0 0.0986328125 0.035807291666666664 0.18359375 0.045572916666666664
4 0.025390625 0.0390625 0.01953125 0.0234375
0 0.025390625 0.0390625 0.037109375 0.052083333333333336
4 0.09814453125 0.0390625 0.0947265625 0.0390625
0 0.12939453125 0.0390625 0.1572265625 0.06510416666666667
7 0.16845703125 0.033854166666666664 0.0439453125 0.018229166666666668
7 0.6318359375 0.028645833333333332 0.111328125 0.018229166666666668
0 0.6337890625 0.040364583333333336 0.1328125 0.06510416666666667
7 0.626953125 0.046875 0.1015625 0.020833333333333332
7 0.7451171875 0.028645833333333332 0.0703125 0.018229166666666668
0 0.74267578125 0.040364583333333336 0.0830078125 0.06510416666666667
7 0.7470703125 0.05078125 0.07421875 0.026041666666666668
7 0.83154296875 0.028645833333333332 0.0751953125 0.018229166666666668
0 0.8271484375 0.040364583333333336 0.083984375 0.06510416666666667
7 0.8134765625 0.046875 0.0390625 0.020833333333333332
7 0.94580078125 0.046875 0.0576171875 0.020833333333333332
0 0.93359375 0.040364583333333336 0.126953125 0.06510416666666667
4 0.89892578125 0.0390625 0.0380859375 0.033854166666666664
7 0.24169921875 0.039713541666666664 0.0322265625 0.04296875
7 0.541015625 0.039713541666666664 0.021484375 0.02734375
1 0.541015625 0.0390625 0.044921875 0.052083333333333336
1 0.39892578125 0.0390625 0.2412109375 0.049479166666666664
7 0.63427734375 0.11328125 0.1162109375 0.0390625
0 0.63427734375 0.11393229166666667 0.1181640625 0.04296875
7 0.59912109375 0.15625 0.0693359375 0.015625
6 0.66943359375 0.15625 0.0673828125 0.015625
4 0.0234375 0.10416666666666667 0.021484375 0.028645833333333332
0 0.099609375 0.10481770833333333 0.177734375 0.05078125
7 0.0517578125 0.09375 0.029296875 0.018229166666666668
7 0.11279296875 0.11588541666666667 0.1513671875 0.026041666666666668
4 0.8046875 0.103515625 0.390625 0.05078125
0 0.8046875 0.103515625 0.390625 0.05078125
0 0.25732421875 0.10286458333333333 0.0986328125 0.033854166666666664
0 0.333984375 0.10286458333333333 0.05078125 0.033854166666666664
0 0.41064453125 0.10286458333333333 0.0986328125 0.033854166666666664
0 0.2744140625 0.16015625 0.1328125 0.033854166666666664
0 0.3828125 0.16015625 0.080078125 0.033854166666666664
0 0.44921875 0.16015625 0.048828125 0.033854166666666664
0 0.52197265625 0.16015625 0.0927734375 0.033854166666666664
0 0.2578125 0.21744791666666666 0.099609375 0.033854166666666664
0 0.33251953125 0.21744791666666666 0.0458984375 0.033854166666666664
0 0.4228515625 0.21744791666666666 0.130859375 0.033854166666666664
0 0.267578125 0.2747395833333333 0.119140625 0.033854166666666664
6 0.0390625 0.2916666666666667 0.033203125 0.06770833333333333
0 0.0390625 0.2916666666666667 0.078125 0.3255208333333333
6 0.9609375 0.2916666666666667 0.033203125 0.06770833333333333
0 0.9609375 0.2916666666666667 0.078125 0.3255208333333333
2 0.17333984375 0.498046875 0.2685546875 0.03515625
4 0.10302734375 0.6041666666666666 0.1279296875 0.15104166666666666
0 0.10302734375 0.6041666666666666 0.1279296875 0.15104166666666666
7 0.06396484375 0.693359375 0.0498046875 0.024739583333333332
4 0.24365234375 0.6041666666666666 0.1279296875 0.15104166666666666
0 0.24365234375 0.6041666666666666 0.1279296875 0.15104166666666666
7 0.21826171875 0.693359375 0.0771484375 0.024739583333333332
4 0.10302734375 0.8151041666666666 0.1279296875 0.15104166666666666
0 0.10302734375 0.8151041666666666 0.1279296875 0.15104166666666666
7 0.06103515625 0.904296875 0.0439453125 0.024739583333333332
4 0.24365234375 0.8151041666666666 0.1279296875 0.15104166666666666
0 0.24365234375 0.8151041666666666 0.1279296875 0.15104166666666666
7 0.22998046875 0.904296875 0.1005859375 0.024739583333333332
0 0.17333984375 0.962890625 0.2685546875 0.024739583333333332
2 0.5 0.498046875 0.26953125 0.03515625
4 0.5 0.7265625 0.26953125 0.3958333333333333
0 0.5 0.7265625 0.26953125 0.3958333333333333
0 0.5 0.962890625 0.26953125 0.024739583333333332
2 0.8271484375 0.498046875 0.26953125 0.03515625
4 0.8271484375 0.6848958333333334 0.2265625 0.3125
0 0.8271484375 0.6848958333333334 0.26953125 0.3125
7 0.7001953125 0.8606770833333334 0.015625 0.018229166666666668
7 0.724609375 0.8639322916666666 0.03515625 0.029947916666666668
7 0.74853515625 0.8606770833333334 0.0146484375 0.018229166666666668
7 0.8271484375 0.9114583333333334 0.26953125 0.049479166666666664
0 0.8271484375 0.962890625 0.26953125 0.024739583333333332