4 0.04150390625 0.0390625 0.0439453125 0.059895833333333336
7 0.12109375 0.038411458333333336 0.076171875 0.022135416666666668
7 0.21728515625 0.038411458333333336 0.0400390625 0.022135416666666668
7 0.2958984375 0.038411458333333336 0.041015625 0.022135416666666668
7 0.3837890625 0.038411458333333336 0.05859375 0.022135416666666668
7 0.4814453125 0.038411458333333336 0.060546875 0.022135416666666668
7 0.8515625 0.0390625 0.03125 0.026041666666666668
0 0.8515625 0.0390625 0.072265625 0.052083333333333336
7 0.93896484375 0.0390625 0.0419921875 0.026041666666666668
0 0.93896484375 0.0390625 0.0830078125 0.052083333333333336
7 0.5048828125 0.15169270833333334 0.89453125 0.08463541666666667
6 0.35595703125 0.18033854166666666 0.0693359375 0.02734375
7 0.6083984375 0.18033854166666666 0.435546875 0.02734375
6 0.48291015625 0.19466145833333334 0.8505859375 0.055989583333333336
7 0.150390625 0.208984375 0.00390625 0.02734375
1 0.103515625 0.3365885416666667 0.12890625 0.06640625
1 0.2431640625 0.3365885416666667 0.12890625 0.06640625
5 0.11376953125 0.482421875 0.1064453125 0.029947916666666668
0 0.17333984375 0.544921875 0.2685546875 0.06640625
6 0.134765625 0.607421875 0.19140625 0.02734375
6 0.130859375 0.6516927083333334 0.18359375 0.02734375
7 0.5 0.482421875 1 0.46484375
2 0.548828125 0.3626302083333333 0.365234375 0.17317708333333334
7 0.548828125 0.5052083333333334 0.365234375 0.059895833333333336
7 0.68017578125 0.515625 0.0068359375 0.015625
7 0.701171875 0.5208333333333334 0.03515625 0.028645833333333332
0 0.4541015625 0.6087239583333334 0.17578125 0.06640625
4 0.15185546875 0.8880208333333334 0.2275390625 0.19270833333333334
0 0.15234375 0.8958333333333334 0.232421875 0.20833333333333334
4 0.38427734375 0.8880208333333334 0.2275390625 0.19270833333333334
0 0.3837890625 0.8958333333333334 0.232421875 0.20833333333333334
4 0.61572265625 0.8880208333333334 0.2275390625 0.19270833333333334
0 0.6162109375 0.8958333333333334 0.232421875 0.20833333333333334
4 0.84814453125 0.8880208333333334 0.2275390625 0.19270833333333334
0 0.84765625 0.8958333333333334 0.232421875 0.20833333333333334