0 0.53466796875 0.016276041666666668 0.0869140625 0.032552083333333336
0 0.611328125 0.016276041666666668 0.06640625 0.032552083333333336
0 0.7138671875 0.016276041666666668 0.138671875 0.032552083333333336
0 0.833984375 0.016276041666666668 0.1015625 0.032552083333333336
0 0.9462890625 0.016276041666666668 0.107421875 0.032552083333333336
4 0.0810546875 0.07942708333333333 0.162109375 0.09114583333333333
0 0.08203125 0.07942708333333333 0.1640625 0.09114583333333333
0 0.20751953125 0.07942708333333333 0.0888671875 0.0625
0 0.298828125 0.07942708333333333 0.095703125 0.0625
0 0.4150390625 0.07942708333333333 0.138671875 0.0625
0 0.556640625 0.07942708333333333 0.146484375 0.0625
0 0.6513671875 0.07942708333333333 0.044921875 0.09114583333333333
0 0.81201171875 0.07942708333333333 0.1396484375 0.0625
0 0.9404296875 0.07942708333333333 0.119140625 0.09114583333333333
7 0.861328125 0.873046875 0.185546875 0.02734375
2 0.251953125 0.3990885416666667 0.396484375 0.02734375
2 0.21484375 0.494140625 0.306640625 0.10286458333333333
0 0.14404296875 0.6009114583333334 0.1962890625 0.06901041666666667
2 0.265625 0.9700520833333334 0.439453125 0.026041666666666668
7 0.265625 0.9967447916666666 0.439453125 0.006510416666666667
1 0.6171875 0.978515625 0.205078125 0.04296875
1 0.8515625 0.978515625 0.205078125 0.04296875
2 0.4453125 0.9401041666666666 0.22265625 0.036458333333333336
0 0.619140625 0.9401041666666666 0.09375 0.049479166666666664
7 0.775390625 0.7578125 0.3515625 0.10416666666666667
0 0.7802734375 0.8567708333333334 0.037109375 0.0390625