4 0.0576171875 0.03515625 0.115234375 0.0703125
4 0.9736328125 0.03515625 0.03515625 0.046875
0 0.9736328125 0.03515625 0.052734375 0.0703125
0 0.5 0.10872395833333333 1 0.07161458333333333
0 0.5 0.18033854166666666 1 0.07161458333333333
7 0.5 0.2506510416666667 0.095703125 0.01953125
0 0.5 0.251953125 1 0.07161458333333333
7 0.5 0.322265625 0.033203125 0.01953125
0 0.5 0.3235677083333333 1 0.07161458333333333
0 0.5 0.3951822916666667 1 0.07161458333333333
0 0.5 0.466796875 1 0.07161458333333333
0 0.5 0.5384114583333334 1 0.07161458333333333
4 0.84375 0.036458333333333336 0.02734375 0.036458333333333336
0 0.84375 0.03515625 0.044921875 0.0703125
7 0.90673828125 0.034505208333333336 0.0634765625 0.01953125
0 0.90673828125 0.03515625 0.0810546875 0.0703125
0 0.5 0.10546875 1 0.0703125
2 0.587890625 0.2877604166666667 0.24609375 0.041666666666666664
4 0.36279296875 0.2884114583333333 0.1474609375 0.13932291666666666
7 0.177734375 0.4407552083333333 0.0390625 0.029947916666666668
0 0.255859375 0.4407552083333333 0.234375 0.06380208333333333
4 0.34228515625 0.4375 0.0224609375 0.03125
7 0.4345703125 0.4407552083333333 0.064453125 0.029947916666666668
0 0.5 0.4407552083333333 0.234375 0.06380208333333333
4 0.58642578125 0.4401041666666667 0.0224609375 0.03125
7 0.68798828125 0.4407552083333333 0.0830078125 0.029947916666666668
0 0.744140625 0.4407552083333333 0.234375 0.06380208333333333
4 0.83056640625 0.4401041666666667 0.0224609375 0.03125
0 0.5 0.7486979166666666 0.72265625 0.5026041666666666
4 0.5 0.7486979166666666 0.72265625 0.5026041666666666