3 0.5 0.07161458333333333 0.947265625 0.078125
2 0.0849609375 0.19075520833333334 0.126953125 0.053385416666666664
0 0.0849609375 0.19075520833333334 0.126953125 0.053385416666666664
0 0.33203125 0.19205729166666666 0.02734375 0.024739583333333332
7 0.37890625 0.19205729166666666 0.02734375 0.01953125
0 0.37890625 0.19205729166666666 0.02734375 0.024739583333333332
7 0.42578125 0.19205729166666666 0.02734375 0.01953125
0 0.42578125 0.19205729166666666 0.02734375 0.024739583333333332
0 0.47265625 0.19205729166666666 0.02734375 0.024739583333333332
0 0.51953125 0.19205729166666666 0.02734375 0.024739583333333332
0 0.5869140625 0.19205729166666666 0.068359375 0.024739583333333332
7 0.65234375 0.19270833333333334 0.0234375 0.03125
0 0.7158203125 0.19270833333333334 0.0234375 0.03125
7 0.7587890625 0.19270833333333334 0.0234375 0.03125
0 0.857421875 0.19140625 0.09375 0.041666666666666664
0 0.94140625 0.19270833333333334 0.0546875 0.0390625
7 0.0419921875 0.267578125 0.041015625 0.01953125
0 0.0419921875 0.2682291666666667 0.041015625 0.0546875
7 0.10498046875 0.267578125 0.0283203125 0.01953125
0 0.10498046875 0.2682291666666667 0.0283203125 0.0546875
7 0.16064453125 0.267578125 0.0283203125 0.01953125
0 0.16064453125 0.2682291666666667 0.0283203125 0.0546875
7 0.21630859375 0.267578125 0.0283203125 0.01953125
0 0.21630859375 0.2682291666666667 0.0283203125 0.0546875
7 0.27197265625 0.267578125 0.0283203125 0.01953125
0 0.27197265625 0.2682291666666667 0.0283203125 0.0546875
7 0.34130859375 0.267578125 0.0556640625 0.01953125
0 0.34130859375 0.2682291666666667 0.0556640625 0.0546875
7 0.43115234375 0.267578125 0.0693359375 0.01953125
0 0.43115234375 0.2682291666666667 0.0693359375 0.0546875
7 0.52197265625 0.267578125 0.0576171875 0.01953125
0 0.521484375 0.2682291666666667 0.056640625 0.0546875
7 0.61181640625 0.267578125 0.0693359375 0.01953125
0 0.61181640625 0.2682291666666667 0.0693359375 0.0546875
7 0.69482421875 0.267578125 0.0419921875 0.01953125
0 0.69482421875 0.2682291666666667 0.0419921875 0.0546875
7 0.78466796875 0.267578125 0.0830078125 0.01953125
0 0.78466796875 0.2682291666666667 0.0830078125 0.0546875
7 0.88818359375 0.267578125 0.0693359375 0.01953125
0 0.88818359375 0.2682291666666667 0.0693359375 0.0546875
7 0.96435546875 0.267578125 0.0283203125 0.01953125
0 0.96435546875 0.2682291666666667 0.0283203125 0.0546875
6 0.126953125 0.3326822916666667 0.1875 0.022135416666666668
0 0.34375 0.3326822916666667 0.62109375 0.022135416666666668
6 0.611328125 0.3307291666666667 0.064453125 0.020833333333333332
0 0.61669921875 0.3294270833333333 0.0751953125 0.0234375
7 0.0712890625 0.3665364583333333 0.076171875 0.024739583333333332
7 0.146484375 0.3678385416666667 0.05859375 0.022135416666666668
7 0.2099609375 0.3665364583333333 0.068359375 0.024739583333333332
7 0.26416015625 0.3665364583333333 0.0419921875 0.024739583333333332
7 0.3173828125 0.3678385416666667 0.05078125 0.022135416666666668
7 0.36865234375 0.3665364583333333 0.0537109375 0.024739583333333332
7 0.421875 0.3665364583333333 0.0546875 0.024739583333333332
7 0.48583984375 0.3678385416666667 0.0595703125 0.022135416666666668
7 0.54931640625 0.3665364583333333 0.0693359375 0.024739583333333332
7 0.07275390625 0.3977864583333333 0.0791015625 0.024739583333333332
7 0.26220703125 0.3977864583333333 0.3017578125 0.024739583333333332
7 0.29638671875 0.484375 0.5458984375 0.028645833333333332
0 0.34375 0.478515625 0.64453125 0.061197916666666664
7 0.5830078125 0.4856770833333333 0.0234375 0.018229166666666668
4 0.6025390625 0.482421875 0.01171875 0.016927083333333332
7 0.3916015625 0.53515625 0.35546875 0.020833333333333332
0 0.43896484375 0.533203125 0.4541015625 0.045572916666666664
7 0.58447265625 0.5358072916666666 0.0263671875 0.01953125
4 0.6044921875 0.533203125 0.01171875 0.016927083333333332
7 0.3916015625 0.58203125 0.35546875 0.020833333333333332
0 0.43896484375 0.580078125 0.4541015625 0.045572916666666664
7 0.583984375 0.5826822916666666 0.025390625 0.01953125
7 0.3916015625 0.62890625 0.35546875 0.020833333333333332
0 0.43896484375 0.626953125 0.4541015625 0.045572916666666664
7 0.58447265625 0.6295572916666666 0.0263671875 0.01953125
4 0.6044921875 0.626953125 0.01171875 0.016927083333333332
7 0.3916015625 0.67578125 0.35546875 0.020833333333333332
0 0.43896484375 0.673828125 0.4541015625 0.045572916666666664
7 0.58447265625 0.6764322916666666 0.0263671875 0.01953125
4 0.6044921875 0.673828125 0.01171875 0.016927083333333332
7 0.3916015625 0.72265625 0.35546875 0.020833333333333332
0 0.43896484375 0.720703125 0.4541015625 0.045572916666666664
7 0.58447265625 0.7233072916666666 0.0263671875 0.01953125
7 0.3916015625 0.76953125 0.35546875 0.020833333333333332
0 0.43896484375 0.767578125 0.4541015625 0.045572916666666664
7 0.58447265625 0.7701822916666666 0.0263671875 0.01953125
4 0.6044921875 0.767578125 0.01171875 0.016927083333333332
7 0.3916015625 0.81640625 0.35546875 0.020833333333333332
0 0.43896484375 0.8157552083333334 0.4541015625 0.048177083333333336
4 0.5859375 0.814453125 0.01171875 0.016927083333333332
4 0.109375 0.640625 0.173828125 0.234375
0 0.109375 0.66015625 0.17578125 0.2734375
7 0.109375 0.7760416666666666 0.17578125 0.020833333333333332
7 0.08740234375 0.8723958333333334 0.1318359375 0.03125
7 0.4033203125 0.87109375 0.05078125 0.018229166666666668
0 0.4111328125 0.8717447916666666 0.06640625 0.016927083333333332
4 0.43701171875 0.8704427083333334 0.0107421875 0.016927083333333332
0 0.47216796875 0.8717447916666666 0.0361328125 0.016927083333333332
7 0.201171875 0.9140625 0.35546875 0.020833333333333332
0 0.255859375 0.912109375 0.46875 0.045572916666666664
4 0.3876953125 0.912109375 0.01171875 0.016927083333333332
7 0.1943359375 0.9609375 0.341796875 0.020833333333333332
0 0.255859375 0.958984375 0.46875 0.045572916666666664
4 0.3740234375 0.958984375 0.01171875 0.016927083333333332
7 0.20166015625 0.9986979166666666 0.3564453125 0.0026041666666666665
0 0.255859375 0.9915364583333334 0.46875 0.016927083333333332
4 0.3876953125 0.9986979166666666 0.01171875 0.0026041666666666665
7 0.5634765625 0.87109375 0.05859375 0.020833333333333332
4 0.59521484375 0.9329427083333334 0.1220703125 0.09244791666666667
0 0.59619140625 0.943359375 0.1240234375 0.11328125
7 0.59619140625 0.99609375 0.1240234375 0.0078125
4 0.9384765625 0.3658854166666667 0.080078125 0.10677083333333333
0 0.9384765625 0.3658854166666667 0.080078125 0.10677083333333333
6 0.76708984375 0.326171875 0.1630859375 0.022135416666666668
6 0.78857421875 0.369140625 0.2060546875 0.040364583333333336
2 0.75244140625 0.4602864583333333 0.1337890625 0.022135416666666668
0 0.94677734375 0.4615885416666667 0.0634765625 0.016927083333333332
0 0.791015625 0.5071614583333334 0.2109375 0.016927083333333332
0 0.791015625 0.54296875 0.2109375 0.044270833333333336
4 0.9375 0.5533854166666666 0.080078125 0.10677083333333333
0 0.9375 0.5533854166666666 0.08203125 0.109375
3 0.83203125 0.8072916666666666 0.29296875 0.3255208333333333