0 0.115234375 0.027994791666666668 0.0703125 0.04296875
0 0.18798828125 0.027994791666666668 0.0595703125 0.04296875
0 0.27734375 0.027994791666666668 0.103515625 0.04296875
0 0.35498046875 0.027994791666666668 0.0380859375 0.04296875
0 0.4111328125 0.027994791666666668 0.05859375 0.04296875
7 0.8974609375 0.02734375 0.046875 0.020833333333333332
4 0.46337890625 0.3756510416666667 0.3583984375 0.4778645833333333
4 0.47119140625 0.3860677083333333 0.3583984375 0.4778645833333333
4 0.47607421875 0.392578125 0.3583984375 0.4778645833333333
4 0.47998046875 0.3977864583333333 0.3583984375 0.4778645833333333
4 0.48291015625 0.4016927083333333 0.3583984375 0.4778645833333333
4 0.48486328125 0.404296875 0.3583984375 0.4778645833333333
4 0.48681640625 0.4069010416666667 0.3583984375 0.4778645833333333
4 0.48779296875 0.408203125 0.3583984375 0.4778645833333333
4 0.48876953125 0.4095052083333333 0.3583984375 0.4778645833333333
4 0.48974609375 0.4108072916666667 0.3583984375 0.4778645833333333
4 0.5 0.8014322916666666 0.189453125 0.024739583333333332
7 0.5 0.8984375 0.189453125 0.041666666666666664
0 0.5 0.9329427083333334 0.189453125 0.02734375
7 0.5 0.9947916666666666 0.189453125 0.010416666666666666
4 0.22021484375 0.3190104166666667 0.1826171875 0.2630208333333333