7 0.37646484375 0.057291666666666664 0.6904296875 0.046875
6 0.51025390625 0.07161458333333333 0.0712890625 0.018229166666666668
7 0.3642578125 0.0859375 0.666015625 0.046875
0 0.853515625 0.04296875 0.072265625 0.044270833333333336
0 0.79150390625 0.185546875 0.1474609375 0.029947916666666668
0 0.8974609375 0.185546875 0.0390625 0.029947916666666668
4 0.9423828125 0.185546875 0.0234375 0.032552083333333336
0 0.9423828125 0.19075520833333334 0.0234375 0.040364583333333336
4 0.07177734375 0.232421875 0.0810546875 0.045572916666666664
7 0.38134765625 0.23893229166666666 0.0185546875 0.029947916666666668
0 0.38134765625 0.23893229166666666 0.0380859375 0.045572916666666664
7 0.43310546875 0.23893229166666666 0.0302734375 0.029947916666666668
0 0.43310546875 0.23893229166666666 0.0498046875 0.045572916666666664
7 0.50048828125 0.23893229166666666 0.0498046875 0.029947916666666668
0 0.50048828125 0.23893229166666666 0.0693359375 0.045572916666666664
7 0.5732421875 0.23893229166666666 0.041015625 0.029947916666666668
0 0.5732421875 0.23893229166666666 0.060546875 0.045572916666666664
7 0.65283203125 0.23893229166666666 0.0634765625 0.029947916666666668
0 0.65283203125 0.23893229166666666 0.0830078125 0.045572916666666664
7 0.74462890625 0.23893229166666666 0.0654296875 0.029947916666666668
0 0.74462890625 0.23893229166666666 0.0849609375 0.045572916666666664
7 0.83544921875 0.23893229166666666 0.0615234375 0.029947916666666668
0 0.83544921875 0.23893229166666666 0.0810546875 0.045572916666666664
7 0.92431640625 0.23893229166666666 0.0615234375 0.029947916666666668
0 0.92431640625 0.23893229166666666 0.0810546875 0.045572916666666664
2 0.5 0.5631510416666666 0.9375 0.07421875
7 0.5 0.6360677083333334 0.9375 0.04296875
7 0.5 0.732421875 0.166015625 0.03515625
0 0.5 0.732421875 0.1953125 0.07942708333333333
6 0.3896484375 0.8372395833333334 0.08984375 0.0234375
6 0.5537109375 0.8372395833333334 0.201171875 0.0234375