4 0.0341796875 0.032552083333333336 0.029296875 0.0390625
0 0.08349609375 0.032552083333333336 0.1279296875 0.0390625
4 0.10302734375 0.029947916666666668 0.0888671875 0.0234375
4 0.80517578125 0.026692708333333332 0.0224609375 0.029947916666666668
7 0.8779296875 0.032552083333333336 0.02734375 0.0234375
0 0.8779296875 0.032552083333333336 0.048828125 0.0390625
4 0.9267578125 0.032552083333333336 0.029296875 0.0390625
0 0.9267578125 0.032552083333333336 0.029296875 0.0390625
4 0.9658203125 0.032552083333333336 0.029296875 0.0390625
2 0.5 0.23177083333333334 0.9609375 0.06510416666666667
7 0.5 0.2897135416666667 0.9609375 0.032552083333333336
0 0.33154296875 0.4029947916666667 0.1298828125 0.040364583333333336
0 0.4599609375 0.4029947916666667 0.126953125 0.040364583333333336
0 0.5703125 0.4029947916666667 0.076171875 0.040364583333333336
0 0.67529296875 0.4029947916666667 0.1162109375 0.040364583333333336
1 0.125 0.513671875 0.2109375 0.07942708333333333
5 0.05615234375 0.4583333333333333 0.0439453125 0.028645833333333332
7 0.20166015625 0.509765625 0.0185546875 0.07161458333333333
4 0.23046875 0.5084635416666666 0.013671875 0.009114583333333334
4 0.23046875 0.5188802083333334 0.013671875 0.009114583333333334
1 0.31787109375 0.513671875 0.1728515625 0.07942708333333333
5 0.265625 0.4583333333333333 0.029296875 0.028645833333333332
4 0.25830078125 0.5904947916666666 0.0224609375 0.02734375
7 0.31982421875 0.578125 0.0869140625 0.026041666666666668
7 0.36376953125 0.6022135416666666 0.1748046875 0.024739583333333332
1 0.50048828125 0.513671875 0.1904296875 0.07942708333333333
1 0.6923828125 0.513671875 0.19140625 0.07942708333333333
7 0.8603515625 0.4576822916666667 0.11328125 0.01953125
7 0.884765625 0.5006510416666666 0.162109375 0.02734375
7 0.884765625 0.5266927083333334 0.162109375 0.02734375
7 0.48583984375 0.6686197916666666 0.1572265625 0.03515625
0 0.50341796875 0.669921875 0.2685546875 0.07942708333333333
4 0.58642578125 0.6705729166666666 0.0361328125 0.046875
0 0.1298828125 0.5787760416666666 0.220703125 0.02734375
5 0.84619140625 0.5787760416666666 0.2685546875 0.02734375