4 0.1025390625 0.043619791666666664 0.17578125 0.040364583333333336
0 0.1025390625 0.032552083333333336 0.205078125 0.06510416666666667
0 0.45849609375 0.045572916666666664 0.1376953125 0.06510416666666667
0 0.59716796875 0.045572916666666664 0.1396484375 0.06510416666666667
0 0.73779296875 0.045572916666666664 0.1416015625 0.06510416666666667
0 0.83740234375 0.045572916666666664 0.0576171875 0.06510416666666667
0 0.89599609375 0.045572916666666664 0.0595703125 0.06510416666666667
0 0.95556640625 0.045572916666666664 0.0595703125 0.06510416666666667
7 0.220703125 0.20182291666666666 0.130859375 0.06510416666666667
7 0.48583984375 0.20182291666666666 0.3427734375 0.033854166666666664
7 0.6943359375 0.20182291666666666 0.076171875 0.026041666666666668
0 0.7138671875 0.20182291666666666 0.115234375 0.0390625
4 0.75634765625 0.20377604166666666 0.0302734375 0.029947916666666668
2 0.5 0.3190104166666667 0.970703125 0.06510416666666667
2 0.3681640625 0.39453125 0.267578125 0.041666666666666664
2 0.51416015625 0.39453125 0.0263671875 0.041666666666666664
2 0.64599609375 0.39453125 0.2392578125 0.041666666666666664
2 0.18310546875 0.6028645833333334 0.2275390625 0.052083333333333336
0 0.18310546875 0.6881510416666666 0.2275390625 0.22265625
7 0.17822265625 0.7161458333333334 0.2177734375 0.16927083333333334
0 0.15771484375 0.8450520833333334 0.1767578125 0.08072916666666667
4 0.18310546875 0.9427083333333334 0.2861328125 0.11458333333333333
0 0.18310546875 0.9427083333333334 0.2861328125 0.11458333333333333
2 0.5 0.6028645833333334 0.228515625 0.052083333333333336
0 0.5 0.6705729166666666 0.228515625 0.1875
7 0.48779296875 0.6985677083333334 0.2041015625 0.13411458333333334
0 0.474609375 0.8098958333333334 0.177734375 0.08072916666666667
4 0.5 0.9251302083333334 0.287109375 0.14973958333333334
0 0.5 0.9251302083333334 0.287109375 0.14973958333333334
2 0.81689453125 0.6028645833333334 0.2275390625 0.052083333333333336
0 0.81689453125 0.6881510416666666 0.2275390625 0.22265625
7 0.81201171875 0.7161458333333334 0.2177734375 0.16927083333333334
0 0.7939453125 0.8450520833333334 0.181640625 0.08072916666666667
4 0.81689453125 0.9427083333333334 0.2861328125 0.11458333333333333
0 0.81689453125 0.9427083333333334 0.2861328125 0.11458333333333333