0 0.0283203125 0.032552083333333336 0.037109375 0.046875
7 0.099609375 0.032552083333333336 0.056640625 0.020833333333333332
0 0.10986328125 0.032552083333333336 0.1064453125 0.046875
0 0.1943359375 0.032552083333333336 0.044921875 0.06510416666666667
0 0.2373046875 0.032552083333333336 0.04296875 0.06510416666666667
0 0.2841796875 0.032552083333333336 0.052734375 0.06510416666666667
0 0.341796875 0.032552083333333336 0.064453125 0.06510416666666667
0 0.3896484375 0.032552083333333336 0.033203125 0.06510416666666667
0 0.42919921875 0.032552083333333336 0.0478515625 0.06510416666666667
0 0.47998046875 0.032552083333333336 0.0556640625 0.06510416666666667
0 0.53955078125 0.032552083333333336 0.0654296875 0.06510416666666667
0 0.5986328125 0.032552083333333336 0.0546875 0.06510416666666667
0 0.6640625 0.032552083333333336 0.078125 0.06510416666666667
0 0.7412109375 0.032552083333333336 0.078125 0.06510416666666667
0 0.046875 0.09765625 0.07421875 0.06510416666666667
0 0.10205078125 0.09765625 0.0380859375 0.06510416666666667
0 0.16748046875 0.09765625 0.0947265625 0.06510416666666667
0 0.97314453125 0.032552083333333336 0.0341796875 0.046875
7 0.908203125 0.03125 0.033203125 0.020833333333333332
0 0.91650390625 0.032552083333333336 0.0791015625 0.046875
3 0.087890625 0.13020833333333334 0.17578125 0.10416666666666667
4 0.31640625 0.13411458333333334 0.05859375 0.078125
0 0.35546875 0.158203125 0 0.022135416666666668
2 0.5341796875 0.13671875 0.357421875 0.13020833333333334
0 0.5341796875 0.158203125 0.357421875 0.022135416666666668
3 0.912109375 0.11067708333333333 0.123046875 0.06510416666666667
6 0.875 0.15885416666666666 0.1015625 0.018229166666666668
7 0.912109375 0.1953125 0.17578125 0.026041666666666668
6 0.29833984375 0.22330729166666666 0.0869140625 0.022135416666666668
7 0.34716796875 0.22395833333333334 0.0048828125 0.0390625
6 0.3974609375 0.22330729166666666 0.087890625 0.022135416666666668
7 0.44580078125 0.22395833333333334 0.0048828125 0.0390625
6 0.49951171875 0.22330729166666666 0.0966796875 0.022135416666666668
7 0.55322265625 0.22395833333333334 0.0048828125 0.0390625
6 0.59912109375 0.22330729166666666 0.0791015625 0.022135416666666668
7 0.6435546875 0.22395833333333334 0.005859375 0.0390625
6 0.69873046875 0.22330729166666666 0.0986328125 0.022135416666666668
3 0.50048828125 0.43359375 0.9482421875 0.3255208333333333
4 0.34375 0.818359375 0.60546875 0.36328125
4 0.34375 0.818359375 0.60546875 0.36328125
4 0.34375 0.818359375 0.60546875 0.36328125
4 0.26220703125 0.8639322916666666 0.0302734375 0.040364583333333336
7 0.3681640625 0.8522135416666666 0.14453125 0.024739583333333332
7 0.3681640625 0.8756510416666666 0.14453125 0.024739583333333332
4 0.8076171875 0.734375 0.29296875 0.1953125
6 0.705078125 0.8606770833333334 0.09765625 0.033854166666666664
4 0.685546875 0.9192708333333334 0.05859375 0.020833333333333332
0 0.8125 0.9231770833333334 0.3125 0.0859375
4 0.685546875 0.9192708333333334 0.05859375 0.078125
2 0.8125 0.9231770833333334 0.3125 0.0859375
0 0.8125 0.9895833333333334 0.3125 0.020833333333333332
4 0.685546875 0.9895833333333334 0.05859375 0.020833333333333332
2 0.8125 0.9895833333333334 0.3125 0.020833333333333332