7 0.6767578125 0.052083333333333336 0.0390625 0.03125
0 0.6650390625 0.052083333333333336 0.080078125 0.0625
7 0.76025390625 0.052083333333333336 0.0458984375 0.03125
0 0.74853515625 0.052083333333333336 0.0869140625 0.0625
0 0.849609375 0.052083333333333336 0.10546875 0.041666666666666664
7 0.94384765625 0.052083333333333336 0.0498046875 0.026041666666666668
0 0.94384765625 0.052083333333333336 0.0732421875 0.041666666666666664
0 0 0.177734375 0 0.05859375
0 0 0.236328125 0 0.05859375
0 0 0.294921875 0 0.05859375
0 0 0.353515625 0 0.05859375
0 0 0.412109375 0 0.05859375
0 0 0.470703125 0 0.05859375
4 0.05126953125 0.06315104166666667 0.1025390625 0.12630208333333334
0 0.072265625 0.08658854166666667 0.14453125 0.17317708333333334
4 0.25 0.2747395833333333 0.5 0.5494791666666666
2 0.7333984375 0.19791666666666666 0.4375 0.0625
7 0.7333984375 0.3209635416666667 0.4375 0.14453125
7 0.6552734375 0.4583333333333333 0.251953125 0.0234375
0 0.66943359375 0.4583333333333333 0.3095703125 0.0546875
2 0.20068359375 0.8717447916666666 0.3212890625 0.2565104166666667
4 0.69921875 0.8528645833333334 0.599609375 0.2942708333333333
4 0.5 0.5 1 1
7 0.505859375 0.4446614583333333 0.51171875 0.09505208333333333
6 0.3642578125 0.4817708333333333 0.08203125 0.020833333333333332
0 0.591796875 0.5598958333333334 0.162109375 0.052083333333333336
0 0.4208984375 0.5598958333333334 0.162109375 0.052083333333333336