4 0.02392578125 0.033854166666666664 0.0478515625 0.06770833333333333
0 0.1064453125 0.032552083333333336 0.1171875 0.06510416666666667
0 0.2236328125 0.032552083333333336 0.1171875 0.06510416666666667
0 0.3408203125 0.032552083333333336 0.1171875 0.06510416666666667
0 0.4580078125 0.032552083333333336 0.1171875 0.06510416666666667
0 0.9619140625 0.034505208333333336 0.06640625 0.04296875
2 0.0908203125 0.119140625 0.146484375 0.037760416666666664
0 0.0908203125 0.119140625 0.146484375 0.037760416666666664
1 0.37939453125 0.119140625 0.4013671875 0.05859375
1 0.76171875 0.119140625 0.359375 0.05859375
0 0.96337890625 0.119140625 0.0439453125 0.05859375
7 0.923828125 0.185546875 0.0078125 0.014322916666666666
7 0.93408203125 0.18489583333333334 0.0087890625 0.018229166666666668
7 0.9462890625 0.18424479166666666 0.009765625 0.01953125
7 0.9599609375 0.18294270833333334 0.01171875 0.022135416666666668
7 0.97412109375 0.18229166666666666 0.0126953125 0.026041666666666668
7 0.22412109375 0.18229166666666666 0.0908203125 0.020833333333333332
0 0.58203125 0.17838541666666666 0.806640625 0.028645833333333332
0 0.9775390625 0.2421875 0.015625 0.033854166666666664
6 0.24951171875 0.248046875 0.2685546875 0.022135416666666668
7 0.48291015625 0.248046875 0.2021484375 0.022135416666666668
6 0.67919921875 0.248046875 0.1904296875 0.022135416666666668
7 0.82275390625 0.248046875 0.1005859375 0.022135416666666668
7 0.0966796875 0.3274739583333333 0.15234375 0.029947916666666668
7 0.45458984375 0.439453125 0.7783203125 0.12109375
6 0.12451171875 0.5266927083333334 0.1181640625 0.022135416666666668
6 0.2001953125 0.5266927083333334 0.02734375 0.022135416666666668
7 0.15185546875 0.5638020833333334 0.1728515625 0.020833333333333332
6 0.3173828125 0.5638020833333334 0.16015625 0.020833333333333332
7 0.50830078125 0.5638020833333334 0.2216796875 0.020833333333333332
6 0.6962890625 0.5638020833333334 0.158203125 0.020833333333333332
7 0.77783203125 0.5638020833333334 0.0048828125 0.020833333333333332
7 0.951171875 0.4739583333333333 0.09765625 0.2942708333333333
7 0.2978515625 0.6770833333333334 0.392578125 0.020833333333333332
1 0.64501953125 0.6783854166666666 0.2451171875 0.049479166666666664
0 0.83935546875 0.6783854166666666 0.1181640625 0.049479166666666664
7 0.4990234375 0.7747395833333334 0.794921875 0.09895833333333333
6 0.3212890625 0.8138020833333334 0.0859375 0.020833333333333332
7 0.40869140625 0.8138020833333334 0.0908203125 0.020833333333333332
6 0.53662109375 0.8138020833333334 0.1669921875 0.020833333333333332
7 0.62158203125 0.8138020833333334 0.0048828125 0.020833333333333332
3 0.5 0.9557291666666666 0.7109375 0.08854166666666667