4 0.5 0.140625 1 0.28125
4 0.5 0.140625 1 0.28125
4 0.5 0.859375 1 0.28125
6 0.12109375 0.030598958333333332 0.04296875 0.01953125
0 0.318359375 0.234375 0.1328125 0.052083333333333336
0 0.318359375 0.234375 0.1328125 0.052083333333333336
0 0.318359375 0.234375 0.1328125 0.052083333333333336
0 0.318359375 0.234375 0.1328125 0.052083333333333336
0 0.318359375 0.234375 0.1328125 0.052083333333333336
0 0.30810546875 0.234375 0.1123046875 0.052083333333333336
4 0.26025390625 0.21940104166666666 0.0166015625 0.022135416666666668
0 0.30810546875 0.23502604166666666 0.1123046875 0.053385416666666664
7 0.2744140625 0.234375 0.044921875 0.052083333333333336
4 0.26025390625 0.21940104166666666 0.0166015625 0.022135416666666668
0 0.30810546875 0.23502604166666666 0.1123046875 0.053385416666666664
7 0.267578125 0.234375 0.03125 0.052083333333333336
4 0.26025390625 0.21940104166666666 0.0166015625 0.022135416666666668
0 0.30810546875 0.23502604166666666 0.1123046875 0.053385416666666664
7 0.26806640625 0.234375 0.0322265625 0.052083333333333336
4 0.26025390625 0.21940104166666666 0.0166015625 0.022135416666666668
0 0.30810546875 0.23502604166666666 0.1123046875 0.053385416666666664
7 0.28515625 0.234375 0.06640625 0.052083333333333336
4 0.26025390625 0.21940104166666666 0.0166015625 0.022135416666666668
0 0.30810546875 0.23502604166666666 0.1123046875 0.053385416666666664
7 0.27783203125 0.234375 0.0517578125 0.052083333333333336
4 0.26025390625 0.21940104166666666 0.0166015625 0.022135416666666668
0 0.30810546875 0.23502604166666666 0.1123046875 0.053385416666666664
7 0.26806640625 0.234375 0.0322265625 0.052083333333333336
4 0.26025390625 0.21940104166666666 0.0166015625 0.022135416666666668
0 0.30810546875 0.23502604166666666 0.1123046875 0.053385416666666664
7 0.279296875 0.234375 0.0546875 0.052083333333333336
4 0.26025390625 0.21940104166666666 0.0166015625 0.022135416666666668
0 0.30810546875 0.23502604166666666 0.1123046875 0.053385416666666664
7 0.2783203125 0.234375 0.052734375 0.052083333333333336
4 0.26025390625 0.21940104166666666 0.0166015625 0.022135416666666668
0 0.30810546875 0.23502604166666666 0.1123046875 0.053385416666666664
7 0.2724609375 0.234375 0.041015625 0.052083333333333336
7 0.67919921875 0.027994791666666668 0.0400390625 0.01953125
0 0.7001953125 0.027994791666666668 0.10546875 0.05078125
4 0.72021484375 0.029296875 0.0322265625 0.04296875
7 0.77734375 0.027994791666666668 0.05078125 0.01953125
0 0.80078125 0.03125 0.09765625 0.057291666666666664
4 0.82568359375 0.029947916666666668 0.0322265625 0.041666666666666664
4 0.82568359375 0.029947916666666668 0.0400390625 0.052083333333333336
4 0.87451171875 0.027994791666666668 0.0205078125 0.05078125
2 0.5 0.142578125 0.6171875 0.06901041666666667
1 0.45703125 0.2571614583333333 0.53125 0.055989583333333336
4 0.7412109375 0.2571614583333333 0.03125 0.032552083333333336
0 0.7412109375 0.2571614583333333 0.03125 0.032552083333333336
4 0.77978515625 0.2571614583333333 0.0322265625 0.032552083333333336
7 0.4384765625 0.31640625 0.32421875 0.020833333333333332
6 0.66357421875 0.31640625 0.1220703125 0.020833333333333332
4 0.8056640625 0.7669270833333334 0.03515625 0.052083333333333336
4 0.8056640625 0.7669270833333334 0.03515625 0.052083333333333336
4 0.8056640625 0.7669270833333334 0.03515625 0.052083333333333336
7 0.89404296875 0.7506510416666666 0.2119140625 0.01953125
0 0.78857421875 0.7408854166666666 0.0009765625 0
6 0.88671875 0.8248697916666666 0.197265625 0.16796875
7 0.89404296875 0.75 0.2119140625 0.018229166666666668
7 0.763671875 0.77734375 0.1328125 0.052083333333333336
0 0.744140625 0.77734375 0.171875 0.052083333333333336
4 0.85302734375 0.77734375 0.0400390625 0.052083333333333336
4 0.89599609375 0.77734375 0.0400390625 0.052083333333333336
4 0.12158203125 0.77734375 0.0400390625 0.052083333333333336