7 0.1279296875 0.013671875 0.193359375 0.014322916666666666
0 0.1376953125 0.013671875 0.212890625 0.016927083333333332
7 0.04296875 0.048177083333333336 0.0234375 0.018229166666666668
7 0.0859375 0.048177083333333336 0.052734375 0.018229166666666668
7 0.13232421875 0.048177083333333336 0.0283203125 0.018229166666666668
7 0.1552734375 0.048828125 0.0078125 0.016927083333333332
7 0.236328125 0.048177083333333336 0.037109375 0.018229166666666668
7 0.28271484375 0.048177083333333336 0.0458984375 0.018229166666666668
7 0.32568359375 0.048177083333333336 0.0283203125 0.018229166666666668
7 0.3486328125 0.048828125 0.0078125 0.016927083333333332
7 0.43310546875 0.048177083333333336 0.0439453125 0.018229166666666668
7 0.490234375 0.048177083333333336 0.060546875 0.018229166666666668
7 0.544921875 0.048177083333333336 0.037109375 0.018229166666666668
7 0.572265625 0.048828125 0.0078125 0.016927083333333332
7 0.6630859375 0.048177083333333336 0.044921875 0.018229166666666668
7 0.7060546875 0.048177083333333336 0.03125 0.018229166666666668
7 0.74267578125 0.048177083333333336 0.0302734375 0.018229166666666668
7 0.7666015625 0.048828125 0.0078125 0.016927083333333332
7 0.8642578125 0.048177083333333336 0.0234375 0.018229166666666668
7 0.900390625 0.048177083333333336 0.0390625 0.018229166666666668
7 0.94091796875 0.048177083333333336 0.0302734375 0.018229166666666668
7 0.96484375 0.048828125 0.0078125 0.016927083333333332
0 0.4658203125 0.12044270833333333 0.08984375 0.07161458333333333
0 0.55029296875 0.12044270833333333 0.0576171875 0.07161458333333333
6 0.92041015625 0.13020833333333334 0.0966796875 0.06510416666666667
6 0.951171875 0.13020833333333334 0.03515625 0.06510416666666667
4 0.88818359375 0.13671875 0.1611328125 0.036458333333333336
0 0.88818359375 0.13802083333333334 0.1611328125 0.0390625
7 0.38427734375 0.17447916666666666 0.0791015625 0.015625
0 0.39013671875 0.17447916666666666 0.0908203125 0.028645833333333332
7 0.48828125 0.17447916666666666 0.068359375 0.018229166666666668
6 0.57373046875 0.18229166666666666 0.0654296875 0.018229166666666668
6 0.64013671875 0.18229166666666666 0.0302734375 0.018229166666666668
0 0.1298828125 0.21158854166666666 0.0546875 0.03515625
0 0.185546875 0.21158854166666666 0.0546875 0.03515625
0 0.2353515625 0.21158854166666666 0.04296875 0.03515625
0 0.28857421875 0.21158854166666666 0.0615234375 0.03515625
0 0.35791015625 0.21158854166666666 0.0751953125 0.03515625
0 0.43310546875 0.21158854166666666 0.0732421875 0.03515625
0 0.49365234375 0.21158854166666666 0.0458984375 0.03515625
0 0.55224609375 0.21158854166666666 0.0693359375 0.03515625
0 0.6201171875 0.21158854166666666 0.064453125 0.03515625
0 0.69482421875 0.21158854166666666 0.0830078125 0.03515625
0 0.78076171875 0.21158854166666666 0.0869140625 0.03515625
0 0.880859375 0.21158854166666666 0.111328125 0.03515625
4 0.9501953125 0.21223958333333334 0.029296875 0.044270833333333336
0 0.94970703125 0.212890625 0.0341796875 0.045572916666666664
7 0.0947265625 0.2779947916666667 0.13671875 0.029947916666666668
7 0.44189453125 0.27734375 0.5185546875 0.018229166666666668
6 0.7373046875 0.27734375 0.072265625 0.018229166666666668
4 0.96240234375 0.2760416666666667 0.0185546875 0.0234375
3 0.5 0.4049479166666667 0.7109375 0.1171875
4 0.34326171875 0.7454427083333334 0.6064453125 0.5091145833333334
0 0.34326171875 0.7454427083333334 0.6064453125 0.5091145833333334
3 0.81298828125 0.6536458333333334 0.2939453125 0.3255208333333333
2 0.67626953125 0.8671875 0.0205078125 0.0234375
0 0.81298828125 0.8684895833333334 0.2939453125 0.052083333333333336
2 0.7626953125 0.8684895833333334 0.154296875 0.020833333333333332
2 0.67626953125 0.9192708333333334 0.0205078125 0.0234375
0 0.81298828125 0.9205729166666666 0.2939453125 0.052083333333333336
2 0.81982421875 0.9205729166666666 0.2685546875 0.020833333333333332
2 0.7568359375 0.990234375 0.181640625 0.01953125
0 0.81298828125 0.9733072916666666 0.2939453125 0.053385416666666664