0 0.140625 0.291015625 0.0390625 0.053385416666666664
4 0.0751953125 0.2864583333333333 0.150390625 0.3645833333333333
0 0.0751953125 0.2864583333333333 0.150390625 0.3645833333333333
4 0.51171875 0.2864583333333333 0.68359375 0.3645833333333333
0 0.51171875 0.2864583333333333 0.68359375 0.3645833333333333
4 0.9365234375 0.2864583333333333 0.126953125 0.3645833333333333
0 0.9365234375 0.2864583333333333 0.126953125 0.3645833333333333
0 0.8828125 0.291015625 0.0390625 0.053385416666666664
0 0.4404296875 0.49609375 0.0078125 0.010416666666666666
0 0.4580078125 0.49609375 0.0078125 0.010416666666666666
0 0.4755859375 0.49609375 0.0078125 0.010416666666666666
0 0.4931640625 0.49609375 0.0078125 0.010416666666666666
0 0.5107421875 0.49609375 0.0078125 0.010416666666666666
0 0.5283203125 0.49609375 0.0078125 0.010416666666666666
0 0.5458984375 0.49609375 0.0078125 0.010416666666666666
0 0.5634765625 0.49609375 0.0078125 0.010416666666666666
2 0.0869140625 0.050130208333333336 0.146484375 0.045572916666666664
0 0.0869140625 0.050130208333333336 0.146484375 0.045572916666666664
6 0.23388671875 0.054036458333333336 0.0654296875 0.01953125
6 0.32275390625 0.054036458333333336 0.0654296875 0.01953125
6 0.4052734375 0.054036458333333336 0.052734375 0.01953125
6 0.49365234375 0.054036458333333336 0.0791015625 0.01953125
6 0.5986328125 0.054036458333333336 0.083984375 0.01953125
4 0.81689453125 0.050130208333333336 0.0244140625 0.032552083333333336
0 0.83740234375 0.052083333333333336 0.0927734375 0.036458333333333336
7 0.85693359375 0.052083333333333336 0.0537109375 0.015625
4 0.908203125 0.051432291666666664 0.0234375 0.032552083333333336
0 0.9365234375 0.052083333333333336 0.107421875 0.033854166666666664
7 0.95751953125 0.052083333333333336 0.0654296875 0.015625
2 0.32373046875 0.5774739583333334 0.6201171875 0.032552083333333336
4 0.09130859375 0.6705729166666666 0.0986328125 0.13020833333333334
0 0.09130859375 0.7233072916666666 0.1552734375 0.23567708333333334
2 0.09130859375 0.7669270833333334 0.1357421875 0.03125
6 0.0576171875 0.7942708333333334 0.068359375 0.015625
6 0.1552734375 0.7942708333333334 0.119140625 0.015625
6 0.24658203125 0.7942708333333334 0.0576171875 0.015625
7 0.09130859375 0.8235677083333334 0.1357421875 0.022135416666666668
4 0.24658203125 0.6705729166666666 0.0986328125 0.13020833333333334
0 0.24609375 0.7233072916666666 0.15625 0.23567708333333334
2 0.24609375 0.7669270833333334 0.13671875 0.03125
7 0.24609375 0.8001302083333334 0.13671875 0.022135416666666668
4 0.40087890625 0.6705729166666666 0.0986328125 0.13020833333333334
0 0.4013671875 0.7233072916666666 0.15625 0.23567708333333334
2 0.4013671875 0.7669270833333334 0.13671875 0.03125
6 0.392578125 0.7942708333333334 0.119140625 0.015625
7 0.4013671875 0.8235677083333334 0.13671875 0.022135416666666668
4 0.55615234375 0.6705729166666666 0.0986328125 0.13020833333333334
0 0.55615234375 0.7233072916666666 0.1552734375 0.23567708333333334
2 0.55615234375 0.7669270833333334 0.1357421875 0.03125
6 0.52294921875 0.7942708333333334 0.0693359375 0.015625
7 0.55615234375 0.8235677083333334 0.1357421875 0.022135416666666668
2 0.32373046875 0.923828125 0.6201171875 0.032552083333333336
4 0.1640625 0.9759114583333334 0.30078125 0.048177083333333336
0 0.1640625 0.9759114583333334 0.30078125 0.048177083333333336
4 0.4833984375 0.9759114583333334 0.30078125 0.048177083333333336
0 0.4833984375 0.9759114583333334 0.30078125 0.048177083333333336
2 0.84375 0.5768229166666666 0.29296875 0.03125
6 0.82666015625 0.6640625 0.2587890625 0.052083333333333336
6 0.82666015625 0.7330729166666666 0.2587890625 0.052083333333333336
6 0.82666015625 0.8020833333333334 0.2587890625 0.052083333333333336
6 0.82666015625 0.87109375 0.2587890625 0.052083333333333336
6 0.82666015625 0.9401041666666666 0.2587890625 0.052083333333333336
6 0.82666015625 0.9915364583333334 0.2587890625 0.016927083333333332