3 0.5 0.05859375 0.7109375 0.1171875
0 0.0263671875 0.13736979166666666 0.0234375 0.016927083333333332
0 0.0263671875 0.13736979166666666 0.0234375 0.016927083333333332
0 0.13671875 0.15364583333333334 0.01953125 0.026041666666666668
7 0.18310546875 0.15234375 0.0458984375 0.020833333333333332
0 0.18701171875 0.15364583333333334 0.0654296875 0.033854166666666664
7 0.24853515625 0.15234375 0.0458984375 0.020833333333333332
0 0.25244140625 0.15364583333333334 0.0654296875 0.033854166666666664
7 0.31982421875 0.15234375 0.0576171875 0.020833333333333332
0 0.32373046875 0.15364583333333334 0.0771484375 0.033854166666666664
7 0.3896484375 0.15234375 0.04296875 0.020833333333333332
0 0.3935546875 0.15364583333333334 0.0625 0.033854166666666664
7 0.46533203125 0.15234375 0.0693359375 0.020833333333333332
0 0.46923828125 0.15364583333333334 0.0888671875 0.033854166666666664
7 0.53466796875 0.15234375 0.0302734375 0.020833333333333332
0 0.53857421875 0.15364583333333334 0.0498046875 0.033854166666666664
0 0.58984375 0.15364583333333334 0.052734375 0.033854166666666664
0 0.6611328125 0.15364583333333334 0.08984375 0.033854166666666664
1 0.853515625 0.15364583333333334 0.279296875 0.046875
0 0.72998046875 0.15559895833333334 0.0244140625 0.04296875
0 0.0341796875 0.224609375 0.0234375 0.016927083333333332
7 0.0830078125 0.22330729166666666 0.13671875 0.032552083333333336
0 0.13916015625 0.259765625 0.0126953125 0.01953125
7 0.041015625 0.259765625 0.0390625 0.016927083333333332
0 0.044921875 0.2604166666666667 0.046875 0.018229166666666668
4 0.0361328125 0.2890625 0.029296875 0.026041666666666668
7 0.0927734375 0.29296875 0.07421875 0.033854166666666664
0 0.0830078125 0.3020833333333333 0.123046875 0.052083333333333336
7 0.068359375 0.318359375 0.025390625 0.016927083333333332
7 0.13720703125 0.3020833333333333 0.0146484375 0.052083333333333336
4 0.0361328125 0.3619791666666667 0.02734375 0.0390625
7 0.0927734375 0.359375 0.07421875 0.033854166666666664
0 0.0830078125 0.3776041666666667 0.123046875 0.0703125
7 0.06982421875 0.384765625 0.0283203125 0.016927083333333332
7 0.08544921875 0.384765625 0.0029296875 0.016927083333333332
7 0.0849609375 0.4029947916666667 0.05859375 0.016927083333333332
7 0.13720703125 0.3776041666666667 0.0146484375 0.0703125
4 0.0361328125 0.4466145833333333 0.029296875 0.0390625
7 0.0927734375 0.435546875 0.07421875 0.016927083333333332
0 0.0830078125 0.4537760416666667 0.123046875 0.053385416666666664
7 0.06982421875 0.4524739583333333 0.0283203125 0.016927083333333332
7 0.08544921875 0.4524739583333333 0.0029296875 0.016927083333333332
7 0.08544921875 0.470703125 0.0595703125 0.016927083333333332
7 0.13720703125 0.4537760416666667 0.0146484375 0.053385416666666664
4 0.0361328125 0.5084635416666666 0.029296875 0.02734375
7 0.0927734375 0.5032552083333334 0.07421875 0.016927083333333332
0 0.0830078125 0.5123697916666666 0.123046875 0.03515625
7 0.068359375 0.5201822916666666 0.025390625 0.016927083333333332
7 0.083984375 0.5201822916666666 0.005859375 0.016927083333333332
7 0.10400390625 0.5201822916666666 0.0341796875 0.016927083333333332
7 0.13720703125 0.5123697916666666 0.0146484375 0.03515625
4 0.0361328125 0.5638020833333334 0.029296875 0.0390625
7 0.0927734375 0.552734375 0.07421875 0.016927083333333332
0 0.0830078125 0.5638020833333334 0.123046875 0.0390625
7 0.06884765625 0.5696614583333334 0.0263671875 0.016927083333333332
7 0.0849609375 0.5696614583333334 0.005859375 0.016927083333333332
7 0.10791015625 0.5696614583333334 0.0400390625 0.016927083333333332
7 0.13720703125 0.5638020833333334 0.0146484375 0.0390625
4 0.0361328125 0.6171875 0.029296875 0.0390625
7 0.0927734375 0.6145833333333334 0.07421875 0.033854166666666664
0 0.0830078125 0.6236979166666666 0.123046875 0.052083333333333336
7 0.068359375 0.6399739583333334 0.025390625 0.016927083333333332
4 0.13720703125 0.6041666666666666 0.0068359375 0.0078125
4 0.0361328125 0.68359375 0.029296875 0.0390625
7 0.0927734375 0.6809895833333334 0.07421875 0.033854166666666664
0 0.0830078125 0.6901041666666666 0.123046875 0.052083333333333336
7 0.06884765625 0.7063802083333334 0.0263671875 0.016927083333333332
7 0.0849609375 0.7063802083333334 0.005859375 0.016927083333333332
7 0.10595703125 0.7063802083333334 0.0361328125 0.016927083333333332
7 0.13720703125 0.6901041666666666 0.0146484375 0.052083333333333336
4 0.0361328125 0.75 0.021484375 0.0390625
7 0.0927734375 0.755859375 0.07421875 0.05078125
0 0.0830078125 0.7740885416666666 0.123046875 0.08723958333333333
7 0.06884765625 0.7897135416666666 0.0263671875 0.016927083333333332
7 0.08349609375 0.7897135416666666 0.0029296875 0.016927083333333332
7 0.08251953125 0.8079427083333334 0.0537109375 0.016927083333333332
4 0.13720703125 0.7369791666666666 0.0068359375 0.0078125
4 0.0361328125 0.8515625 0.029296875 0.0390625
7 0.0927734375 0.8404947916666666 0.07421875 0.016927083333333332
0 0.0830078125 0.8515625 0.123046875 0.0390625
7 0.068359375 0.857421875 0.025390625 0.016927083333333332
7 0.083984375 0.857421875 0.005859375 0.016927083333333332
7 0.10791015625 0.857421875 0.0419921875 0.016927083333333332
7 0.13720703125 0.8515625 0.0146484375 0.0390625
4 0.0361328125 0.9049479166666666 0.029296875 0.0390625
7 0.0927734375 0.8938802083333334 0.07421875 0.016927083333333332
0 0.0830078125 0.912109375 0.123046875 0.053385416666666664
7 0.068359375 0.9108072916666666 0.025390625 0.016927083333333332
7 0.08251953125 0.9108072916666666 0.0029296875 0.016927083333333332
7 0.0830078125 0.9290364583333334 0.0546875 0.016927083333333332
7 0.13720703125 0.912109375 0.0146484375 0.053385416666666664
4 0.0361328125 0.97265625 0.029296875 0.0390625
7 0.0927734375 0.9615885416666666 0.07421875 0.016927083333333332
0 0.0830078125 0.97265625 0.123046875 0.0390625
7 0.068359375 0.978515625 0.025390625 0.016927083333333332
7 0.083984375 0.978515625 0.005859375 0.016927083333333332
7 0.10791015625 0.978515625 0.0419921875 0.016927083333333332
7 0.13720703125 0.97265625 0.0146484375 0.0390625
7 0.23486328125 0.24739583333333334 0.1064453125 0.0234375
0 0.23876953125 0.24869791666666666 0.1142578125 0.028645833333333332
6 0.36669921875 0.24674479166666666 0.1005859375 0.024739583333333332
2 0.23193359375 0.3098958333333333 0.1025390625 0.018229166666666668
2 0.294921875 0.349609375 0.2265625 0.022135416666666668
6 0.212890625 0.375 0.0625 0.020833333333333332
6 0.28515625 0.375 0.06640625 0.020833333333333332
4 0.3359375 0.3743489583333333 0.01171875 0.016927083333333332
7 0.3486328125 0.375 0.01171875 0.020833333333333332
4 0.36181640625 0.3743489583333333 0.0126953125 0.016927083333333332
7 0.37353515625 0.375 0.0087890625 0.020833333333333332
2 0.3388671875 0.4173177083333333 0.314453125 0.022135416666666668
6 0.19873046875 0.4427083333333333 0.0341796875 0.020833333333333332
6 0.23828125 0.4427083333333333 0.029296875 0.020833333333333332
4 0.2705078125 0.4420572916666667 0.01171875 0.016927083333333332
7 0.2900390625 0.4427083333333333 0.025390625 0.020833333333333332
4 0.31005859375 0.4420572916666667 0.0126953125 0.016927083333333332
7 0.3271484375 0.4427083333333333 0.01953125 0.020833333333333332
2 0.34375 0.4954427083333333 0.32421875 0.04296875
6 0.212890625 0.53125 0.0625 0.020833333333333332
6 0.28515625 0.53125 0.06640625 0.020833333333333332
4 0.3359375 0.5305989583333334 0.01171875 0.016927083333333332
7 0.35205078125 0.53125 0.0185546875 0.020833333333333332
4 0.36865234375 0.5305989583333334 0.0126953125 0.016927083333333332
7 0.38427734375 0.53125 0.0166015625 0.020833333333333332
2 0.359375 0.583984375 0.35546875 0.04296875
6 0.212890625 0.6197916666666666 0.0625 0.020833333333333332
6 0.2880859375 0.6197916666666666 0.072265625 0.020833333333333332
4 0.341796875 0.619140625 0.01171875 0.016927083333333332
7 0.357421875 0.6197916666666666 0.017578125 0.020833333333333332
4 0.37353515625 0.619140625 0.0126953125 0.016927083333333332
7 0.388671875 0.6197916666666666 0.015625 0.020833333333333332
2 0.25439453125 0.662109375 0.1455078125 0.022135416666666668
6 0.212890625 0.6875 0.0625 0.020833333333333332
6 0.2666015625 0.6875 0.029296875 0.020833333333333332
4 0.298828125 0.6868489583333334 0.01171875 0.016927083333333332
7 0.3193359375 0.6875 0.02734375 0.020833333333333332
4 0.34033203125 0.6868489583333334 0.0126953125 0.016927083333333332
7 0.35791015625 0.6875 0.0205078125 0.020833333333333332
2 0.30615234375 0.7298177083333334 0.2490234375 0.022135416666666668
6 0.2109375 0.7552083333333334 0.05859375 0.020833333333333332
6 0.28564453125 0.7552083333333334 0.0751953125 0.020833333333333332
4 0.3408203125 0.7545572916666666 0.01171875 0.016927083333333332
7 0.357421875 0.7552083333333334 0.01953125 0.020833333333333332
4 0.37451171875 0.7545572916666666 0.0126953125 0.016927083333333332
7 0.39013671875 0.7552083333333334 0.0166015625 0.020833333333333332
2 0.244140625 0.8098958333333334 0.126953125 0.018229166666666668
7 0.5322265625 0.8098958333333334 0.037109375 0.018229166666666668
0 0.5361328125 0.8098958333333334 0.044921875 0.018229166666666668
2 0.365234375 0.8600260416666666 0.3671875 0.04296875
7 0.220703125 0.8958333333333334 0.078125 0.020833333333333332
2 0.29248046875 0.9381510416666666 0.2216796875 0.022135416666666668
7 0.22021484375 0.9635416666666666 0.0771484375 0.020833333333333332
2 0.31787109375 0.9973958333333334 0.2724609375 0.005208333333333333
3 0.77685546875 0.3958333333333333 0.2939453125 0.3255208333333333
3 0.77685546875 0.734375 0.2939453125 0.3255208333333333
3 0.77685546875 0.955078125 0.3974609375 0.08984375