2 0.1181640625 0.044270833333333336 0.154296875 0.059895833333333336
0 0.1181640625 0.046875 0.18359375 0.06510416666666667
0 0.7744140625 0.059895833333333336 0.10546875 0.052083333333333336
0 0.900390625 0.059895833333333336 0.087890625 0.052083333333333336
7 0.17822265625 0.16080729166666666 0.0576171875 0.022135416666666668
6 0.84326171875 0.16080729166666666 0.0146484375 0.022135416666666668
0 0.84326171875 0.16080729166666666 0.0244140625 0.03515625
3 0.5 0.23697916666666666 0.7109375 0.1171875
2 0.5 0.388671875 0.91796875 0.04296875
1 0.41015625 0.5305989583333334 0.603515625 0.055989583333333336
0 0.83984375 0.5305989583333334 0.197265625 0.055989583333333336
0 0.09716796875 0.6178385416666666 0.0712890625 0.037760416666666664
4 0.5 0.681640625 1 0.20182291666666666
7 0.17822265625 0.8118489583333334 0.0576171875 0.022135416666666668
6 0.84326171875 0.8118489583333334 0.0146484375 0.022135416666666668
0 0.84326171875 0.8118489583333334 0.0244140625 0.03515625
3 0.5 0.8880208333333334 0.7109375 0.1171875