0 0.37744140625 0.07096354166666667 0.2314453125 0.053385416666666664
6 0.56982421875 0.07096354166666667 0.0771484375 0.032552083333333336
6 0.734375 0.07096354166666667 0.17578125 0.032552083333333336
7 0.86279296875 0.06380208333333333 0.0048828125 0.026041666666666668
4 0.90625 0.0625 0.01953125 0.026041666666666668
4 0.958984375 0.0625 0.01953125 0.026041666666666668
4 0.17578125 0.05859375 0.1953125 0.09114583333333333
0 0.17578125 0.05859375 0.1953125 0.09114583333333333
4 0.5 0.5 1 1
4 0.5 0.5 1 1
7 0.5283203125 0.3235677083333333 0.900390625 0.022135416666666668
2 0.4150390625 0.3854166666666667 0.673828125 0.1015625
2 0.26904296875 0.4635416666666667 0.3818359375 0.1015625
0 0.21875 0.6009114583333334 0.28125 0.07682291666666667
4 0.21875 0.876953125 0.123046875 0.11588541666666667
7 0.21875 0.96484375 0.22265625 0.044270833333333336
0 0.21875 0.8899739583333334 0.28125 0.22005208333333334
7 0.21875 0.9993489583333334 0.22265625 0.0013020833333333333
4 0.5 0.876953125 0.123046875 0.11588541666666667
7 0.49951171875 0.96484375 0.2236328125 0.044270833333333336
0 0.49951171875 0.8899739583333334 0.2822265625 0.22005208333333334
7 0.49951171875 0.9993489583333334 0.2236328125 0.0013020833333333333
4 0.78125 0.876953125 0.123046875 0.11588541666666667
7 0.78076171875 0.96484375 0.2236328125 0.044270833333333336
0 0.78076171875 0.8899739583333334 0.2822265625 0.22005208333333334
7 0.78076171875 0.9993489583333334 0.2236328125 0.0013020833333333333