4 0.03955078125 0.041666666666666664 0.0322265625 0.036458333333333336
0 0.10498046875 0.041666666666666664 0.1826171875 0.057291666666666664
7 0.0390625 0.0390625 0.0234375 0.03125
7 0.11865234375 0.041666666666666664 0.1357421875 0.026041666666666668
4 0.96484375 0.041666666666666664 0.0234375 0.03125
0 0.96484375 0.041666666666666664 0.04296875 0.057291666666666664
4 0.5 0.2649739583333333 1 0.3580729166666667
7 0.5 0.23372395833333334 0.62890625 0.07942708333333333
7 0.5 0.2936197916666667 0.62890625 0.04296875
4 0.927734375 0.2649739583333333 0.14453125 0.3580729166666667
4 0.03125 0.2649739583333333 0.0234375 0.032552083333333336
0 0.03125 0.2649739583333333 0.03125 0.04296875
4 0.96875 0.2649739583333333 0.0234375 0.032552083333333336
0 0.96875 0.2649739583333333 0.03125 0.04296875
0 0.435546875 0.4641927083333333 0.0078125 0.01171875
0 0.458984375 0.4641927083333333 0.0078125 0.01171875
0 0.482421875 0.4641927083333333 0.0078125 0.01171875
0 0.505859375 0.4641927083333333 0.0078125 0.01171875
4 0.560546875 0.4694010416666667 0.0234375 0.032552083333333336
0 0.556640625 0.4641927083333333 0.0234375 0.032552083333333336
7 0.5 0.69921875 1 0.4270833333333333
7 0.13671875 0.5794270833333334 0.2265625 0.0625
7 0.13671875 0.66796875 0.2265625 0.09375
0 0.13671875 0.77734375 0.18359375 0.041666666666666664
7 0.37890625 0.5794270833333334 0.2265625 0.0625
7 0.37890625 0.65234375 0.2265625 0.0625
0 0.37890625 0.74609375 0.2109375 0.041666666666666664
7 0.62109375 0.5794270833333334 0.2265625 0.0625
7 0.62109375 0.65234375 0.2265625 0.0625
0 0.62109375 0.74609375 0.17578125 0.041666666666666664
7 0.86328125 0.5794270833333334 0.2265625 0.0625
7 0.86328125 0.65234375 0.2265625 0.0625
0 0.86328125 0.74609375 0.201171875 0.041666666666666664
2 0.5 0.9752604166666666 0.8203125 0.041666666666666664