2 0.1044921875 0.08854166666666667 0.072265625 0.036458333333333336
0 0.1044921875 0.09375 0.072265625 0.046875
0 0.18798828125 0.09049479166666667 0.0361328125 0.03515625
0 0.24072265625 0.09049479166666667 0.0693359375 0.03515625
0 0.318359375 0.09049479166666667 0.0859375 0.03515625
0 0.39599609375 0.09049479166666667 0.0693359375 0.03515625
0 0.494140625 0.09049479166666667 0.126953125 0.03515625
2 0.5 0.421875 1 0.5729166666666666
7 0.0341796875 0.421875 0.01953125 0.052083333333333336
0 0.0341796875 0.421875 0.068359375 0.09114583333333333
4 0.5 0.421875 1 0.5729166666666666
2 0.5341796875 0.88671875 0.931640625 0.2265625
7 0.56396484375 0.787109375 0.2880859375 0.02734375
0 0.75927734375 0.787109375 0.0634765625 0.02734375
4 0.1220703125 0.9388020833333334 0.05859375 0.078125
0 0.2412109375 0.9329427083333334 0.345703125 0.13411458333333334
6 0.2783203125 0.908203125 0.22265625 0.02734375
6 0.2783203125 0.9381510416666666 0.22265625 0.024739583333333332
6 0.1953125 0.970703125 0.056640625 0.024739583333333332
7 0.2490234375 0.970703125 0.044921875 0.024739583333333332
7 0.2939453125 0.970703125 0.044921875 0.024739583333333332
4 0.486328125 0.9388020833333334 0.05859375 0.078125
0 0.60546875 0.9329427083333334 0.345703125 0.13411458333333334
6 0.642578125 0.908203125 0.22265625 0.02734375
6 0.642578125 0.9381510416666666 0.22265625 0.024739583333333332
6 0.5595703125 0.970703125 0.056640625 0.024739583333333332
7 0.61328125 0.970703125 0.044921875 0.024739583333333332
7 0.658203125 0.970703125 0.044921875 0.024739583333333332
4 0.8505859375 0.9388020833333334 0.05859375 0.078125
0 0.8984375 0.9329427083333334 0.203125 0.13411458333333334
6 0.94775390625 0.908203125 0.1044921875 0.02734375
6 0.94775390625 0.9381510416666666 0.1044921875 0.024739583333333332
6 0.923828125 0.970703125 0.056640625 0.024739583333333332
7 0.9775390625 0.970703125 0.044921875 0.024739583333333332
7 1 0.970703125 0 0.024739583333333332
0 0.0205078125 0.025390625 0.041015625 0.022135416666666668
0 0.9580078125 0.026041666666666668 0.05078125 0.03125