4 0.0732421875 0.032552083333333336 0.1171875 0.026041666666666668
0 0.0732421875 0.032552083333333336 0.1171875 0.06510416666666667
0 0.54638671875 0.032552083333333336 0.1103515625 0.06510416666666667
7 0.5 0.3255208333333333 1 0.6510416666666666
4 0.49755859375 0.3229166666666667 0.9951171875 0.5208333333333334
4 0.30029296875 0.3795572916666667 0.5224609375 0.14192708333333334
2 0.4140625 0.48828125 0.75 0.041666666666666664
0 0.12451171875 0.5703125 0.1708984375 0.057291666666666664
0 0.30224609375 0.5703125 0.1650390625 0.057291666666666664
4 0.2490234375 0.82421875 0.498046875 0.3515625
0 0 0.6510416666666666 0 0
2 0.25 0.9654947916666666 0.451171875 0.048177083333333336
4 0.74755859375 0.82421875 0.5009765625 0.3515625
0 0.5 0.6510416666666666 0 0
2 0.75 0.9654947916666666 0.451171875 0.048177083333333336