0 0.5 0.01953125 1 0.0390625
0 0.1025390625 0.3196614583333333 0.046875 0.03515625
7 0.84228515625 0.3196614583333333 0.1396484375 0.02734375
0 0.84619140625 0.3196614583333333 0.1494140625 0.03515625
0 0.73974609375 0.3196614583333333 0.0302734375 0.03515625
0 0.681640625 0.3196614583333333 0.052734375 0.03515625
0 0.5908203125 0.3196614583333333 0.095703125 0.03515625
0 0.4580078125 0.3196614583333333 0.13671875 0.03515625
1 0.5 0.38671875 0.841796875 0.059895833333333336
7 0.11279296875 0.4596354166666667 0.0380859375 0.0234375
7 0.787109375 0.44921875 0.12109375 0.0234375
4 0.8837890625 0.4524739583333333 0.07421875 0.02734375
7 0.1494140625 0.9479166666666666 0.140625 0.0234375
6 0.26220703125 0.9479166666666666 0.0869140625 0.0234375
7 0.30810546875 0.9479166666666666 0.0068359375 0.0234375
6 0.361328125 0.9479166666666666 0.1015625 0.0234375
7 0.4208984375 0.9479166666666666 0.01953125 0.0234375
6 0.455078125 0.9479166666666666 0.05078125 0.0234375
7 0.53466796875 0.9479166666666666 0.1103515625 0.0234375
7 0.62646484375 0.9479166666666666 0.0478515625 0.0234375
7 0.732421875 0.9479166666666666 0.166015625 0.0234375
7 0.81201171875 0.9739583333333334 0.0498046875 0.0234375
7 0.888671875 0.9739583333333334 0.064453125 0.0234375