4 0.14208984375 0.07161458333333333 0.0107421875 0.10416666666666667
3 0.50927734375 0.07421875 0.7119140625 0.1171875
6 0.09228515625 0.16796875 0.1259765625 0.020833333333333332
4 0.048828125 0.23828125 0.03515625 0.046875
4 0.16259765625 0.23958333333333334 0.1611328125 0.041666666666666664
0 0.16259765625 0.23958333333333334 0.1611328125 0.041666666666666664
0 0.96044921875 0.23958333333333334 0.0263671875 0.0390625
7 0.9091796875 0.23958333333333334 0.025390625 0.03125
6 0.84033203125 0.23958333333333334 0.0517578125 0.026041666666666668
7 0.796875 0.4440104166666667 0.3203125 0.018229166666666668
2 0.78564453125 0.53125 0.2978515625 0.11197916666666667
7 0.70849609375 0.6243489583333334 0.1435546875 0.022135416666666668
7 0.79248046875 0.6243489583333334 0.0283203125 0.022135416666666668
2 0.5048828125 0.8190104166666666 0.990234375 0.033854166666666664
4 0.08154296875 0.94140625 0.1123046875 0.1171875
0 0.08154296875 0.94140625 0.1123046875 0.1171875
2 0.373046875 0.9427083333333334 0.19921875 0.11458333333333333
4 0.67041015625 0.9036458333333334 0.1103515625 0.041666666666666664
0 0.67041015625 0.9036458333333334 0.1103515625 0.041666666666666664
2 0.6201171875 0.9427083333333334 0.1953125 0.11458333333333333
4 0.91845703125 0.94140625 0.1083984375 0.1171875
0 0.86474609375 0.8828125 0.0009765625 0
3 0.9228515625 0.9778645833333334 0.115234375 0.044270833333333336
0 0.9228515625 0.9778645833333334 0.115234375 0.044270833333333336
3 0.1220703125 0.7747395833333334 0.244140625 0.4505208333333333