4 0.0517578125 0.030598958333333332 0.0234375 0.00390625
0 0.0517578125 0.038411458333333336 0.04296875 0.04296875
4 0.0517578125 0.038411458333333336 0.0234375 0.00390625
4 0.0517578125 0.046223958333333336 0.0234375 0.00390625
4 0.466796875 0.038411458333333336 0.169921875 0.037760416666666664
0 0.466796875 0.038411458333333336 0.169921875 0.037760416666666664
2 0.6103515625 0.197265625 0.19140625 0.040364583333333336
2 0.5966796875 0.228515625 0.1640625 0.040364583333333336
7 0.685546875 0.2701822916666667 0.341796875 0.024739583333333332
0 0.58154296875 0.3248697916666667 0.1337890625 0.045572916666666664
4 0.4560546875 0.4244791666666667 0.013671875 0.018229166666666668
4 0.4853515625 0.4244791666666667 0.013671875 0.018229166666666668
4 0.5146484375 0.4244791666666667 0.013671875 0.018229166666666668
4 0.5439453125 0.4244791666666667 0.013671875 0.018229166666666668
4 0.05517578125 0.515625 0.0673828125 0.08854166666666667
6 0.2197265625 0.5013020833333334 0.224609375 0.028645833333333332
0 0.2197265625 0.5162760416666666 0.224609375 0.05859375
7 0.185546875 0.5299479166666666 0.15625 0.03125
4 0.39111328125 0.515625 0.0673828125 0.08854166666666667
6 0.54296875 0.5013020833333334 0.19921875 0.028645833333333332
0 0.54296875 0.5162760416666666 0.19921875 0.05859375
7 0.494140625 0.5299479166666666 0.1015625 0.03125
4 0.71142578125 0.515625 0.0673828125 0.08854166666666667
6 0.86669921875 0.5013020833333334 0.2060546875 0.028645833333333332
0 0.86669921875 0.5162760416666666 0.2060546875 0.05859375
7 0.86376953125 0.5299479166666666 0.2001953125 0.03125
4 0.1845703125 0.7161458333333334 0.287109375 0.1484375
0 0.1845703125 0.7161458333333334 0.287109375 0.1484375
2 0.1845703125 0.845703125 0.251953125 0.06640625
7 0.267578125 0.9166666666666666 0.09375 0.020833333333333332
4 0.5 0.7161458333333334 0.287109375 0.1484375
0 0.5 0.7161458333333334 0.287109375 0.1484375
2 0.5 0.845703125 0.251953125 0.06640625
7 0.59375 0.9166666666666666 0.072265625 0.020833333333333332
4 0.8154296875 0.7161458333333334 0.287109375 0.1484375
0 0.8154296875 0.7161458333333334 0.287109375 0.1484375
2 0.8154296875 0.8541666666666666 0.251953125 0.08333333333333333
0 0.8154296875 0.8131510416666666 0.251953125 0.0013020833333333333
7 0.908203125 0.9166666666666666 0.07421875 0.020833333333333332
7 0.369140625 0.962890625 0.416015625 0.029947916666666668
0 0.6640625 0.9641927083333334 0.1484375 0.045572916666666664
6 0.7998046875 0.962890625 0.078125 0.029947916666666668