4 0.0283203125 0.041666666666666664 0.046875 0.0625
0 0.0615234375 0.010416666666666666 0 0
2 0.19384765625 0.027994791666666668 0.2646484375 0.03515625
1 0.7998046875 0.029296875 0.18359375 0.03515625
7 0.9453125 0.029296875 0.09765625 0.037760416666666664
7 0.078125 0.08658854166666667 0.146484375 0.01953125
0 0.08056640625 0.11002604166666667 0.1416015625 0.01953125
0 0.08056640625 0.13346354166666666 0.1416015625 0.01953125
2 0.078125 0.16471354166666666 0.13671875 0.01953125
0 0.08056640625 0.19075520833333334 0.1416015625 0.01953125
0 0.08056640625 0.21419270833333334 0.1416015625 0.01953125
0 0.08056640625 0.23763020833333334 0.1416015625 0.01953125
2 0.078125 0.2688802083333333 0.13671875 0.01953125
0 0.08056640625 0.294921875 0.1416015625 0.01953125
0 0.08056640625 0.328125 0.1416015625 0.0390625
7 0.0546875 0.376953125 0.08984375 0.014322916666666666
7 0.1123046875 0.376953125 0.025390625 0.014322916666666666
7 0.07666015625 0.3912760416666667 0.1337890625 0.04296875
7 0.0693359375 0.4127604166666667 0.119140625 0.028645833333333332
7 0.07177734375 0.4342447916666667 0.1240234375 0.04296875
7 0.05419921875 0.4485677083333333 0.0576171875 0.014322916666666666
7 0.45361328125 0.11783854166666667 0.5732421875 0.01953125
6 0.787109375 0.11783854166666667 0.09375 0.01953125
7 0.56005859375 0.13736979166666666 0.7861328125 0.05859375
7 0.2109375 0.19270833333333334 0.087890625 0.026041666666666668
7 0.36572265625 0.255859375 0.3974609375 0.09765625
4 0.1845703125 0.34765625 0.03125 0.041666666666666664
7 0.28955078125 0.341796875 0.1669921875 0.01953125
6 0.28271484375 0.380859375 0.1533203125 0.01953125
7 0.63427734375 0.19270833333333334 0.1181640625 0.026041666666666668
7 0.77587890625 0.236328125 0.4013671875 0.05859375
6 0.9140625 0.255859375 0.07421875 0.01953125
7 0.76513671875 0.275390625 0.3798828125 0.05859375
4 0.59375 0.3489583333333333 0.03125 0.041666666666666664
7 0.73388671875 0.3430989583333333 0.2373046875 0.01953125
6 0.708984375 0.3821614583333333 0.1875 0.01953125
6 0.31005859375 0.484375 0.0341796875 0.015625
6 0.38525390625 0.484375 0.0927734375 0.015625
6 0.4775390625 0.484375 0.06640625 0.015625
6 0.5478515625 0.484375 0.05078125 0.015625
7 0.61279296875 0.4850260416666667 0.0537109375 0.014322916666666666
6 0.67919921875 0.484375 0.0654296875 0.015625