7 0.4443359375 0.052083333333333336 0.671875 0.03125
6 0.81201171875 0.052083333333333336 0.0654296875 0.03125
4 0.93359375 0.052083333333333336 0.0234375 0.03125
0 0.93359375 0.052083333333333336 0.056640625 0.049479166666666664
4 0.10302734375 0.14453125 0.1259765625 0.036458333333333336
0 0.10302734375 0.14713541666666666 0.1591796875 0.059895833333333336
0 0.2265625 0.14713541666666666 0.05859375 0.0390625
0 0.33642578125 0.14713541666666666 0.1318359375 0.0390625
0 0.4443359375 0.14713541666666666 0.0546875 0.0390625
0 0.53466796875 0.14713541666666666 0.0966796875 0.0390625
0 0.80322265625 0.146484375 0.0771484375 0.05078125
0 0.9013671875 0.146484375 0.087890625 0.05078125
2 0.15869140625 0.650390625 0.2236328125 0.04296875
2 0.16357421875 0.6959635416666666 0.2333984375 0.04296875
2 0.171875 0.7415364583333334 0.25 0.04296875
4 0.26220703125 0.5716145833333334 0.3525390625 0.5338541666666666
4 0.1123046875 0.4147135416666667 0.130859375 0.08723958333333333
4 0.09375 0.2506510416666667 0.09375 0.032552083333333336
4 0.20361328125 0.767578125 0.3134765625 0.41796875
4 0.39892578125 0.3619791666666667 0.1962890625 0.2630208333333333
2 0.75 0.2884114583333333 0.34375 0.032552083333333336
5 0.595703125 0.3430989583333333 0.03515625 0.02734375
1 0.75 0.40234375 0.34375 0.06770833333333333
5 0.609375 0.474609375 0.0625 0.02734375
1 0.75 0.5338541666666666 0.34375 0.06770833333333333
0 0.75 0.6217447916666666 0.34375 0.06901041666666667
7 0.71240234375 0.7037760416666666 0.2685546875 0.053385416666666664
6 0.7216796875 0.7174479166666666 0.103515625 0.026041666666666668
7 0.78173828125 0.7174479166666666 0.0166015625 0.026041666666666668
6 0.833984375 0.7174479166666666 0.087890625 0.026041666666666668
7 0.87939453125 0.7174479166666666 0.0029296875 0.026041666666666668
2 0.75 0.7630208333333334 0.34375 0.0234375
4 0.6181640625 0.8235677083333334 0.0234375 0.029947916666666668
0 0.6181640625 0.8235677083333334 0.080078125 0.06901041666666667
4 0.7060546875 0.8235677083333334 0.0234375 0.032552083333333336
0 0.7060546875 0.8235677083333334 0.080078125 0.06901041666666667
4 0.7939453125 0.8235677083333334 0.0234375 0.032552083333333336
0 0.7939453125 0.8235677083333334 0.080078125 0.06901041666666667
4 0.8818359375 0.8235677083333334 0.0234375 0.032552083333333336
0 0.8818359375 0.8235677083333334 0.080078125 0.06901041666666667