4 0.03271484375 0.029296875 0.0244140625 0.032552083333333336
7 0.3994140625 0.028645833333333332 0.69140625 0.0234375
0 0.9462890625 0.029296875 0.06640625 0.03515625
7 0.1533203125 0.091796875 0.154296875 0.03515625
0 0.1435546875 0.09244791666666667 0.205078125 0.06510416666666667
0 0.27392578125 0.09244791666666667 0.0576171875 0.06510416666666667
0 0.341796875 0.09244791666666667 0.080078125 0.06510416666666667
0 0.408203125 0.09244791666666667 0.0546875 0.06510416666666667
0 0.4580078125 0.09244791666666667 0.046875 0.06510416666666667
0 0.5283203125 0.09244791666666667 0.095703125 0.06510416666666667
0 0.60205078125 0.09244791666666667 0.0537109375 0.06510416666666667
4 0.8203125 0.09244791666666667 0.015625 0.020833333333333332
0 0.8203125 0.09244791666666667 0.03515625 0.06510416666666667
4 0.865234375 0.09244791666666667 0.015625 0.020833333333333332
0 0.908203125 0.09244791666666667 0.130859375 0.06510416666666667
7 0.91796875 0.091796875 0.072265625 0.02734375
7 0.26904296875 0.15169270833333334 0.0517578125 0.02734375
7 0.30810546875 0.15169270833333334 0.0263671875 0.02734375
7 0.5390625 0.15169270833333334 0.435546875 0.02734375
2 0.18408203125 0.2903645833333333 0.2646484375 0.08333333333333333
2 0.1845703125 0.3587239583333333 0.287109375 0.06901041666666667
7 0.08349609375 0.419921875 0.0322265625 0.029947916666666668
7 0.103515625 0.419921875 0.009765625 0.029947916666666668
7 0.2041015625 0.4348958333333333 0.193359375 0.059895833333333336
4 0.08056640625 0.529296875 0.0185546875 0.024739583333333332
0 0.1015625 0.537109375 0.12109375 0.08203125
7 0.115234375 0.525390625 0.033203125 0.029947916666666668
7 0.1015625 0.560546875 0.12109375 0.022135416666666668
4 0.20166015625 0.529296875 0.0185546875 0.024739583333333332
0 0.2236328125 0.537109375 0.12109375 0.08203125
7 0.2373046875 0.525390625 0.03515625 0.029947916666666668
7 0.2236328125 0.560546875 0.12109375 0.022135416666666668
4 0.306640625 0.537109375 0.0234375 0.055989583333333336
6 0.12939453125 0.6171875 0.0869140625 0.0234375
7 0.1865234375 0.6171875 0.029296875 0.0234375
6 0.2412109375 0.6171875 0.08203125 0.0234375
7 0.18408203125 0.6673177083333334 0.1748046875 0.022135416666666668
6 0.1826171875 0.689453125 0.150390625 0.022135416666666668
7 0.2587890625 0.689453125 0.00390625 0.022135416666666668
4 0.14453125 0.97265625 0.046875 0.0546875
0 0.14501953125 0.9602864583333334 0.2080078125 0.07942708333333333
4 0.3818359375 0.97265625 0.046875 0.0546875
0 0.38134765625 0.9602864583333334 0.2080078125 0.07942708333333333
4 0.6181640625 0.97265625 0.046875 0.0546875
0 0.61865234375 0.9602864583333334 0.2080078125 0.07942708333333333
4 0.85546875 0.97265625 0.046875 0.0546875
0 0.85498046875 0.9602864583333334 0.2080078125 0.07942708333333333