7 0.29248046875 0.029296875 0.0654296875 0.022135416666666668
7 0.5322265625 0.029296875 0.416015625 0.022135416666666668
4 0.98193359375 0.024088541666666668 0.0361328125 0.048177083333333336
2 0.166015625 0.12890625 0.29296875 0.08854166666666667
0 0.17822265625 0.12890625 0.3173828125 0.08854166666666667
0 0.37060546875 0.12890625 0.0673828125 0.046875
7 0.4423828125 0.12890625 0.068359375 0.046875
7 0.544921875 0.12890625 0.12890625 0.046875
7 0.658203125 0.12890625 0.08984375 0.046875
7 0.7509765625 0.12890625 0.087890625 0.046875
7 0.86181640625 0.12890625 0.1259765625 0.046875
7 0.96435546875 0.12890625 0.0712890625 0.046875
7 0.5 0.2545572916666667 0.634765625 0.029947916666666668
7 0.1416015625 0.287109375 0.23828125 0.029947916666666668
6 0.31884765625 0.287109375 0.1162109375 0.029947916666666668
7 0.67724609375 0.287109375 0.6005859375 0.029947916666666668
6 0.5 0.3522135416666667 0.29296875 0.029947916666666668
4 0.5 0.7395833333333334 0.95703125 0.5208333333333334
0 0.5 0.7395833333333334 0.95703125 0.5208333333333334
4 0.04296875 0.7467447916666666 0.04296875 0.07942708333333333
4 0.95703125 0.7467447916666666 0.04296875 0.07942708333333333