2 0.1337890625 0.033854166666666664 0.21484375 0.044270833333333336
0 0.1337890625 0.029296875 0.21484375 0.05859375
0 0.4052734375 0.035807291666666664 0.064453125 0.037760416666666664
0 0.49853515625 0.035807291666666664 0.1142578125 0.037760416666666664
0 0.61083984375 0.035807291666666664 0.1025390625 0.037760416666666664
0 0.69775390625 0.035807291666666664 0.0634765625 0.037760416666666664
0 0.765625 0.035807291666666664 0.064453125 0.037760416666666664
0 0.89501953125 0.036458333333333336 0.1572265625 0.046875
2 0.5 0.171875 0.845703125 0.078125
2 0.5 0.23958333333333334 0.755859375 0.078125
0 0.5 0.333984375 0.314453125 0.06380208333333333
4 0.15380859375 0.4114583333333333 0.1904296875 0.22135416666666666
4 0.53271484375 0.5670572916666666 0.2841796875 0.07682291666666667
4 0.072265625 0.6438802083333334 0.091796875 0.11588541666666667
7 0.1748046875 0.634765625 0.296875 0.09765625
4 0.38916015625 0.6360677083333334 0.0751953125 0.10026041666666667
7 0.5 0.634765625 0.296875 0.09765625
4 0.72607421875 0.63671875 0.0986328125 0.1015625
7 0.8251953125 0.634765625 0.296875 0.09765625
4 0.2265625 0.7252604166666666 0.283203125 0.03125
7 0.453125 0.7760416666666666 0.806640625 0.028645833333333332
7 0.900390625 0.7760416666666666 0.087890625 0.028645833333333332
7 0.947265625 0.7760416666666666 0.005859375 0.028645833333333332
2 0.5 0.9192708333333334 0.947265625 0.044270833333333336
4 0.693359375 0.9967447916666666 0.123046875 0.006510416666666667
4 0.98681640625 0.9967447916666666 0.0263671875 0.006510416666666667
3 0.9267578125 0.9544270833333334 0.107421875 0.06510416666666667