4 0.10498046875 0.052083333333333336 0.1318359375 0.0390625
0 0.10498046875 0.052083333333333336 0.1318359375 0.0390625
6 0.57080078125 0.052083333333333336 0.0947265625 0.028645833333333332
6 0.681640625 0.052083333333333336 0.052734375 0.028645833333333332
7 0.79443359375 0.051432291666666664 0.0439453125 0.022135416666666668
0 0.79443359375 0.051432291666666664 0.0947265625 0.05078125
7 0.90869140625 0.051432291666666664 0.0537109375 0.022135416666666668
0 0.90869140625 0.051432291666666664 0.1044921875 0.05078125
7 0.5 0.4375 0.5234375 0.06770833333333333
7 0.49951171875 0.5279947916666666 0.5068359375 0.07161458333333333
6 0.4873046875 0.552734375 0.05859375 0.022135416666666668
7 0.54052734375 0.5651041666666666 0.4248046875 0.046875
7 0.50048828125 0.6438802083333334 0.0654296875 0.022135416666666668
0 0.5 0.6438802083333334 0.2734375 0.06901041666666667
0 0.5 0.6946614583333334 0.5234375 0.032552083333333336
2 0.49951171875 0.23307291666666666 0.3798828125 0.049479166666666664
2 0.49951171875 0.2825520833333333 0.3427734375 0.049479166666666664
2 0.5 0.3359375 0.41015625 0.03125
7 0.38037109375 0.4381510416666667 0.1240234375 0.022135416666666668
0 0.38037109375 0.4381510416666667 0.2158203125 0.06901041666666667
7 0.61962890625 0.4381510416666667 0.0888671875 0.022135416666666668
0 0.61962890625 0.4381510416666667 0.2158203125 0.06901041666666667
2 0.5 0.990234375 0.921875 0.01953125