0 0 0.033854166666666664 0 0.06770833333333333
0 0 0.1015625 0 0.06770833333333333
0 0 0.16927083333333334 0 0.06770833333333333
0 0 0.23697916666666666 0 0.06770833333333333
0 0 0.3046875 0 0.06770833333333333
0 0 0.3723958333333333 0 0.06770833333333333
0 0 0.010416666666666666 0 0.020833333333333332
0 0 0.044921875 0 0.048177083333333336
0 0 0.4401041666666667 0 0.06770833333333333
0 0 0.020182291666666668 0 0.040364583333333336
0 0 0.5078125 0 0.06770833333333333
0 0 0.083984375 0 0.048177083333333336
0 0 0.13216145833333334 0 0.048177083333333336
0 0 0.18033854166666666 0 0.048177083333333336
0 0 0.228515625 0 0.048177083333333336
0 0 0.2766927083333333 0 0.048177083333333336
0 0 0.576171875 0 0.06901041666666667
0 0 0.64453125 0 0.0703125
0 0 0.7135416666666666 0 0.0703125
2 0.5 0.048828125 0.29296875 0.045572916666666664
0 0.89990234375 0.11328125 0.0830078125 0.0234375
0 0.97119140625 0.11328125 0.0576171875 0.0234375
4 0.02587890625 0.111328125 0.0283203125 0.022135416666666668
7 0.5 0.18424479166666666 1 0.037760416666666664
0 0.5 0.18424479166666666 1 0.037760416666666664
4 0.0556640625 0.22916666666666666 0.015625 0.020833333333333332
0 0.11572265625 0.23177083333333334 0.1669921875 0.06510416666666667
7 0.1240234375 0.23046875 0.12109375 0.026041666666666668
4 0.23193359375 0.23111979166666666 0.0185546875 0.024739583333333332
0 0.306640625 0.23177083333333334 0.197265625 0.06510416666666667
7 0.31787109375 0.23046875 0.1455078125 0.026041666666666668
4 0.4375 0.22916666666666666 0.015625 0.020833333333333332
0 0.4658203125 0.23177083333333334 0.103515625 0.06510416666666667
7 0.47607421875 0.23046875 0.0537109375 0.026041666666666668
4 0.5498046875 0.22916666666666666 0.015625 0.020833333333333332
0 0.60693359375 0.23177083333333334 0.1611328125 0.06510416666666667
7 0.6171875 0.23046875 0.111328125 0.026041666666666668
4 0.7197265625 0.22916666666666666 0.015625 0.020833333333333332
0 0.75830078125 0.23177083333333334 0.1240234375 0.06510416666666667
7 0.7685546875 0.23046875 0.07421875 0.026041666666666668
4 0.85302734375 0.23111979166666666 0.0185546875 0.024739583333333332
0 0.90625 0.23177083333333334 0.154296875 0.06510416666666667
7 0.91748046875 0.23046875 0.1025390625 0.026041666666666668
4 0.45068359375 0.294921875 0.0185546875 0.024739583333333332
0 0.5078125 0.2955729166666667 0.162109375 0.06510416666666667
7 0.51904296875 0.2942708333333333 0.1103515625 0.026041666666666668
3 0.5 0.400390625 0.7109375 0.11848958333333333
4 0.30029296875 0.7623697916666666 0.5810546875 0.4752604166666667
0 0.009765625 0.525390625 0 0.0013020833333333333
2 0.28662109375 0.984375 0.5537109375 0.03125
7 0.7998046875 0.5540364583333334 0.33203125 0.07942708333333333
2 0.79541015625 0.642578125 0.3232421875 0.053385416666666664
7 0.8408203125 0.6555989583333334 0.0703125 0.024739583333333332
2 0.78564453125 0.7571614583333334 0.3037109375 0.07942708333333333
7 0.8671875 0.783203125 0.0703125 0.024739583333333332
7 0.6982421875 0.8600260416666666 0.12890625 0.029947916666666668
2 0.787109375 0.908203125 0.306640625 0.053385416666666664
7 0.64306640625 0.947265625 0.0185546875 0.024739583333333332
6 0.6904296875 0.947265625 0.078125 0.024739583333333332
4 0.66357421875 0.9811197916666666 0.0595703125 0.02734375
0 0.7998046875 0.9811197916666666 0.33203125 0.02734375
7 0.36376953125 0.9563802083333334 0.5986328125 0.024739583333333332
6 0.7080078125 0.9563802083333334 0.091796875 0.024739583333333332
7 0.76806640625 0.9563802083333334 0.0302734375 0.024739583333333332
6 0.82568359375 0.9563802083333334 0.0869140625 0.024739583333333332
7 0.87060546875 0.9563802083333334 0.0048828125 0.024739583333333332
0 0.91015625 0.9563802083333334 0.05078125 0.048177083333333336
4 0.5 0.5 1 1