0 0.07763671875 0.028645833333333332 0.1318359375 0.057291666666666664
7 0.234375 0.028645833333333332 0.056640625 0.020833333333333332
0 0.234375 0.028645833333333332 0.076171875 0.057291666666666664
7 0.357421875 0.028645833333333332 0.044921875 0.020833333333333332
0 0.357421875 0.028645833333333332 0.064453125 0.057291666666666664
7 0.478515625 0.028645833333333332 0.0546875 0.020833333333333332
0 0.478515625 0.028645833333333332 0.07421875 0.057291666666666664
7 0.609375 0.028645833333333332 0.0625 0.020833333333333332
0 0.609375 0.028645833333333332 0.08203125 0.057291666666666664
7 0.73828125 0.028645833333333332 0.052734375 0.020833333333333332
0 0.73828125 0.028645833333333332 0.072265625 0.057291666666666664
7 0.86376953125 0.028645833333333332 0.0537109375 0.020833333333333332
0 0.86376953125 0.028645833333333332 0.0732421875 0.057291666666666664
4 0.97021484375 0.028645833333333332 0.0361328125 0.057291666666666664
2 0.5 0.23177083333333334 0.41015625 0.11458333333333333
1 0.5 0.384765625 0.478515625 0.07421875
4 0.28955078125 0.3834635416666667 0.0185546875 0.024739583333333332
7 0.17236328125 0.6328125 0.1103515625 0.03125
2 0.046875 0.6803385416666666 0.05078125 0.01953125
6 0.04150390625 0.7141927083333334 0.0400390625 0.01953125
6 0.03125 0.7467447916666666 0.01953125 0.01953125
6 0.04638671875 0.7805989583333334 0.0498046875 0.01953125
6 0.03515625 0.8131510416666666 0.02734375 0.01953125
6 0.0634765625 0.8470052083333334 0.083984375 0.01953125
6 0.04052734375 0.8802083333333334 0.0380859375 0.018229166666666668
6 0.0458984375 0.9134114583333334 0.048828125 0.01953125
6 0.048828125 0.947265625 0.0546875 0.01953125
6 0.0419921875 0.9798177083333334 0.041015625 0.01953125
2 0.23291015625 0.6803385416666666 0.0400390625 0.01953125
6 0.2890625 0.7141927083333334 0.15234375 0.01953125
6 0.2421875 0.7467447916666666 0.05859375 0.01953125
6 0.2314453125 0.7805989583333334 0.037109375 0.01953125
6 0.2705078125 0.8131510416666666 0.115234375 0.01953125
6 0.22802734375 0.8470052083333334 0.0302734375 0.01953125
6 0.24755859375 0.8802083333333334 0.0693359375 0.018229166666666668
6 0.24609375 0.9134114583333334 0.06640625 0.01953125
6 0.24658203125 0.947265625 0.0673828125 0.01953125
2 0.427734375 0.6803385416666666 0.046875 0.01953125
6 0.421875 0.7141927083333334 0.03515625 0.01953125
6 0.41796875 0.7467447916666666 0.02734375 0.01953125
6 0.4541015625 0.7805989583333334 0.099609375 0.01953125
6 0.43115234375 0.8131510416666666 0.0537109375 0.01953125
6 0.4462890625 0.8470052083333334 0.083984375 0.01953125
6 0.4228515625 0.8802083333333334 0.037109375 0.018229166666666668
6 0.4345703125 0.9134114583333334 0.060546875 0.01953125
2 0.62451171875 0.6803385416666666 0.0576171875 0.01953125
6 0.64990234375 0.7141927083333334 0.1083984375 0.01953125
6 0.623046875 0.7467447916666666 0.0546875 0.01953125
6 0.6279296875 0.7805989583333334 0.064453125 0.01953125
6 0.63427734375 0.8131510416666666 0.0771484375 0.01953125
6 0.64453125 0.8470052083333334 0.09765625 0.01953125
6 0.64306640625 0.8802083333333334 0.0947265625 0.018229166666666668
6 0.65478515625 0.9134114583333334 0.1181640625 0.01953125
6 0.65380859375 0.947265625 0.1162109375 0.01953125
2 0.810546875 0.6803385416666666 0.046875 0.01953125
6 0.80810546875 0.7141927083333334 0.0419921875 0.01953125
6 0.837890625 0.7467447916666666 0.1015625 0.01953125
6 0.86083984375 0.7805989583333334 0.1474609375 0.01953125
6 0.82666015625 0.8131510416666666 0.0791015625 0.01953125
6 0.81787109375 0.8470052083333334 0.0615234375 0.01953125
2 0.81103515625 0.8990885416666666 0.0478515625 0.01953125
6 0.85595703125 0.9427083333333334 0.1376953125 0.0390625
6 0.83935546875 0.986328125 0.1044921875 0.01953125