4 0.0341796875 0.0390625 0.048828125 0.06510416666666667
0 0.0830078125 0.0390625 0.146484375 0.06510416666666667
4 0.107421875 0.0390625 0.09765625 0.06510416666666667
4 0.89794921875 0.022786458333333332 0.0244140625 0.032552083333333336
0 0.89794921875 0.026692708333333332 0.0244140625 0.040364583333333336
4 0.93798828125 0.022786458333333332 0.0244140625 0.032552083333333336
0 0.93798828125 0.026692708333333332 0.0244140625 0.040364583333333336
4 0.97802734375 0.022786458333333332 0.0244140625 0.032552083333333336
0 0.97802734375 0.026692708333333332 0.0244140625 0.040364583333333336
7 0.04150390625 0.10546875 0.0634765625 0.052083333333333336
1 0.9580078125 0.10416666666666667 0.064453125 0.0390625
4 0.5 0.396484375 0.98046875 0.4908854166666667
0 0.03271484375 0.6328125 0.0263671875 0.028645833333333332
0 0.05908203125 0.6328125 0.0263671875 0.028645833333333332
0 0.08544921875 0.6328125 0.0263671875 0.028645833333333332
0 0.11181640625 0.6328125 0.0263671875 0.028645833333333332
0 0.13818359375 0.6328125 0.0263671875 0.028645833333333332
0 0.16455078125 0.6328125 0.0263671875 0.028645833333333332
0 0.19091796875 0.6328125 0.0263671875 0.028645833333333332
0 0.21728515625 0.6328125 0.0263671875 0.028645833333333332
0 0.24365234375 0.6328125 0.0263671875 0.028645833333333332
0 0.27001953125 0.6328125 0.0263671875 0.028645833333333332
0 0.29638671875 0.6328125 0.0263671875 0.028645833333333332
0 0.32275390625 0.6328125 0.0263671875 0.028645833333333332
2 0.08740234375 0.7220052083333334 0.1552734375 0.03515625
2 0.18408203125 0.7194010416666666 0.0166015625 0.022135416666666668
2 0.029296875 0.7923177083333334 0.0390625 0.06640625
6 0.08837890625 0.76953125 0.0244140625 0.0234375
2 0.28271484375 0.8033854166666666 0.4130859375 0.028645833333333332
2 0.029296875 0.861328125 0.0390625 0.06640625
6 0.11083984375 0.8385416666666666 0.0693359375 0.0234375
2 0.359375 0.8723958333333334 0.56640625 0.028645833333333332
2 0.029296875 0.931640625 0.0390625 0.06640625
6 0.11083984375 0.9075520833333334 0.0693359375 0.0234375
2 0.294921875 0.9427083333333334 0.4375 0.028645833333333332
2 0.029296875 0.9837239583333334 0.0390625 0.032552083333333336
6 0.11083984375 0.9778645833333334 0.0693359375 0.0234375
2 0.21728515625 0.9986979166666666 0.2822265625 0.0026041666666666665