4 0.04541015625 0.049479166666666664 0.0322265625 0.046875
0 0.04541015625 0.049479166666666664 0.0322265625 0.046875
7 0.111328125 0.046875 0.076171875 0.059895833333333336
7 0.20751953125 0.046875 0.1005859375 0.059895833333333336
7 0.2900390625 0.046875 0.048828125 0.059895833333333336
7 0.34423828125 0.046875 0.0439453125 0.059895833333333336
7 0.416015625 0.046875 0.064453125 0.020833333333333332
4 0.45654296875 0.048828125 0.0068359375 0.006510416666666667
7 0.51220703125 0.046875 0.0654296875 0.020833333333333332
4 0.55322265625 0.048828125 0.0068359375 0.006510416666666667
7 0.59814453125 0.046875 0.0439453125 0.020833333333333332
4 0.62841796875 0.048828125 0.0068359375 0.006510416666666667
0 0.86767578125 0.048177083333333336 0.0673828125 0.041666666666666664
4 0.9482421875 0.046875 0.021484375 0.026041666666666668
4 0.96728515625 0.046875 0.0068359375 0.0078125
4 0.26123046875 0.15104166666666666 0.1044921875 0.0625
7 0.4384765625 0.15104166666666666 0.1875 0.026041666666666668
2 0.5 0.2630208333333333 0.80859375 0.057291666666666664
7 0.5 0.3541666666666667 0.693359375 0.09375
7 0.3583984375 0.466796875 0.244140625 0.05859375
7 0.6416015625 0.4680989583333333 0.244140625 0.05859375
0 0.6416015625 0.4680989583333333 0.244140625 0.05859375
4 0.5 0.9140625 1 0.049479166666666664
4 0.548828125 0.5885416666666666 0.037109375 0.049479166666666664
4 0.236328125 0.7213541666666666 0.037109375 0.049479166666666664
4 0.20703125 0.5234375 0.037109375 0.049479166666666664
4 0.6953125 0.6536458333333334 0.037109375 0.049479166666666664
4 0.16796875 0.6145833333333334 0.037109375 0.049479166666666664
4 0.939453125 0.7838541666666666 0.037109375 0.049479166666666664
4 0.841796875 0.5234375 0.037109375 0.049479166666666664
4 0.6171875 0.7317708333333334 0.037109375 0.049479166666666664
4 0.5 0.640625 1 0.049479166666666664
4 0.0751953125 0.841796875 0.08984375 0.10807291666666667
4 0.12109375 0.884765625 0.078125 0.10546875
4 0.6171875 0.5852864583333334 0.078125 0.10546875
4 0.7890625 0.7552083333333334 0.08984375 0.125
4 0.310546875 0.6692708333333334 0.087890625 0.1171875
4 0.5 0.8522135416666666 0.56640625 0.2955729166666667
4 0.5 0.9915364583333334 1 0.016927083333333332
4 0.17724609375 0.9947916666666666 0.1396484375 0.010416666666666666
4 0.748046875 0.9303385416666666 0.50390625 0.13932291666666666
4 0.84912109375 0.919921875 0.1376953125 0.16015625