4 0.1162109375 0.07291666666666667 0.146484375 0.059895833333333336
0 0.1162109375 0.08072916666666667 0.146484375 0.07552083333333333
0 0.30810546875 0.08072916666666667 0.0986328125 0.052083333333333336
0 0.40673828125 0.08072916666666667 0.0732421875 0.052083333333333336
0 0.49609375 0.08072916666666667 0.080078125 0.052083333333333336
0 0.59228515625 0.08072916666666667 0.0869140625 0.052083333333333336
0 0.6865234375 0.08072916666666667 0.076171875 0.052083333333333336
4 0.77392578125 0.076171875 0.0146484375 0.01953125
0 0.77392578125 0.08138020833333333 0.0146484375 0.029947916666666668
0 0.81201171875 0.08138020833333333 0.0458984375 0.029947916666666668
0 0.90234375 0.08072916666666667 0.119140625 0.0703125
4 0.3359375 0.3587239583333333 0.5859375 0.24869791666666666
2 0.3603515625 0.626953125 0.634765625 0.18880208333333334
0 0.1337890625 0.7994791666666666 0.19140625 0.0703125
2 0.55859375 0.287109375 0.1640625 0.02734375
7 0.75830078125 0.4036458333333333 0.4345703125 0.2604166666666667
2 0.75830078125 0.5774739583333334 0.4345703125 0.03515625
7 0.75830078125 0.619140625 0.4345703125 0.02734375
6 0.6328125 0.7408854166666666 0.111328125 0.0234375