6 0.95751953125 0.038411458333333336 0.0341796875 0.022135416666666668
6 0.90234375 0.038411458333333336 0.0546875 0.022135416666666668
7 0.93212890625 0.038411458333333336 0.0087890625 0.022135416666666668
4 0.033203125 0.039713541666666664 0.015625 0.022135416666666668
6 0.06689453125 0.038411458333333336 0.0439453125 0.022135416666666668
7 0.09423828125 0.038411458333333336 0.0126953125 0.022135416666666668
1 0.1748046875 0.0390625 0.142578125 0.026041666666666668
1 0.2861328125 0.0390625 0.07421875 0.026041666666666668
6 0.3759765625 0.038411458333333336 0.099609375 0.022135416666666668
7 0.42919921875 0.038411458333333336 0.0087890625 0.022135416666666668
1 0.75390625 0.039713541666666664 0.1328125 0.024739583333333332
1 0.84326171875 0.039713541666666664 0.0400390625 0.024739583333333332
7 0.8681640625 0.038411458333333336 0.00390625 0.022135416666666668
2 0.62158203125 0.12630208333333334 0.7255859375 0.049479166666666664
7 0.62158203125 0.19986979166666666 0.7255859375 0.029947916666666668
7 0.36328125 0.24869791666666666 0.208984375 0.0234375
6 0.41845703125 0.3033854166666667 0.2412109375 0.03125
7 0.306640625 0.337890625 0.017578125 0.022135416666666668
6 0.4013671875 0.337890625 0.173828125 0.022135416666666668
7 0.517578125 0.337890625 0.060546875 0.022135416666666668
6 0.33203125 0.3893229166666667 0.068359375 0.03125
7 0.328125 0.4205729166666667 0.060546875 0.028645833333333332
6 0.37890625 0.4752604166666667 0.162109375 0.03125
7 0.38134765625 0.5065104166666666 0.1669921875 0.028645833333333332
6 0.39306640625 0.5611979166666666 0.1904296875 0.03125
7 0.42578125 0.5924479166666666 0.255859375 0.028645833333333332
6 0.4111328125 0.6471354166666666 0.2265625 0.03125
7 0.42431640625 0.6783854166666666 0.2529296875 0.028645833333333332
6 0.37646484375 0.7330729166666666 0.1572265625 0.03125
7 0.41552734375 0.7643229166666666 0.2353515625 0.028645833333333332
6 0.7392578125 0.3307291666666667 0.232421875 0.03125
7 0.775390625 0.3776041666666667 0.3046875 0.059895833333333336
6 0.75 0.4479166666666667 0.25390625 0.03125
7 0.759765625 0.4791666666666667 0.2734375 0.028645833333333332
6 0.74267578125 0.5338541666666666 0.2392578125 0.03125
7 0.720703125 0.5651041666666666 0.1953125 0.028645833333333332
6 0.68408203125 0.6197916666666666 0.1220703125 0.03125
7 0.7294921875 0.6510416666666666 0.212890625 0.028645833333333332
6 0.64892578125 0.7057291666666666 0.0517578125 0.03125
7 0.75634765625 0.7369791666666666 0.2666015625 0.028645833333333332
7 0.32958984375 0.8216145833333334 0.1416015625 0.0234375
6 0.3916015625 0.8763020833333334 0.1875 0.03125
7 0.3837890625 0.9075520833333334 0.171875 0.028645833333333332
6 0.3623046875 0.9622395833333334 0.12890625 0.03125
7 0.38427734375 0.9895833333333334 0.1728515625 0.020833333333333332
6 0.68115234375 0.9192708333333334 0.1162109375 0.03125
7 0.70556640625 0.9505208333333334 0.1650390625 0.028645833333333332
6 0.74853515625 0.9947916666666666 0.2509765625 0.010416666666666666
2 0.1240234375 0.11979166666666667 0.197265625 0.0234375
6 0.10546875 0.15885416666666666 0.16015625 0.020833333333333332
2 0.1240234375 0.21744791666666666 0.197265625 0.0234375
6 0.11669921875 0.2526041666666667 0.1630859375 0.020833333333333332
6 0.08984375 0.2747395833333333 0.109375 0.020833333333333332
6 0.08984375 0.296875 0.109375 0.020833333333333332
6 0.1103515625 0.3190104166666667 0.150390625 0.020833333333333332
6 0.1103515625 0.3411458333333333 0.150390625 0.020833333333333332
6 0.08544921875 0.36328125 0.1005859375 0.020833333333333332
6 0.068359375 0.3854166666666667 0.06640625 0.020833333333333332
2 0.1240234375 0.4440104166666667 0.197265625 0.0234375
6 0.06591796875 0.4791666666666667 0.0615234375 0.020833333333333332
6 0.0849609375 0.5013020833333334 0.099609375 0.020833333333333332
6 0.06201171875 0.5234375 0.0537109375 0.020833333333333332
6 0.087890625 0.5455729166666666 0.10546875 0.020833333333333332
6 0.11083984375 0.5677083333333334 0.1513671875 0.020833333333333332
7 0.23388671875 0.498046875 0.0087890625 0.022135416666666668