4 0.302734375 0.08919270833333333 0.60546875 0.17838541666666666
4 0.0166015625 0.1953125 0.033203125 0.033854166666666664
7 0.0791015625 0.19466145833333334 0.052734375 0.01953125
7 0.1123046875 0.19466145833333334 0.013671875 0.01953125
0 0.16357421875 0.19466145833333334 0.0888671875 0.01953125
7 0.21337890625 0.19466145833333334 0.0146484375 0.01953125
0 0.26904296875 0.19466145833333334 0.0986328125 0.01953125
7 0.32568359375 0.19466145833333334 0.0146484375 0.01953125
0 0.35595703125 0.19466145833333334 0.0478515625 0.01953125
7 0.38720703125 0.19466145833333334 0.0185546875 0.01953125
0 0.443359375 0.19466145833333334 0.095703125 0.01953125
7 0.49853515625 0.19466145833333334 0.0146484375 0.01953125
0 0.59423828125 0.19466145833333334 0.1787109375 0.01953125
7 0.68896484375 0.19466145833333334 0.0146484375 0.01953125
0 0.72314453125 0.19466145833333334 0.0537109375 0.01953125
7 0.75634765625 0.19466145833333334 0.0146484375 0.01953125
0 0.8212890625 0.19466145833333334 0.1171875 0.01953125
4 0.5 0.21549479166666666 1 0.00390625
7 0.0634765625 0.283203125 0.080078125 0.032552083333333336
7 0.109375 0.2734375 0.013671875 0.026041666666666668
7 0.15576171875 0.283203125 0.0810546875 0.032552083333333336
7 0.46484375 0.2779947916666667 0.19921875 0.03515625
4 0.29345703125 0.509765625 0.5595703125 0.3138020833333333
7 0.25537109375 0.7233072916666666 0.4326171875 0.01953125
6 0.2900390625 0.736328125 0.501953125 0.045572916666666664
7 0.26025390625 0.7493489583333334 0.3056640625 0.01953125
6 0.296875 0.7623697916666666 0.515625 0.045572916666666664
7 0.2958984375 0.814453125 0.513671875 0.09765625
2 0.796875 0.2721354166666667 0.38671875 0.026041666666666668
7 0.7939453125 0.3580729166666667 0.412109375 0.10416666666666667
1 0.75830078125 0.4537760416666667 0.3251953125 0.02734375
1 0.96337890625 0.4537760416666667 0.0576171875 0.032552083333333336
7 0.69970703125 0.509765625 0.1982421875 0.01953125
6 0.890625 0.509765625 0.18359375 0.01953125
7 0.7939453125 0.5618489583333334 0.38671875 0.12369791666666667
7 0.7412109375 0.6790364583333334 0.275390625 0.01953125
6 0.9306640625 0.6790364583333334 0.09765625 0.01953125
7 0.9794921875 0.6790364583333334 0.00390625 0.01953125
4 0.6787109375 0.7903645833333334 0.15625 0.09114583333333333
7 0.86865234375 0.7584635416666666 0.1962890625 0.01953125
7 0.8408203125 0.7819010416666666 0.140625 0.01953125
6 0.87451171875 0.8138020833333334 0.2080078125 0.0390625
7 0.5 0.9127604166666666 0.453125 0.026041666666666668
6 0.5146484375 0.9479166666666666 0.080078125 0.015625
4 0.28564453125 0.990234375 0.0244140625 0.01953125
7 0.30126953125 0.9921875 0.0087890625 0.015625
7 0.31787109375 0.9947916666666666 0.0263671875 0.010416666666666666
7 0.33447265625 0.9921875 0.0087890625 0.015625
7 0.36474609375 0.9947916666666666 0.0537109375 0.010416666666666666
7 0.39501953125 0.9921875 0.0087890625 0.015625
7 0.43359375 0.9947916666666666 0.0703125 0.010416666666666666
7 0.47216796875 0.9921875 0.0087890625 0.015625
7 0.6005859375 0.9947916666666666 0.25 0.010416666666666666