7 0.15673828125 0.048828125 0.0615234375 0.032552083333333336
0 0.15673828125 0.048828125 0.0771484375 0.048177083333333336
7 0.23681640625 0.048828125 0.0673828125 0.032552083333333336
0 0.24755859375 0.048828125 0.1044921875 0.048177083333333336
7 0.33251953125 0.048828125 0.0498046875 0.032552083333333336
0 0.33251953125 0.048828125 0.0654296875 0.048177083333333336
7 0.41650390625 0.048828125 0.0869140625 0.032552083333333336
0 0.41650390625 0.048828125 0.1025390625 0.048177083333333336
7 0.5126953125 0.048828125 0.07421875 0.032552083333333336
0 0.5234375 0.048828125 0.111328125 0.048177083333333336
7 0.6142578125 0.048828125 0.0546875 0.032552083333333336
0 0.625 0.048828125 0.091796875 0.048177083333333336
7 0.748046875 0.048828125 0.04296875 0.024739583333333332
0 0.748046875 0.048828125 0.076171875 0.048177083333333336
7 0.89599609375 0.048828125 0.1142578125 0.024739583333333332
0 0.88525390625 0.048828125 0.1669921875 0.048177083333333336
4 0.19677734375 0.14713541666666666 0.0419921875 0.0546875
2 0.43798828125 0.1328125 0.3955078125 0.028645833333333332
2 0.43798828125 0.16145833333333334 0.3955078125 0.028645833333333332
7 0.7451171875 0.14713541666666666 0.119140625 0.03125
0 0.7451171875 0.14713541666666666 0.158203125 0.057291666666666664
2 0.5 0.2962239583333333 0.953125 0.053385416666666664
2 0.5 0.365234375 0.953125 0.04296875
7 0.5 0.4674479166666667 0.16796875 0.03125
0 0.5 0.4674479166666667 0.20703125 0.057291666666666664
4 0.5 0.7740885416666666 0.734375 0.4518229166666667