7 0.255859375 0.035807291666666664 0.142578125 0.03515625
0 0.25390625 0.036458333333333336 0.158203125 0.0703125
0 0.36865234375 0.032552083333333336 0.0693359375 0.0625
0 0.4287109375 0.032552083333333336 0.05078125 0.0625
0 0.50439453125 0.032552083333333336 0.1005859375 0.0625
0 0.591796875 0.035807291666666664 0.07421875 0.06901041666666667
7 0.791015625 0.037109375 0.072265625 0.022135416666666668
0 0.79345703125 0.033854166666666664 0.1083984375 0.06510416666666667
0 0.8740234375 0.033203125 0.03515625 0.05859375
0 0.912109375 0.030598958333333332 0.015625 0.061197916666666664
4 0.4970703125 0.4055989583333333 0.994140625 0.7513020833333334
2 0.21044921875 0.3470052083333333 0.3017578125 0.037760416666666664
7 0.21044921875 0.3912760416666667 0.3017578125 0.04296875
7 0.11767578125 0.4557291666666667 0.0654296875 0.026041666666666668
0 0.12353515625 0.4557291666666667 0.1240234375 0.057291666666666664
2 0.5 0.837890625 0.9609375 0.055989583333333336
4 0.1396484375 0.9739583333333334 0.07421875 0.052083333333333336
4 0.3798828125 0.9739583333333334 0.07421875 0.052083333333333336
4 0.6201171875 0.9739583333333334 0.07421875 0.052083333333333336
4 0.8603515625 0.9739583333333334 0.07421875 0.052083333333333336