0 0.96923828125 0.051432291666666664 0.0322265625 0.04296875
1 0.478515625 0.3841145833333333 0.58203125 0.059895833333333336
1 0.79931640625 0.3841145833333333 0.0517578125 0.059895833333333336
2 0.5 0.5266927083333334 0.546875 0.05859375
7 0.5 0.583984375 0.24609375 0.02734375
7 0.5 0.6204427083333334 0.265625 0.02734375
7 0.5 0.6569010416666666 0.177734375 0.02734375
7 0.5 0.7259114583333334 0.23046875 0.05859375
0 0.5 0.7259114583333334 0.23046875 0.05859375
7 0.44921875 0.7923177083333334 0.05859375 0.022135416666666668
7 0.49951171875 0.7923177083333334 0.0419921875 0.022135416666666668
7 0.55029296875 0.7923177083333334 0.0595703125 0.022135416666666668
4 0.5 0.9622395833333334 1 0.07552083333333333