4 0.068359375 0.040364583333333336 0.107421875 0.0390625
0 0.068359375 0.0390625 0.13671875 0.078125
7 0.19677734375 0.0390625 0.0966796875 0.052083333333333336
0 0.19677734375 0.0390625 0.1201171875 0.078125
7 0.30517578125 0.0390625 0.0732421875 0.052083333333333336
7 0.42529296875 0.0390625 0.1201171875 0.052083333333333336
2 0.5 0.2838541666666667 0.7421875 0.09895833333333333
7 0.5 0.3509114583333333 0.7421875 0.037760416666666664
1 0.373046875 0.4576822916666667 0.48828125 0.07421875
0 0.7333984375 0.4576822916666667 0.1953125 0.07421875
7 0.32421875 0.5201822916666666 0.12109375 0.02734375
7 0.43359375 0.5201822916666666 0.09765625 0.02734375
2 0.5 0.8971354166666666 0.91796875 0.036458333333333336
4 0.1845703125 0.9739583333333334 0.28515625 0.052083333333333336
0 0.1845703125 0.9733072916666666 0.287109375 0.053385416666666664
4 0.5 0.9739583333333334 0.28515625 0.052083333333333336
0 0.5 0.9733072916666666 0.287109375 0.053385416666666664
4 0.8154296875 0.9739583333333334 0.28515625 0.052083333333333336
0 0.8154296875 0.9733072916666666 0.287109375 0.053385416666666664