7 0.171875 0.018229166666666668 0.25 0.028645833333333332
0 0.380859375 0.018229166666666668 0.158203125 0.036458333333333336
2 0.5 0.06315104166666667 0.921875 0.037760416666666664
7 0.27099609375 0.111328125 0.4638671875 0.01953125
6 0.67041015625 0.111328125 0.3349609375 0.01953125
7 0.83935546875 0.111328125 0.0048828125 0.01953125
0 0.10107421875 0.166015625 0.1240234375 0.05078125
0 0.244140625 0.166015625 0.123046875 0.05078125
4 0.5 0.3111979166666667 0.17578125 0.11458333333333333
6 0.337890625 0.5221354166666666 0.26171875 0.026041666666666668
6 0.337890625 0.58984375 0.26171875 0.026041666666666668
6 0.337890625 0.6575520833333334 0.26171875 0.026041666666666668
6 0.337890625 0.7252604166666666 0.26171875 0.026041666666666668
6 0.337890625 0.79296875 0.26171875 0.026041666666666668
6 0.337890625 0.8606770833333334 0.26171875 0.026041666666666668
6 0.337890625 0.9283854166666666 0.26171875 0.026041666666666668
7 0.2353515625 0.9915364583333334 0.056640625 0.016927083333333332
0 0.337890625 0.9837239583333334 0.29296875 0.032552083333333336
6 0.66162109375 0.5221354166666666 0.2626953125 0.026041666666666668
6 0.66162109375 0.58984375 0.2626953125 0.026041666666666668
6 0.66162109375 0.6575520833333334 0.2626953125 0.026041666666666668
6 0.66162109375 0.7252604166666666 0.2626953125 0.026041666666666668
6 0.66162109375 0.79296875 0.2626953125 0.026041666666666668
6 0.66162109375 0.8606770833333334 0.2626953125 0.026041666666666668
6 0.66162109375 0.9283854166666666 0.2626953125 0.026041666666666668
6 0.66162109375 0.9915364583333334 0.2626953125 0.016927083333333332