4 0.5 0.052083333333333336 1 0.10416666666666667
2 0.291015625 0.21809895833333334 0.140625 0.04296875
2 0.435546875 0.21809895833333334 0.150390625 0.04296875
7 0.32177734375 0.2571614583333333 0.2021484375 0.022135416666666668
7 0.23388671875 0.2858072916666667 0.0263671875 0.022135416666666668
6 0.3076171875 0.2858072916666667 0.12109375 0.022135416666666668
7 0.36962890625 0.2858072916666667 0.0048828125 0.022135416666666668
6 0.79150390625 0.22591145833333334 0.0615234375 0.022135416666666668
7 0.8515625 0.22591145833333334 0.060546875 0.022135416666666668
6 0.91455078125 0.22591145833333334 0.0673828125 0.022135416666666668
7 0.95068359375 0.22591145833333334 0.0048828125 0.022135416666666668
7 0.9248046875 0.271484375 0.0546875 0.04296875
0 0.9248046875 0.2701822916666667 0.0546875 0.022135416666666668
7 0.830078125 0.271484375 0.13671875 0.04296875
0 0.82958984375 0.2701822916666667 0.1357421875 0.022135416666666668
7 0.7041015625 0.271484375 0.1171875 0.04296875
0 0.70458984375 0.2701822916666667 0.1181640625 0.022135416666666668
7 0.61865234375 0.271484375 0.0556640625 0.04296875
0 0.61865234375 0.2701822916666667 0.0556640625 0.022135416666666668
7 0.5546875 0.271484375 0.07421875 0.04296875
0 0.55419921875 0.2701822916666667 0.0732421875 0.022135416666666668
7 0.40673828125 0.39453125 0.3876953125 0.0234375
2 0.28564453125 0.4225260416666667 0.1455078125 0.032552083333333336
4 0.52099609375 0.5364583333333334 0.1474609375 0.1484375
4 0.5859375 0.6236979166666666 0.015625 0.015625
7 0.49560546875 0.6380208333333334 0.0908203125 0.041666666666666664
6 0.5234375 0.6490885416666666 0.037109375 0.01953125
7 0.2255859375 0.4654947916666667 0.025390625 0.022135416666666668
7 0.29541015625 0.4654947916666667 0.1142578125 0.022135416666666668
7 0.30419921875 0.4798177083333333 0.1826171875 0.05078125
6 0.33740234375 0.494140625 0.1103515625 0.022135416666666668
7 0.31591796875 0.537109375 0.2060546875 0.10807291666666667
6 0.36279296875 0.580078125 0.0849609375 0.022135416666666668
7 0.318359375 0.5944010416666666 0.2109375 0.05078125
6 0.24658203125 0.6373697916666666 0.0673828125 0.022135416666666668
7 0.28662109375 0.6373697916666666 0.0146484375 0.022135416666666668
6 0.32275390625 0.6373697916666666 0.0576171875 0.022135416666666668
7 0.31787109375 0.666015625 0.2099609375 0.07942708333333333
6 0.37109375 0.6946614583333334 0.091796875 0.022135416666666668
6 0.24365234375 0.7233072916666666 0.0615234375 0.022135416666666668
7 0.3974609375 0.7376302083333334 0.369140625 0.05078125
7 0.47119140625 0.751953125 0.0166015625 0.022135416666666668
7 0.38671875 0.7662760416666666 0.34765625 0.05078125
6 0.28271484375 0.7805989583333334 0.0439453125 0.022135416666666668
7 0.306640625 0.7805989583333334 0.0078125 0.022135416666666668
6 0.33349609375 0.7805989583333334 0.0458984375 0.022135416666666668
7 0.36328125 0.7805989583333334 0.015625 0.022135416666666668
6 0.4130859375 0.7805989583333334 0.0859375 0.022135416666666668
7 0.3916015625 0.794921875 0.357421875 0.05078125
6 0.3876953125 0.8235677083333334 0.349609375 0.05078125
7 0.39404296875 0.8665364583333334 0.3623046875 0.07942708333333333
7 0.35693359375 0.947265625 0.2880859375 0.05078125
6 0.36572265625 0.9615885416666666 0.0341796875 0.022135416666666668
7 0.40380859375 0.9752604166666666 0.3818359375 0.049479166666666664
6 0.35205078125 0.9895833333333334 0.0244140625 0.020833333333333332
7 0.4052734375 0.9895833333333334 0.384765625 0.020833333333333332
2 0.69384765625 0.3990885416666667 0.0908203125 0.032552083333333336
6 0.67529296875 0.439453125 0.0537109375 0.022135416666666668
6 0.79931640625 0.4772135416666667 0.2568359375 0.022135416666666668
6 0.73388671875 0.5071614583333334 0.1259765625 0.022135416666666668
6 0.6962890625 0.552734375 0.095703125 0.022135416666666668
7 0.71044921875 0.5904947916666666 0.0791015625 0.022135416666666668
6 0.7939453125 0.5904947916666666 0.08984375 0.022135416666666668
7 0.7861328125 0.6048177083333334 0.23046875 0.05078125
7 0.7109375 0.6490885416666666 0.080078125 0.022135416666666668
6 0.8388671875 0.6490885416666666 0.1796875 0.022135416666666668
7 0.8095703125 0.6634114583333334 0.27734375 0.05078125
7 0.7109375 0.708984375 0.080078125 0.022135416666666668
6 0.7880859375 0.708984375 0.078125 0.022135416666666668
7 0.802734375 0.7233072916666666 0.263671875 0.05078125
7 0.71044921875 0.767578125 0.0791015625 0.022135416666666668
6 0.79736328125 0.767578125 0.0966796875 0.022135416666666668
7 0.8115234375 0.7819010416666666 0.28125 0.05078125
4 0.9013671875 0.90625 0.1171875 0.1875
7 0.7109375 0.830078125 0.080078125 0.022135416666666668
6 0.73388671875 0.8444010416666666 0.1259765625 0.05078125
7 0.75146484375 0.873046875 0.1611328125 0.05078125
7 0.78466796875 0.8873697916666666 0.0791015625 0.022135416666666668
7 0.826171875 0.8873697916666666 0.005859375 0.022135416666666668
7 0.7109375 0.9186197916666666 0.080078125 0.022135416666666668
6 0.78125 0.9186197916666666 0.064453125 0.022135416666666668
7 0.744140625 0.9329427083333334 0.146484375 0.05078125
7 0.7109375 0.9772135416666666 0.080078125 0.022135416666666668
6 0.783203125 0.9772135416666666 0.068359375 0.022135416666666668
7 0.7509765625 0.9830729166666666 0.16015625 0.033854166666666664
2 0.10888671875 0.5078125 0.2177734375 0.984375
7 0.63525390625 0.020833333333333332 0.1044921875 0.026041666666666668
6 0.72119140625 0.024739583333333332 0.0517578125 0.018229166666666668
6 0.79443359375 0.024739583333333332 0.0791015625 0.018229166666666668
6 0.8876953125 0.024739583333333332 0.091796875 0.018229166666666668
6 0.96240234375 0.024739583333333332 0.0439453125 0.018229166666666668
0 0.203125 0.078125 0.060546875 0.052083333333333336
0 0.26806640625 0.078125 0.0712890625 0.052083333333333336
0 0.59814453125 0.078125 0.0419921875 0.052083333333333336
0 0.65673828125 0.078125 0.0771484375 0.052083333333333336
0 0.73583984375 0.078125 0.0830078125 0.052083333333333336
1 0.884765625 0.08072916666666667 0.201171875 0.036458333333333336
1 0.9716796875 0.08072916666666667 0.0234375 0.033854166666666664
1 0.9716796875 0.08072916666666667 0.0234375 0.033854166666666664
4 0.0859375 0.10416666666666667 0.15625 0.20833333333333334
6 0.04736328125 0.251953125 0.0419921875 0.01953125
6 0.0869140625 0.2766927083333333 0.12109375 0.01953125
6 0.05419921875 0.3014322916666667 0.0556640625 0.01953125
6 0.07568359375 0.326171875 0.0986328125 0.01953125
6 0.06884765625 0.3509114583333333 0.0849609375 0.01953125
6 0.0693359375 0.3756510416666667 0.0859375 0.01953125
6 0.04345703125 0.400390625 0.0341796875 0.01953125
6 0.05810546875 0.4251302083333333 0.0634765625 0.01953125
2 0.0908203125 0.4694010416666667 0.12890625 0.01953125
6 0.08251953125 0.5006510416666666 0.1123046875 0.01953125
6 0.05419921875 0.525390625 0.0556640625 0.01953125
6 0.05322265625 0.5501302083333334 0.0537109375 0.01953125
6 0.06103515625 0.5748697916666666 0.0693359375 0.01953125
6 0.05224609375 0.599609375 0.0517578125 0.01953125
6 0.04931640625 0.6243489583333334 0.0458984375 0.01953125
6 0.05419921875 0.6490885416666666 0.0556640625 0.01953125
6 0.05810546875 0.673828125 0.0634765625 0.01953125
6 0.052734375 0.6985677083333334 0.052734375 0.01953125
6 0.0556640625 0.7233072916666666 0.05859375 0.01953125
6 0.06005859375 0.748046875 0.0673828125 0.01953125
6 0.05322265625 0.7727864583333334 0.0537109375 0.01953125
6 0.05712890625 0.7975260416666666 0.0615234375 0.01953125
2 0.0908203125 0.841796875 0.12890625 0.01953125
6 0.0625 0.873046875 0.072265625 0.01953125
6 0.08349609375 0.8977864583333334 0.1142578125 0.01953125
6 0.08251953125 0.9225260416666666 0.1123046875 0.01953125
2 0.0908203125 0.966796875 0.12890625 0.01953125
6 0.07666015625 0.994140625 0.1005859375 0.01171875