4 0.98046875 0.916015625 0.01953125 0.029947916666666668
7 0.2998046875 0.916015625 0.501953125 0.13151041666666666
6 0.18603515625 0.970703125 0.0908203125 0.022135416666666668
0 0.86767578125 0.9166666666666666 0.1123046875 0.020833333333333332
0 0.70703125 0.9192708333333334 0.095703125 0.0234375
3 0.5 0.10416666666666667 0.978515625 0.20833333333333334
6 0.49951171875 0.23502604166666666 0.3388671875 0.022135416666666668
4 0.06884765625 0.3125 0.1142578125 0.06510416666666667
0 0.06884765625 0.3125 0.1142578125 0.06510416666666667
7 0.19970703125 0.3125 0.0791015625 0.0234375
0 0.2080078125 0.3125 0.13671875 0.09375
7 0.34228515625 0.3125 0.0615234375 0.0234375
0 0.3505859375 0.3125 0.119140625 0.09375
1 0.62060546875 0.3125 0.3916015625 0.059895833333333336
7 0.900390625 0.310546875 0.0234375 0.032552083333333336
0 0.900390625 0.30859375 0.05859375 0.09895833333333333
6 0.958984375 0.3092447916666667 0.0234375 0.032552083333333336
0 0.958984375 0.30859375 0.0234375 0.036458333333333336
4 0.1533203125 0.4915364583333333 0.302734375 0.25390625
0 0.1552734375 0.494140625 0.306640625 0.2591145833333333
4 0.1533203125 0.7493489583333334 0.302734375 0.25390625
0 0.1552734375 0.751953125 0.306640625 0.2591145833333333
4 0.0234375 0.4915364583333333 0.046875 0.25390625
0 0.025390625 0.494140625 0.05078125 0.2591145833333333
4 0.0234375 0.7493489583333334 0.046875 0.25390625
0 0.025390625 0.751953125 0.05078125 0.2591145833333333
4 0.20166015625 0.4915364583333333 0.3037109375 0.25390625
0 0.20361328125 0.494140625 0.3076171875 0.2591145833333333
4 0.125 0.7493489583333334 0.150390625 0.25390625
0 0.126953125 0.751953125 0.154296875 0.2591145833333333
4 0.2783203125 0.7493489583333334 0.150390625 0.25390625
0 0.2802734375 0.751953125 0.154296875 0.2591145833333333
4 0.431640625 0.4915364583333333 0.150390625 0.25390625
0 0.43359375 0.494140625 0.154296875 0.2591145833333333
4 0.431640625 0.7493489583333334 0.150390625 0.25390625
0 0.43359375 0.751953125 0.154296875 0.2591145833333333
4 0.66162109375 0.4915364583333333 0.3037109375 0.25390625
0 0.66357421875 0.494140625 0.3076171875 0.2591145833333333
4 0.66162109375 0.7493489583333334 0.3037109375 0.25390625
0 0.66357421875 0.751953125 0.3076171875 0.2591145833333333
4 0.8916015625 0.4915364583333333 0.150390625 0.25390625
0 0.8935546875 0.494140625 0.154296875 0.2591145833333333
4 0.98486328125 0.4915364583333333 0.0302734375 0.25390625
0 0.98486328125 0.494140625 0.0302734375 0.2591145833333333
4 0.908203125 0.7493489583333334 0.18359375 0.25390625
0 0.908203125 0.751953125 0.18359375 0.2591145833333333
0 0.11181640625 0.92578125 0.1689453125 0.0546875
0 0.25830078125 0.92578125 0.1259765625 0.0546875
0 0.37255859375 0.92578125 0.1044921875 0.0546875
0 0.47412109375 0.92578125 0.1005859375 0.0546875
0 0.61083984375 0.92578125 0.1748046875 0.0546875
0 0.75244140625 0.92578125 0.1103515625 0.0546875
0 0.86376953125 0.92578125 0.1142578125 0.0546875
0 0.9599609375 0.92578125 0.080078125 0.0546875
7 0.98046875 0.92578125 0.015625 0.033854166666666664