4 0.0771484375 0.046875 0.107421875 0.026041666666666668
4 0.1796875 0.046875 0.0234375 0.03125
1 0.40234375 0.046875 0.421875 0.059895833333333336
7 0.7587890625 0.046875 0.05078125 0.026041666666666668
0 0.7705078125 0.046875 0.11328125 0.09375
4 0.798828125 0.049479166666666664 0.0234375 0.03125
7 0.859375 0.046875 0.025390625 0.026041666666666668
0 0.87109375 0.046875 0.087890625 0.09375
4 0.88671875 0.049479166666666664 0.0234375 0.03125
7 0.96142578125 0.046875 0.0380859375 0.020833333333333332
0 0.96142578125 0.046875 0.0771484375 0.09375
7 0.16357421875 0.12760416666666666 0.1474609375 0.03125
7 0.32177734375 0.1640625 0.4638671875 0.020833333333333332
6 0.583984375 0.1640625 0.060546875 0.020833333333333332
7 0.62890625 0.1640625 0.029296875 0.020833333333333332
6 0.6689453125 0.1640625 0.05078125 0.020833333333333332
7 0.6962890625 0.1640625 0.00390625 0.020833333333333332
4 0.3623046875 0.4140625 0.544921875 0.2864583333333333
4 0.73828125 0.4140625 0.46875 0.3802083333333333
2 0.5 0.3359375 0.9140625 0.036458333333333336
2 0.5 0.375 0.9140625 0.041666666666666664
2 0.10595703125 0.4635416666666667 0.0908203125 0.026041666666666668
0 0.12060546875 0.4635416666666667 0.1552734375 0.0625
2 0.1708984375 0.4635416666666667 0.015625 0.020833333333333332
7 0.1123046875 0.6692708333333334 0.138671875 0.052083333333333336
1 0.37255859375 0.6692708333333334 0.3779296875 0.08333333333333333
7 0.05126953125 0.7395833333333334 0.0166015625 0.020833333333333332
0 0.05126953125 0.7408854166666666 0.0166015625 0.0546875
7 0.10595703125 0.7395833333333334 0.0458984375 0.020833333333333332
0 0.10595703125 0.7395833333333334 0.0458984375 0.052083333333333336
7 0.1953125 0.7395833333333334 0.0859375 0.020833333333333332
0 0.1953125 0.7395833333333334 0.0859375 0.052083333333333336
7 0.27587890625 0.7395833333333334 0.0283203125 0.020833333333333332
0 0.27587890625 0.7395833333333334 0.0283203125 0.052083333333333336
7 0.33203125 0.7395833333333334 0.037109375 0.020833333333333332
0 0.33203125 0.7395833333333334 0.037109375 0.052083333333333336
7 0.4130859375 0.7395833333333334 0.078125 0.020833333333333332
0 0.4130859375 0.7395833333333334 0.078125 0.052083333333333336
7 0.5283203125 0.7395833333333334 0.10546875 0.020833333333333332
0 0.5283203125 0.7395833333333334 0.10546875 0.052083333333333336
7 0.16357421875 0.8411458333333334 0.2490234375 0.036458333333333336
4 0.18505859375 0.95703125 0.2841796875 0.0859375
0 0.18505859375 0.95703125 0.2841796875 0.0859375
4 0.18505859375 0.9563802083333334 0.2841796875 0.08723958333333333
4 0.5 0.95703125 0.28515625 0.0859375
0 0.5 0.95703125 0.28515625 0.0859375
4 0.5 0.9563802083333334 0.28515625 0.08723958333333333
7 0.8388671875 0.9830729166666666 0.23828125 0.033854166666666664
4 0.81494140625 0.962890625 0.2841796875 0.07421875