7 0.3828125 0.9309895833333334 0.6875 0.049479166666666664
6 0.16943359375 0.943359375 0.0830078125 0.024739583333333332
7 0.37841796875 0.9557291666666666 0.6787109375 0.049479166666666664
0 0.9150390625 0.935546875 0.091796875 0.05078125
4 0.12548828125 0.052083333333333336 0.1728515625 0.052083333333333336
0 0.12548828125 0.052083333333333336 0.1728515625 0.052083333333333336
4 0.951171875 0.05078125 0.01953125 0.020833333333333332
0 0.951171875 0.052083333333333336 0.01953125 0.026041666666666668
4 0.078125 0.16471354166666666 0.048828125 0.06380208333333333
7 0.44921875 0.16341145833333334 0.615234375 0.02734375
0 0.86328125 0.16471354166666666 0.1953125 0.06380208333333333
2 0.24951171875 0.4440104166666667 0.4208984375 0.28125
2 0.24951171875 0.7669270833333334 0.4208984375 0.3125
0 0.15625 0.984375 0.234375 0.03125
4 0.7275390625 0.6966145833333334 0.458984375 0.3645833333333333
4 0.5 0.5 1 1
2 0.67578125 0.3912760416666667 0.28125 0.08723958333333333
4 0.32421875 0.5 0.3515625 0.46875
7 0.67578125 0.5013020833333334 0.28125 0.08333333333333333
0 0.6259765625 0.6165364583333334 0.181640625 0.07161458333333333
4 0.8173828125 0.3014322916666667 0.01953125 0.02734375