4 0.10498046875 0.033854166666666664 0.1708984375 0.041666666666666664
0 0.92236328125 0.032552083333333336 0.0498046875 0.06510416666666667
0 0.9755859375 0.032552083333333336 0.048828125 0.06510416666666667
4 0.5 0.4036458333333333 1 0.6770833333333334
4 0.5 0.4036458333333333 1 0.6770833333333334
4 0.49951171875 0.5071614583333334 0.6357421875 0.4908854166666667
2 0.5 0.3268229166666667 0.4453125 0.1015625
2 0.5 0.4134114583333333 0.634765625 0.07161458333333333
0 0.5 0.5032552083333334 0.17578125 0.055989583333333336
4 0.1669921875 0.794921875 0.046875 0.05859375
0 0.1669921875 0.810546875 0.333984375 0.13671875
7 0.1669921875 0.8515625 0.333984375 0.018229166666666668
4 0.5 0.794921875 0.064453125 0.05859375
0 0.5 0.810546875 0.333984375 0.13671875
7 0.5 0.8515625 0.333984375 0.018229166666666668
4 0.83349609375 0.794921875 0.0302734375 0.05859375
0 0.8330078125 0.810546875 0.333984375 0.13671875
7 0.8330078125 0.8515625 0.333984375 0.018229166666666668
4 0.16650390625 0.931640625 0.0458984375 0.05859375
0 0.1669921875 0.939453125 0.333984375 0.12109375
7 0.1669921875 0.98828125 0.333984375 0.018229166666666668
4 0.5 0.931640625 0.0390625 0.05859375
0 0.5 0.939453125 0.333984375 0.12109375
7 0.5 0.98828125 0.333984375 0.018229166666666668
4 0.8330078125 0.931640625 0.044921875 0.05859375
0 0.8330078125 0.939453125 0.333984375 0.12109375
7 0.8330078125 0.98828125 0.333984375 0.018229166666666668
0 0.01953125 0.20247395833333334 0.0390625 0.11848958333333333
0 0.01953125 0.3470052083333333 0.0390625 0.11848958333333333
0 0.01953125 0.458984375 0.0390625 0.053385416666666664
0 0.01953125 0.5384114583333334 0.0390625 0.053385416666666664
0 0.01953125 0.6666666666666666 0.0390625 0.15104166666666666
0 0.01953125 0.794921875 0.0390625 0.053385416666666664
0 0.01953125 0.8743489583333334 0.0390625 0.053385416666666664
0 0.01953125 0.9635416666666666 0.0390625 0.07291666666666667
4 0.859375 0.96875 0.02734375 0.0625
0 0.9033203125 0.96875 0.154296875 0.0625
7 0.9228515625 0.96875 0.076171875 0.0625