4 0.12548828125 0.042317708333333336 0.1533203125 0.06640625
0 0.15087890625 0.042317708333333336 0.2041015625 0.06640625
6 0.43994140625 0.041666666666666664 0.0634765625 0.026041666666666668
6 0.5380859375 0.041666666666666664 0.03515625 0.026041666666666668
6 0.6494140625 0.041666666666666664 0.08984375 0.026041666666666668
6 0.7705078125 0.041666666666666664 0.0546875 0.026041666666666668
6 0.876953125 0.041666666666666664 0.060546875 0.026041666666666668
2 0.3212890625 0.298828125 0.357421875 0.3138020833333333
2 0.25 0.6725260416666666 0.21484375 0.055989583333333336
4 0.25 0.8014322916666666 0.21484375 0.16276041666666666
7 0.2353515625 0.91796875 0.185546875 0.026041666666666668
4 0.33935546875 0.9186197916666666 0.0166015625 0.022135416666666668
0 0.2353515625 0.91796875 0.185546875 0.026041666666666668
2 0.5 0.6725260416666666 0.21484375 0.055989583333333336
4 0.5 0.8014322916666666 0.21484375 0.16276041666666666
7 0.4443359375 0.91796875 0.103515625 0.026041666666666668
4 0.50732421875 0.9186197916666666 0.0166015625 0.022135416666666668
0 0.4443359375 0.91796875 0.103515625 0.026041666666666668
2 0.75 0.6725260416666666 0.21484375 0.055989583333333336
4 0.75 0.8014322916666666 0.21484375 0.16276041666666666
7 0.7216796875 0.91796875 0.158203125 0.026041666666666668
4 0.81201171875 0.9186197916666666 0.0166015625 0.022135416666666668
0 0.7216796875 0.91796875 0.158203125 0.026041666666666668