2 0.5 0.030598958333333332 0.220703125 0.03515625
0 0.5 0.035807291666666664 0.220703125 0.045572916666666664
4 0.029296875 0.035807291666666664 0.01953125 0.022135416666666668
7 0.90478515625 0.029947916666666668 0.0576171875 0.03125
0 0.04345703125 0.09440104166666667 0.0634765625 0.045572916666666664
0 0.13525390625 0.09440104166666667 0.0751953125 0.045572916666666664
0 0.21240234375 0.09440104166666667 0.0341796875 0.045572916666666664
0 0.28759765625 0.09440104166666667 0.0712890625 0.045572916666666664
0 0.3828125 0.09440104166666667 0.07421875 0.045572916666666664
0 0.466796875 0.09440104166666667 0.048828125 0.045572916666666664
0 0.53515625 0.09440104166666667 0.04296875 0.045572916666666664
0 0.63037109375 0.09440104166666667 0.1025390625 0.045572916666666664
0 0.7421875 0.09440104166666667 0.076171875 0.045572916666666664
6 0.92333984375 0.091796875 0.0947265625 0.016927083333333332
4 0.5 0.375 1 0.75
4 0.5 0.375 1 0.75
7 0.125 0.7779947916666666 0.2109375 0.016927083333333332
0 0.125 0.83984375 0.2109375 0.140625
2 0.125 0.8548177083333334 0.2109375 0.11067708333333333
7 0.375 0.7779947916666666 0.2109375 0.016927083333333332
0 0.375 0.8177083333333334 0.2109375 0.09635416666666667
2 0.375 0.8326822916666666 0.2109375 0.06640625
7 0.625 0.7779947916666666 0.2109375 0.016927083333333332
0 0.625 0.8287760416666666 0.2109375 0.11848958333333333
2 0.625 0.84375 0.2109375 0.08854166666666667
4 0.865234375 0.6764322916666666 0.23046875 0.17317708333333334
0 0.865234375 0.8151041666666666 0.19140625 0.09114583333333333
7 0.865234375 0.7864583333333334 0.19140625 0.033854166666666664
2 0.865234375 0.8385416666666666 0.19140625 0.044270833333333336
7 0.5 0.9954427083333334 0.94921875 0.009114583333333334
7 0.30859375 0.9674479166666666 0.376953125 0.0234375
7 0.67236328125 0.9674479166666666 0.3447265625 0.0234375
6 0.86181640625 0.9674479166666666 0.0283203125 0.0234375
7 0.8779296875 0.9674479166666666 0.00390625 0.0234375
4 0.96484375 0.9674479166666666 0.015625 0.020833333333333332