7 0.4423828125 0.020833333333333332 0.267578125 0.020833333333333332
6 0.63232421875 0.020833333333333332 0.1123046875 0.020833333333333332
7 0.6884765625 0.020833333333333332 0.00390625 0.020833333333333332
4 0.1220703125 0.09375 0.1953125 0.03125
1 0.443359375 0.09505208333333333 0.38671875 0.044270833333333336
4 0.6455078125 0.09505208333333333 0.017578125 0.0234375
0 0.6494140625 0.09505208333333333 0.025390625 0.0234375
0 0.7275390625 0.09505208333333333 0.064453125 0.033854166666666664
0 0.8037109375 0.09505208333333333 0.08203125 0.033854166666666664
0 0.8759765625 0.09505208333333333 0.056640625 0.033854166666666664
4 0.95849609375 0.09505208333333333 0.0244140625 0.026041666666666668
0 0.9609375 0.09309895833333333 0.029296875 0.016927083333333332
0 0.05859375 0.16796875 0.068359375 0.046875
0 0.1494140625 0.16796875 0.11328125 0.046875
0 0.24658203125 0.16796875 0.0810546875 0.046875
0 0.31640625 0.16796875 0.05859375 0.046875
0 0.39306640625 0.16796875 0.0947265625 0.046875
0 0.48095703125 0.16796875 0.0810546875 0.046875
0 0.5712890625 0.16796875 0.099609375 0.046875
0 0.94482421875 0.16796875 0.0615234375 0.046875
0 0.88623046875 0.16796875 0.0556640625 0.046875
0 0.80517578125 0.16796875 0.1064453125 0.046875
7 0.17529296875 0.3040364583333333 0.2509765625 0.024739583333333332
2 0.17529296875 0.361328125 0.2509765625 0.09244791666666667
0 0.1748046875 0.4479166666666667 0.09765625 0.044270833333333336
0 0.1083984375 0.5026041666666666 0.080078125 0.013020833333333334
0 0.1806640625 0.5026041666666666 0.0625 0.013020833333333334
0 0.248046875 0.5026041666666666 0.068359375 0.013020833333333334
4 0.38037109375 0.16276041666666666 0.0791015625 0.16666666666666666
4 0.38525390625 0.16666666666666666 0.0791015625 0.16666666666666666
4 0.43603515625 0.169921875 0.0107421875 0.21223958333333334
4 0.3349609375 0.17643229166666666 0.01171875 0.21223958333333334
4 0.3857421875 0.07096354166666667 0.11328125 0.014322916666666666
4 0.3857421875 0.2701822916666667 0.11328125 0.014322916666666666
4 0.4755859375 0.15755208333333334 0.0234375 0.13541666666666666
4 0.47900390625 0.16145833333333334 0.0224609375 0.13541666666666666
4 0.51025390625 0.1640625 0.0107421875 0.1796875
4 0.4580078125 0.16731770833333334 0.01171875 0.18098958333333334
4 0.48095703125 0.08138020833333333 0.0576171875 0.014322916666666666
4 0.48095703125 0.2532552083333333 0.0576171875 0.014322916666666666
4 0.634765625 0.14192708333333334 0.19140625 0.16666666666666666
4 0.63720703125 0.14713541666666666 0.1904296875 0.16666666666666666
4 0.75390625 0.14908854166666666 0.01171875 0.21223958333333334
4 0.533203125 0.16341145833333334 0.01171875 0.21223958333333334
4 0.64013671875 0.050130208333333336 0.2255859375 0.014322916666666666
4 0.64013671875 0.2610677083333333 0.2255859375 0.014322916666666666
4 0.82568359375 0.1328125 0.0791015625 0.16666666666666666
4 0.82373046875 0.13802083333333334 0.0791015625 0.16666666666666666
4 0.89501953125 0.13932291666666666 0.0107421875 0.2109375
4 0.7783203125 0.14713541666666666 0.01171875 0.2109375
4 0.8291015625 0.041015625 0.11328125 0.014322916666666666
4 0.8291015625 0.2565104166666667 0.11328125 0.015625
4 0.96533203125 0.12239583333333333 0.0693359375 0.16666666666666666
4 0.96337890625 0.12760416666666666 0.0732421875 0.16666666666666666
4 0.92041015625 0.13736979166666666 0.0107421875 0.21223958333333334
4 0.95751953125 0.030598958333333332 0.0849609375 0.014322916666666666
4 0.95751953125 0.251953125 0.0849609375 0.014322916666666666
4 0.38037109375 0.4127604166666667 0.0791015625 0.16666666666666666
4 0.38525390625 0.4127604166666667 0.0791015625 0.16666666666666666
4 0.43603515625 0.4192708333333333 0.0107421875 0.2109375
4 0.3349609375 0.4212239583333333 0.01171875 0.21223958333333334
4 0.3857421875 0.3209635416666667 0.11328125 0.014322916666666666
4 0.3857421875 0.5162760416666666 0.11328125 0.014322916666666666
4 0.544921875 0.4055989583333333 0.134765625 0.20963541666666666
4 0.55078125 0.4069010416666667 0.134765625 0.20963541666666666
4 0.61083984375 0.4127604166666667 0.0107421875 0.2552083333333333
4 0.47119140625 0.4231770833333333 0.0107421875 0.2552083333333333
4 0.55029296875 0.2923177083333333 0.1689453125 0.014322916666666666
4 0.55029296875 0.5325520833333334 0.1689453125 0.015625
4 0.68798828125 0.40625 0.0791015625 0.16666666666666666
4 0.68798828125 0.4069010416666667 0.0791015625 0.16536458333333334
4 0.75390625 0.4127604166666667 0.01171875 0.2109375
4 0.64208984375 0.4153645833333333 0.0107421875 0.2109375
4 0.69287109375 0.314453125 0.1123046875 0.014322916666666666
4 0.69287109375 0.5208333333333334 0.1123046875 0.015625
4 0.853515625 0.4010416666666667 0.134765625 0.1953125
4 0.85205078125 0.40234375 0.1357421875 0.1953125
4 0.95556640625 0.408203125 0.0107421875 0.24088541666666666
4 0.7783203125 0.412109375 0.01171875 0.24088541666666666
4 0.85693359375 0.2955729166666667 0.1689453125 0.015625
4 0.85693359375 0.537109375 0.1689453125 0.014322916666666666
4 0.99609375 0.3984375 0.0078125 0.16666666666666666
4 0.99365234375 0.3997395833333333 0.0126953125 0.16666666666666666
4 0.9814453125 0.408203125 0.01171875 0.21223958333333334
4 0.98779296875 0.306640625 0.0244140625 0.014322916666666666
4 0.98779296875 0.5266927083333334 0.0244140625 0.014322916666666666
4 0.38037109375 0.671875 0.0791015625 0.16666666666666666
4 0.38525390625 0.6692708333333334 0.0791015625 0.16666666666666666
4 0.43603515625 0.6790364583333334 0.0107421875 0.21223958333333334
4 0.3349609375 0.6764322916666666 0.01171875 0.21223958333333334
4 0.3857421875 0.578125 0.11328125 0.015625
4 0.3857421875 0.7701822916666666 0.11328125 0.014322916666666666
4 0.58740234375 0.6770833333333334 0.2470703125 0.1953125
4 0.59130859375 0.673828125 0.2470703125 0.19401041666666666
4 0.72998046875 0.6875 0.0107421875 0.23958333333333334
4 0.4580078125 0.6809895833333334 0.01171875 0.23958333333333334
4 0.5927734375 0.568359375 0.28125 0.014322916666666666
4 0.5927734375 0.7916666666666666 0.28125 0.015625
4 0.80029296875 0.6842447916666666 0.0791015625 0.16536458333333334
4 0.79931640625 0.6809895833333334 0.0791015625 0.16666666666666666
4 0.86962890625 0.69140625 0.0107421875 0.2109375
4 0.75390625 0.6881510416666666 0.01171875 0.21223958333333334
4 0.8046875 0.5891927083333334 0.11328125 0.014322916666666666
4 0.8046875 0.796875 0.11328125 0.015625
4 0.94384765625 0.6888020833333334 0.0791015625 0.16666666666666666
4 0.94091796875 0.6848958333333334 0.0791015625 0.16666666666666666
4 0.89501953125 0.6920572916666666 0.0107421875 0.21223958333333334
4 0.94482421875 0.5930989583333334 0.1103515625 0.014322916666666666
4 0.94482421875 0.8053385416666666 0.1103515625 0.014322916666666666
4 0.38037109375 0.91015625 0.0791015625 0.16666666666666666
4 0.38525390625 0.9049479166666666 0.0791015625 0.16666666666666666
4 0.43603515625 0.90625 0.0107421875 0.1875
4 0.3349609375 0.9029947916666666 0.01171875 0.19401041666666666
4 0.3857421875 0.8131510416666666 0.11328125 0.014322916666666666
4 0.3857421875 0.9993489583333334 0.11328125 0.0013020833333333333
4 0.50341796875 0.91796875 0.0791015625 0.1640625
4 0.50732421875 0.9127604166666666 0.0791015625 0.16666666666666666
4 0.56396484375 0.9108072916666666 0.0107421875 0.17838541666666666
4 0.4580078125 0.9069010416666666 0.01171875 0.18619791666666666
4 0.5087890625 0.8216145833333334 0.11328125 0.015625
4 0.6328125 0.9225260416666666 0.078125 0.15494791666666666
4 0.63427734375 0.9192708333333334 0.0791015625 0.16145833333333334
4 0.69775390625 0.9153645833333334 0.0107421875 0.16927083333333334
4 0.58740234375 0.9114583333333334 0.0107421875 0.17708333333333334
4 0.63818359375 0.830078125 0.1123046875 0.014322916666666666
4 0.76806640625 0.927734375 0.0791015625 0.14453125
4 0.76708984375 0.9244791666666666 0.0791015625 0.15104166666666666
4 0.83642578125 0.9205729166666666 0.0107421875 0.15885416666666666
4 0.7216796875 0.9166666666666666 0.01171875 0.16666666666666666
4 0.7724609375 0.8404947916666666 0.11328125 0.014322916666666666
0 0.5 0.423828125 1 0.4674479166666667
0 0.5 0.423828125 1 0.4674479166666667
0 0.5 0.423828125 1 0.4674479166666667
0 0.5 0.423828125 1 0.4674479166666667
4 0.0341796875 0.423828125 0.029296875 0.040364583333333336
0 0.498046875 0.20833333333333334 0 0
4 0.9619140625 0.423828125 0.029296875 0.040364583333333336
0 0.501953125 0.20833333333333334 0 0
7 0.0458984375 0.623046875 0.01171875 0.016927083333333332
7 0.0712890625 0.623046875 0.01171875 0.016927083333333332
7 0.0966796875 0.623046875 0.01171875 0.016927083333333332
7 0.1220703125 0.623046875 0.01171875 0.016927083333333332
0 0.0908203125 0.7415364583333334 0.087890625 0.053385416666666664
0 0.19189453125 0.7415364583333334 0.0986328125 0.053385416666666664
0 0.29052734375 0.7415364583333334 0.0830078125 0.053385416666666664
0 0.39111328125 0.7415364583333334 0.1025390625 0.053385416666666664
0 0.51171875 0.7415364583333334 0.123046875 0.053385416666666664
0 0.62646484375 0.7415364583333334 0.0908203125 0.053385416666666664
0 0.72216796875 0.7415364583333334 0.0849609375 0.053385416666666664
0 0.8046875 0.7415364583333334 0.064453125 0.053385416666666664
0 0.89892578125 0.7415364583333334 0.1083984375 0.053385416666666664
7 0.5 0.8639322916666666 0.951171875 0.11588541666666667
4 0.11962890625 0.9908854166666666 0.1513671875 0.018229166666666668
4 0.31005859375 0.9947916666666666 0.1513671875 0.010416666666666666
4 0.50048828125 0.986328125 0.1494140625 0.02734375
4 0.69091796875 0.986328125 0.1318359375 0.02734375
4 0.88134765625 0.99609375 0.1513671875 0.0078125