4 0.080078125 0.03125 0.11328125 0.041666666666666664
0 0.080078125 0.03125 0.11328125 0.041666666666666664
6 0.22998046875 0.03125 0.0576171875 0.0625
6 0.31689453125 0.03125 0.0458984375 0.0625
6 0.4033203125 0.03125 0.056640625 0.0625
1 0.5771484375 0.03125 0.1953125 0.046875
0 0.74560546875 0.03125 0.1103515625 0.046875
0 0.8671875 0.03125 0.1015625 0.046875
0 0.955078125 0.03125 0.05859375 0.046875
2 0.2978515625 0.3958333333333333 0.337890625 0.234375
2 0.31494140625 0.3951822916666667 0.3720703125 0.08463541666666667
2 0.357421875 0.4733072916666667 0.45703125 0.08463541666666667
0 0.23486328125 0.5963541666666666 0.2119140625 0.07291666666666667
6 0.37548828125 0.5963541666666666 0.0244140625 0.03125
0 0.44287109375 0.5963541666666666 0.1748046875 0.057291666666666664
7 0.45751953125 0.5950520833333334 0.1259765625 0.026041666666666668
2 0.24560546875 0.91796875 0.2314453125 0.06770833333333333
7 0.24560546875 0.9811197916666666 0.2314453125 0.037760416666666664
2 0.5 0.91796875 0.232421875 0.06770833333333333
7 0.5 0.9811197916666666 0.232421875 0.037760416666666664
2 0.7548828125 0.9348958333333334 0.232421875 0.1015625
7 0.7548828125 0.998046875 0.232421875 0.00390625