4 0.10107421875 0.03515625 0.1826171875 0.046875
0 0.10107421875 0.03515625 0.1826171875 0.046875
6 0.24560546875 0.034505208333333336 0.0478515625 0.02734375
6 0.3076171875 0.034505208333333336 0.037109375 0.02734375
7 0.3798828125 0.03515625 0.068359375 0.028645833333333332
6 0.6875 0.034505208333333336 0.1328125 0.02734375
6 0.79443359375 0.034505208333333336 0.0419921875 0.02734375
0 0.86181640625 0.03515625 0.0341796875 0.028645833333333332
0 0.9443359375 0.03515625 0.091796875 0.044270833333333336
7 0.94140625 0.11197916666666667 0.078125 0.057291666666666664
0 0.92724609375 0.11197916666666667 0.1259765625 0.057291666666666664
7 0.31884765625 0.20377604166666666 0.1201171875 0.06640625
7 0.4609375 0.20377604166666666 0.1640625 0.06640625
7 0.64208984375 0.20377604166666666 0.1982421875 0.06640625
2 0.208984375 0.2779947916666667 0.03125 0.029947916666666668
2 0.283203125 0.2779947916666667 0.119140625 0.029947916666666668
2 0.57421875 0.2779947916666667 0.46484375 0.029947916666666668
7 0.13525390625 0.3483072916666667 0.0361328125 0.08463541666666667
0 0.14208984375 0.3483072916666667 0.0888671875 0.08463541666666667
1 0.51318359375 0.3483072916666667 0.6533203125 0.08463541666666667
7 0.5 0.4446614583333333 0.8046875 0.032552083333333336
0 0.31103515625 0.501953125 0.0517578125 0.032552083333333336
0 0.373046875 0.501953125 0.0546875 0.032552083333333336
0 0.44482421875 0.501953125 0.0712890625 0.032552083333333336
0 0.513671875 0.501953125 0.048828125 0.032552083333333336
0 0.58447265625 0.501953125 0.0751953125 0.032552083333333336
0 0.66796875 0.501953125 0.07421875 0.032552083333333336
2 0.4521484375 0.720703125 0.2265625 0.05859375
2 0.61669921875 0.7200520833333334 0.0888671875 0.046875
4 0.17724609375 0.8938802083333334 0.2939453125 0.21223958333333334
0 0.17724609375 0.8932291666666666 0.3037109375 0.21354166666666666
4 0.5 0.8938802083333334 0.29296875 0.21223958333333334
0 0.5 0.8932291666666666 0.3046875 0.21354166666666666
4 0.82275390625 0.8938802083333334 0.2939453125 0.21223958333333334
0 0.8232421875 0.8932291666666666 0.3046875 0.21354166666666666
7 0.009765625 0.5130208333333334 0.01953125 0.026041666666666668