4 0.21826171875 0.02734375 0.0732421875 0.028645833333333332
0 0.21826171875 0.02734375 0.0732421875 0.028645833333333332
7 0.19921875 0.049479166666666664 0.03515625 0.018229166666666668
0 0.21826171875 0.049479166666666664 0.0732421875 0.020833333333333332
7 0.23046875 0.049479166666666664 0.021484375 0.018229166666666668
4 0.248046875 0.047526041666666664 0.009765625 0.014322916666666666
1 0.39453125 0.036458333333333336 0.255859375 0.046875
4 0.541015625 0.037109375 0.01953125 0.02734375
0 0.54296875 0.036458333333333336 0.041015625 0.046875
0 0.642578125 0.036458333333333336 0.119140625 0.041666666666666664
7 0.7587890625 0.036458333333333336 0.037109375 0.026041666666666668
4 0.78564453125 0.039713541666666664 0.0048828125 0.01171875
4 0.84423828125 0.036458333333333336 0.0166015625 0.020833333333333332
0 0.8583984375 0.036458333333333336 0.060546875 0.07291666666666667
7 0.8740234375 0.036458333333333336 0.029296875 0.026041666666666668
4 0.5 0.07096354166666667 1 0.00390625
7 0.0595703125 0.10026041666666667 0.068359375 0.020833333333333332
4 0.1025390625 0.103515625 0.005859375 0.01171875
7 0.19384765625 0.10026041666666667 0.1064453125 0.020833333333333332
4 0.2548828125 0.103515625 0.005859375 0.01171875
7 0.306640625 0.10026041666666667 0.02734375 0.020833333333333332
4 0.328125 0.103515625 0.005859375 0.01171875
7 0.3896484375 0.10026041666666667 0.046875 0.020833333333333332
4 0.42138671875 0.103515625 0.0048828125 0.01171875
7 0.49658203125 0.10026041666666667 0.0732421875 0.020833333333333332
4 0.541015625 0.103515625 0.005859375 0.01171875
7 0.63330078125 0.10026041666666667 0.1083984375 0.020833333333333332
4 0.6953125 0.103515625 0.005859375 0.01171875
7 0.798828125 0.10026041666666667 0.130859375 0.020833333333333332
4 0.87255859375 0.103515625 0.0048828125 0.01171875
7 0.9423828125 0.10286458333333333 0.064453125 0.026041666666666668
0 0.9423828125 0.09895833333333333 0.083984375 0.052083333333333336
4 0.5 0.19205729166666666 0.984375 0.11328125
4 0.5 0.3561197916666667 0.984375 0.18880208333333334
0 0.5 0.3561197916666667 0.984375 0.19140625
4 0.5 0.646484375 1 0.3658854166666667
0 0.5 0.646484375 0.984375 0.3658854166666667
4 0.16796875 0.9205729166666666 0.3203125 0.15885416666666666
0 0.16796875 0.9205729166666666 0.3203125 0.15885416666666666
4 0.49951171875 0.9205729166666666 0.3212890625 0.15885416666666666
0 0.49951171875 0.9205729166666666 0.3212890625 0.15885416666666666
4 0.83154296875 0.9205729166666666 0.3212890625 0.15885416666666666
0 0.83154296875 0.9205729166666666 0.3212890625 0.15885416666666666
0 0.8544921875 0.17708333333333334 0.0234375 0.041666666666666664
7 0.236328125 0.23372395833333334 0.068359375 0.04296875
7 0.3017578125 0.3326822916666667 0.19921875 0.09765625
1 0.6318359375 0.25390625 0.328125 0.049479166666666664
7 0.56201171875 0.232421875 0.1884765625 0.024739583333333332
1 0.6318359375 0.34765625 0.328125 0.049479166666666664
7 0.52197265625 0.349609375 0.1083984375 0.024739583333333332
7 0.771484375 0.3450520833333333 0.048828125 0.0234375
0 0.771484375 0.345703125 0.048828125 0.02734375
7 0.6318359375 0.4479166666666667 0.03515625 0.0234375
0 0.6318359375 0.4479166666666667 0.328125 0.0625
7 0.6318359375 0.5123697916666666 0.328125 0.024739583333333332
0 0.6318359375 0.5768229166666666 0.328125 0.0625
6 0.6318359375 0.7890625 0.2109375 0.020833333333333332