4 0.10498046875 0.0390625 0.1904296875 0.052083333333333336
0 0.10986328125 0.0390625 0.2001953125 0.078125
7 0.4853515625 0.0390625 0.072265625 0.03125
0 0.49560546875 0.0390625 0.1318359375 0.078125
7 0.60595703125 0.0390625 0.0517578125 0.03125
0 0.61669921875 0.0390625 0.1123046875 0.078125
0 0.71435546875 0.0390625 0.0849609375 0.078125
7 0.8115234375 0.0390625 0.072265625 0.03125
0 0.82177734375 0.0390625 0.1318359375 0.078125
0 0.943359375 0.0390625 0.11328125 0.078125
2 0.5 0.2890625 0.97265625 0.328125
7 0.5 0.5279947916666666 0.97265625 0.055989583333333336
0 0.14892578125 0.6712239583333334 0.2705078125 0.10026041666666667
0 0.42333984375 0.6712239583333334 0.2255859375 0.10026041666666667