6 0.5 0.5 1 1
4 0.12548828125 0.19791666666666666 0.2041015625 0.0625
0 0.12548828125 0.19791666666666666 0.2041015625 0.0625
0 0.2685546875 0.19791666666666666 0.052734375 0.0234375
6 0.34375 0.19791666666666666 0.052734375 0.018229166666666668
6 0.4130859375 0.19791666666666666 0.072265625 0.018229166666666668
6 0.47216796875 0.19791666666666666 0.0322265625 0.018229166666666668
6 0.52294921875 0.19791666666666666 0.0556640625 0.018229166666666668
6 0.59423828125 0.19791666666666666 0.0732421875 0.018229166666666668
6 0.6630859375 0.19791666666666666 0.048828125 0.018229166666666668
0 0.77734375 0.19791666666666666 0.041015625 0.015625
7 0.82421875 0.19791666666666666 0.0390625 0.015625
0 0.91748046875 0.19791666666666666 0.1181640625 0.052083333333333336
4 0.2783203125 0.51953125 0.462890625 0.4114583333333333
0 0.2783203125 0.51953125 0.462890625 0.4114583333333333
0 0.75146484375 0.3502604166666667 0.4033203125 0.03125
0 0.75146484375 0.48828125 0.4033203125 0.21875
7 0.75146484375 0.69140625 0.4033203125 0.14583333333333334
7 0.5595703125 0.798828125 0.01953125 0.02734375
7 0.59912109375 0.798828125 0.0615234375 0.02734375
0 0.59912109375 0.798828125 0.0615234375 0.02734375
7 0.75146484375 0.826171875 0.4033203125 0.02734375
4 0.14208984375 0.951171875 0.1904296875 0.09765625
0 0.14208984375 0.951171875 0.1904296875 0.09765625
4 0.37060546875 0.951171875 0.1904296875 0.09765625
0 0.37060546875 0.951171875 0.1904296875 0.09765625
4 0.60009765625 0.951171875 0.1904296875 0.09765625
0 0.60009765625 0.951171875 0.1904296875 0.09765625
2 0.7861328125 0.826171875 0.083984375 0.040364583333333336
7 0.859375 0.9049479166666666 0.23046875 0.078125
0 0.859375 0.9049479166666666 0.23046875 0.078125
7 0.77587890625 0.958984375 0.0634765625 0.022135416666666668
7 0.859375 0.994140625 0.23046875 0.01171875
0 0.859375 0.994140625 0.23046875 0.01171875