1 0.1845703125 0.024739583333333332 0.3203125 0.033854166666666664
4 0.03955078125 0.025390625 0.0146484375 0.01953125
0 0.03955078125 0.025390625 0.0205078125 0.02734375
4 0.5 0.024739583333333332 0.205078125 0.03125
0 0.5 0.024739583333333332 0.205078125 0.049479166666666664
0 0.7568359375 0.024739583333333332 0.083984375 0.049479166666666664
0 0.84521484375 0.024739583333333332 0.0947265625 0.049479166666666664
0 0.93896484375 0.024739583333333332 0.0947265625 0.049479166666666664
2 0.5 0.12109375 0.76171875 0.0390625
2 0.5 0.22330729166666666 0.76171875 0.032552083333333336
2 0.5 0.3196614583333333 0.76171875 0.032552083333333336
2 0.5 0.416015625 0.76171875 0.032552083333333336
2 0.5 0.5279947916666666 0.76171875 0.06380208333333333
2 0.18505859375 0.6614583333333334 0.0693359375 0.046875
2 0.32177734375 0.6614583333333334 0.0830078125 0.046875
2 0.46533203125 0.6614583333333334 0.0830078125 0.046875
2 0.63037109375 0.6614583333333334 0.1240234375 0.046875
2 0.80126953125 0.6614583333333334 0.0966796875 0.046875
0 0.5 0.76171875 0.4453125 0.052083333333333336
2 0.5 0.8561197916666666 0.76171875 0.032552083333333336
2 0.4931640625 0.9016927083333334 0.748046875 0.032552083333333336
0 0.4931640625 0.9016927083333334 0.748046875 0.032552083333333336
2 0.4931640625 0.947265625 0.748046875 0.032552083333333336
0 0.4931640625 0.947265625 0.748046875 0.032552083333333336
2 0.4931640625 0.98828125 0.748046875 0.0234375
0 0.4931640625 0.98828125 0.748046875 0.0234375