7 0.4462890625 0.033854166666666664 0.53515625 0.026041666666666668
0 0.7724609375 0.033854166666666664 0.09765625 0.036458333333333336
7 0.3603515625 0.9290364583333334 0.69140625 0.022135416666666668
6 0.0791015625 0.962890625 0.12890625 0.022135416666666668
7 0.19873046875 0.962890625 0.1103515625 0.022135416666666668
0 0.79833984375 0.9466145833333334 0.1142578125 0.052083333333333336
0 0.92822265625 0.9466145833333334 0.1142578125 0.052083333333333336
4 0.072265625 0.11197916666666667 0.09765625 0.06770833333333333
0 0.072265625 0.11328125 0.09765625 0.0703125
7 0.884765625 0.11197916666666667 0.072265625 0.026041666666666668
0 0.884765625 0.11393229166666667 0.091796875 0.048177083333333336
4 0.96484375 0.11393229166666667 0.0234375 0.022135416666666668
0 0.96484375 0.115234375 0.0234375 0.024739583333333332
2 0.33154296875 0.2740885416666667 0.5615234375 0.13671875
7 0.30224609375 0.4381510416666667 0.5029296875 0.11067708333333333
1 0.23193359375 0.5579427083333334 0.3623046875 0.06640625
5 0.13623046875 0.5592447916666666 0.1376953125 0.02734375
7 0.23193359375 0.6341145833333334 0.1142578125 0.036458333333333336
0 0.23193359375 0.634765625 0.3623046875 0.07161458333333333
4 0.478515625 0.634765625 0.11328125 0.07161458333333333
7 0.14794921875 0.69921875 0.1845703125 0.020833333333333332
6 0.28857421875 0.69921875 0.0966796875 0.020833333333333332
7 0.35205078125 0.69921875 0.0302734375 0.020833333333333332
6 0.28076171875 0.7109375 0.2568359375 0.044270833333333336
7 0.18994140625 0.72265625 0.0087890625 0.020833333333333332
6 0.25244140625 0.72265625 0.1181640625 0.020833333333333332
4 0.14501953125 0.8235677083333334 0.0361328125 0.05078125
7 0.30908203125 0.8235677083333334 0.2724609375 0.02734375
7 0.61474609375 0.8235677083333334 0.3388671875 0.02734375
6 0.82861328125 0.8235677083333334 0.0888671875 0.02734375
2 0.5 0.9680989583333334 0.970703125 0.061197916666666664
3 0.75390625 0.8971354166666666 0.4453125 0.14322916666666666