4 0.0927734375 0.037760416666666664 0.154296875 0.052083333333333336
1 0.66796875 0.035807291666666664 0.63671875 0.048177083333333336
4 0.92138671875 0.10026041666666667 0.0166015625 0.015625
6 0.9619140625 0.099609375 0.046875 0.01953125
0 0.17529296875 0.10677083333333333 0.3212890625 0.028645833333333332
0 0.41455078125 0.10546875 0.0634765625 0.026041666666666668
0 0.53173828125 0.10546875 0.0771484375 0.026041666666666668
0 0.14013671875 0.203125 0.2509765625 0.052083333333333336
7 0.08740234375 0.2513020833333333 0.1201171875 0.020833333333333332
0 0.14013671875 0.2682291666666667 0.2509765625 0.07552083333333333
7 0.1318359375 0.2845052083333333 0.208984375 0.024739583333333332
0 0.25341796875 0.25 0.0244140625 0.03125
7 0.0908203125 0.328125 0.126953125 0.020833333333333332
0 0.14013671875 0.3450520833333333 0.2509765625 0.07552083333333333
7 0.1318359375 0.361328125 0.208984375 0.024739583333333332
0 0.25341796875 0.3268229166666667 0.0244140625 0.03125
7 0.0947265625 0.4049479166666667 0.134765625 0.020833333333333332
0 0.14013671875 0.421875 0.2509765625 0.07552083333333333
7 0.1318359375 0.4381510416666667 0.208984375 0.024739583333333332
0 0.25341796875 0.4036458333333333 0.0244140625 0.03125
7 0.0947265625 0.4817708333333333 0.134765625 0.020833333333333332
0 0.14013671875 0.4986979166666667 0.2509765625 0.07552083333333333
7 0.1318359375 0.5149739583333334 0.208984375 0.024739583333333332
0 0.25341796875 0.48046875 0.0244140625 0.03125
7 0.0947265625 0.55859375 0.134765625 0.020833333333333332
0 0.14013671875 0.5989583333333334 0.2509765625 0.12239583333333333
7 0.1318359375 0.615234375 0.208984375 0.07161458333333333
0 0.25341796875 0.5572916666666666 0.0244140625 0.03125
7 0.0947265625 0.6822916666666666 0.134765625 0.020833333333333332
0 0.14013671875 0.7109375 0.2509765625 0.09895833333333333
7 0.1318359375 0.7272135416666666 0.208984375 0.048177083333333336
0 0.25341796875 0.6809895833333334 0.0244140625 0.03125
7 0.0947265625 0.7825520833333334 0.134765625 0.020833333333333332
0 0.14013671875 0.7994791666666666 0.2509765625 0.07552083333333333
7 0.1318359375 0.8157552083333334 0.208984375 0.024739583333333332
0 0.25341796875 0.78125 0.0244140625 0.03125
7 0.0947265625 0.859375 0.134765625 0.020833333333333332
0 0.14013671875 0.8880208333333334 0.2509765625 0.09895833333333333
7 0.1318359375 0.904296875 0.208984375 0.048177083333333336
0 0.25341796875 0.8580729166666666 0.0244140625 0.03125
7 0.0947265625 0.9596354166666666 0.134765625 0.020833333333333332
0 0.14013671875 0.9694010416666666 0.2509765625 0.061197916666666664
7 0.1318359375 0.990234375 0.208984375 0.01953125
0 0.25341796875 0.9583333333333334 0.0244140625 0.03125
2 0.66796875 0.2864583333333333 0.505859375 0.03125
2 0.66796875 0.3274739583333333 0.505859375 0.053385416666666664
7 0.60546875 0.4166666666666667 0.380859375 0.0234375
6 0.81103515625 0.4166666666666667 0.0322265625 0.0234375
7 0.66552734375 0.5305989583333334 0.5009765625 0.2513020833333333
2 0.66796875 0.763671875 0.505859375 0.05078125
0 0.4521484375 0.83984375 0.0703125 0.033854166666666664
7 0.50927734375 0.83984375 0.0205078125 0.0390625
0 0.525390625 0.83984375 0.009765625 0.033854166666666664
0 0.54296875 0.83984375 0.009765625 0.033854166666666664
0 0.560546875 0.83984375 0.009765625 0.033854166666666664
0 0.578125 0.83984375 0.009765625 0.033854166666666664
0 0.4521484375 0.87890625 0.0703125 0.033854166666666664
7 0.50927734375 0.8782552083333334 0.0205078125 0.040364583333333336
0 0.525390625 0.87890625 0.009765625 0.033854166666666664
0 0.54296875 0.87890625 0.009765625 0.033854166666666664
0 0.560546875 0.87890625 0.009765625 0.033854166666666664
0 0.578125 0.87890625 0.009765625 0.033854166666666664
0 0.595703125 0.87890625 0.009765625 0.033854166666666664
0 0.61669921875 0.87890625 0.0185546875 0.033854166666666664
0 0.64306640625 0.87890625 0.0185546875 0.033854166666666664
0 0.4521484375 0.91796875 0.0703125 0.033854166666666664
7 0.50927734375 0.9173177083333334 0.0205078125 0.040364583333333336
0 0.52978515625 0.91796875 0.0185546875 0.033854166666666664
0 0.55615234375 0.91796875 0.0185546875 0.033854166666666664
0 0.58251953125 0.91796875 0.0185546875 0.033854166666666664
0 0.6083984375 0.91796875 0.017578125 0.033854166666666664
0 0.63427734375 0.91796875 0.0185546875 0.033854166666666664
0 0.66064453125 0.91796875 0.0185546875 0.033854166666666664
0 0.6865234375 0.91796875 0.017578125 0.033854166666666664
0 0.71240234375 0.91796875 0.0185546875 0.033854166666666664
0 0.73876953125 0.91796875 0.0185546875 0.033854166666666664
0 0.7646484375 0.91796875 0.017578125 0.033854166666666664
0 0.79052734375 0.91796875 0.0185546875 0.033854166666666664
0 0.81689453125 0.91796875 0.0185546875 0.033854166666666664
0 0.4521484375 0.95703125 0.0703125 0.033854166666666664
7 0.50927734375 0.9680989583333334 0.0205078125 0.06380208333333333
0 0.52978515625 0.95703125 0.0185546875 0.033854166666666664
0 0.55615234375 0.95703125 0.0185546875 0.033854166666666664
0 0.58251953125 0.95703125 0.0185546875 0.033854166666666664
0 0.6083984375 0.95703125 0.017578125 0.033854166666666664
0 0.63427734375 0.95703125 0.0185546875 0.033854166666666664
0 0.66064453125 0.95703125 0.0185546875 0.033854166666666664
0 0.6865234375 0.95703125 0.017578125 0.033854166666666664
0 0.71240234375 0.95703125 0.0185546875 0.033854166666666664
0 0.73876953125 0.95703125 0.0185546875 0.033854166666666664
0 0.7646484375 0.95703125 0.017578125 0.033854166666666664
0 0.79052734375 0.95703125 0.0185546875 0.033854166666666664
0 0.81689453125 0.95703125 0.0185546875 0.033854166666666664
0 0.84326171875 0.95703125 0.0185546875 0.033854166666666664
0 0.86865234375 0.95703125 0.0185546875 0.033854166666666664
0 0.89501953125 0.95703125 0.0185546875 0.033854166666666664
0 0.52978515625 0.986328125 0.0185546875 0.02734375
0 0.55615234375 0.986328125 0.0185546875 0.02734375
0 0.58251953125 0.986328125 0.0185546875 0.02734375
0 0.6083984375 0.986328125 0.017578125 0.02734375
0 0.63427734375 0.986328125 0.0185546875 0.02734375