4 0.12890625 0.035807291666666664 0.1953125 0.048177083333333336
7 0.26953125 0.038411458333333336 0.037109375 0.01953125
0 0.2744140625 0.0390625 0.06640625 0.078125
0 0.3330078125 0.0390625 0.05078125 0.078125
7 0.39306640625 0.038411458333333336 0.0498046875 0.01953125
0 0.39794921875 0.0390625 0.0791015625 0.078125
7 0.484375 0.038411458333333336 0.07421875 0.01953125
0 0.4892578125 0.0390625 0.103515625 0.078125
7 0.5732421875 0.038411458333333336 0.044921875 0.01953125
0 0.578125 0.0390625 0.07421875 0.078125
1 0.90771484375 0.038411458333333336 0.1220703125 0.04296875
3 0.49755859375 0.16276041666666666 0.7119140625 0.1171875
7 0.06494140625 0.2688802083333333 0.0673828125 0.024739583333333332
6 0.41015625 0.26953125 0.623046875 0.020833333333333332
4 0.3388671875 0.6126302083333334 0.615234375 0.6158854166666666
0 0.3388671875 0.6126302083333334 0.615234375 0.6158854166666666
6 0.330078125 0.974609375 0.59765625 0.05078125
0 0.822265625 0.326171875 0.29296875 0.04296875
3 0.822265625 0.6868489583333334 0.29296875 0.6263020833333334