4 0.1103515625 0.0390625 0.072265625 0.028645833333333332
0 0.1103515625 0.0390625 0.091796875 0.046875
1 0.2998046875 0.0390625 0.265625 0.044270833333333336
2 0.26708984375 0.040364583333333336 0.1298828125 0.0234375
4 0.1845703125 0.040364583333333336 0.015625 0.020833333333333332
4 0.52001953125 0.0390625 0.0126953125 0.015625
4 0.58837890625 0.0390625 0.0205078125 0.020833333333333332
0 0.62109375 0.0390625 0.126953125 0.046875
7 0.6357421875 0.0390625 0.056640625 0.015625
4 0.72412109375 0.0390625 0.0205078125 0.026041666666666668
0 0.7548828125 0.0390625 0.123046875 0.046875
7 0.76953125 0.0390625 0.052734375 0.015625
7 0.85888671875 0.038411458333333336 0.0478515625 0.022135416666666668
7 0.931640625 0.038411458333333336 0.060546875 0.022135416666666668
0 0.0595703125 0.09895833333333333 0.060546875 0.046875
0 0.154296875 0.09895833333333333 0.08984375 0.046875
0 0.259765625 0.09895833333333333 0.08203125 0.046875
0 0.35791015625 0.09895833333333333 0.0771484375 0.046875
0 0.46337890625 0.09895833333333333 0.0966796875 0.046875
0 0.57275390625 0.09895833333333333 0.0830078125 0.046875
0 0.68603515625 0.09895833333333333 0.1044921875 0.046875
0 0.79150390625 0.09895833333333333 0.0693359375 0.046875
0 0.88916015625 0.09895833333333333 0.0869140625 0.046875
0 0.88427734375 0.09895833333333333 0.0498046875 0.020833333333333332
0 0.94921875 0.09895833333333333 0.04296875 0.020833333333333332
7 0.3818359375 0.9088541666666666 0.271484375 0.0234375
6 0.56494140625 0.9088541666666666 0.0947265625 0.0234375
7 0.62646484375 0.9088541666666666 0.0283203125 0.0234375
6 0.68017578125 0.9088541666666666 0.0791015625 0.0234375
7 0.4970703125 0.921875 0.501953125 0.049479166666666664
4 0.765625 0.921875 0.013671875 0.018229166666666668
4 0.84130859375 0.16145833333333334 0.0791015625 0.10416666666666667
2 0.84130859375 0.26171875 0.2275390625 0.028645833333333332
7 0.84130859375 0.328125 0.2275390625 0.078125
4 0.943359375 0.10677083333333333 0.013671875 0.018229166666666668
0 0.84130859375 0.4296875 0.0986328125 0.046875
0 0.8408203125 0.4283854166666667 0.09765625 0.026041666666666668
7 0.419921875 0.17708333333333334 0.2578125 0.026041666666666668
0 0.6337890625 0.17708333333333334 0.111328125 0.046875
4 0.96484375 0.17708333333333334 0.013671875 0.018229166666666668
0 0.96484375 0.17708333333333334 0.0390625 0.052083333333333336
2 0.16015625 0.2786458333333333 0.26171875 0.046875
0 0.16015625 0.2786458333333333 0.26171875 0.046875
0 0.787109375 0.2786458333333333 0.087890625 0.033854166666666664
0 0.869140625 0.2786458333333333 0.06640625 0.033854166666666664
0 0.93896484375 0.2786458333333333 0.0634765625 0.033854166666666664
4 0.1728515625 0.4752604166666667 0.287109375 0.2552083333333333
4 0.29638671875 0.37109375 0.0244140625 0.03125
4 0.4833984375 0.4759114583333333 0.31640625 0.2565104166666667
4 0.810546875 0.4759114583333333 0.3203125 0.2565104166666667
4 0.208984375 0.7552083333333334 0.359375 0.2786458333333333
4 0.5361328125 0.7552083333333334 0.27734375 0.2786458333333333
4 0.8271484375 0.7552083333333334 0.287109375 0.2786458333333333
4 0.95068359375 0.6399739583333334 0.0244140625 0.032552083333333336
7 0.8662109375 0.9375 0.177734375 0.0234375
4 0.966796875 0.9375 0.0078125 0.013020833333333334
2 0.099609375 0.9947916666666666 0.140625 0.010416666666666666
0 0.099609375 0.9947916666666666 0.140625 0.010416666666666666
3 0.5 0.94140625 0.947265625 0.1171875
7 0.958984375 0.8938802083333334 0.029296875 0.022135416666666668