6 0.0625 0.016276041666666668 0.078125 0.022135416666666668
6 0.14501953125 0.016276041666666668 0.0556640625 0.022135416666666668
6 0.21484375 0.016276041666666668 0.052734375 0.022135416666666668
6 0.2841796875 0.016276041666666668 0.0546875 0.022135416666666668
6 0.3505859375 0.016276041666666668 0.046875 0.022135416666666668
6 0.41259765625 0.016276041666666668 0.0458984375 0.022135416666666668
6 0.48583984375 0.016276041666666668 0.0693359375 0.022135416666666668
6 0.56494140625 0.016276041666666668 0.0576171875 0.022135416666666668
6 0.6484375 0.016276041666666668 0.078125 0.022135416666666668
6 0.75146484375 0.016276041666666668 0.0634765625 0.022135416666666668
6 0.861328125 0.016276041666666668 0.091796875 0.022135416666666668
4 0.13330078125 0.09635416666666667 0.2197265625 0.044270833333333336
0 0.111328125 0.09114583333333333 0.17578125 0.109375
7 0.294921875 0.09114583333333333 0.16015625 0.0390625
4 0.6376953125 0.09114583333333333 0.0234375 0.03125
0 0.6376953125 0.09114583333333333 0.04296875 0.057291666666666664
4 0.6884765625 0.09114583333333333 0.017578125 0.0234375
0 0.7158203125 0.09114583333333333 0.09765625 0.057291666666666664
7 0.72705078125 0.09114583333333333 0.0302734375 0.03125
4 0.7861328125 0.09114583333333333 0.017578125 0.0234375
0 0.82763671875 0.09114583333333333 0.1259765625 0.057291666666666664
7 0.8388671875 0.09114583333333333 0.05859375 0.03125
4 0.912109375 0.09114583333333333 0.017578125 0.0234375
0 0.912109375 0.09114583333333333 0.029296875 0.0390625
4 0.955078125 0.09114583333333333 0.0234375 0.03125
0 0.955078125 0.09114583333333333 0.04296875 0.057291666666666664
7 0.05322265625 0.16015625 0.0478515625 0.028645833333333332
0 0.05322265625 0.16015625 0.0595703125 0.028645833333333332
7 0.12451171875 0.16015625 0.0576171875 0.028645833333333332
0 0.12451171875 0.16015625 0.0693359375 0.028645833333333332
7 0.2001953125 0.16015625 0.056640625 0.028645833333333332
0 0.2001953125 0.16015625 0.068359375 0.028645833333333332
7 0.2587890625 0.16015625 0.0234375 0.028645833333333332
0 0.2587890625 0.16015625 0.03515625 0.028645833333333332
7 0.32958984375 0.16015625 0.0810546875 0.028645833333333332
0 0.32958984375 0.16015625 0.0927734375 0.028645833333333332
7 0.41845703125 0.16015625 0.0595703125 0.028645833333333332
0 0.41845703125 0.16015625 0.0712890625 0.028645833333333332
7 0.49072265625 0.16015625 0.0478515625 0.028645833333333332
0 0.49072265625 0.16015625 0.0595703125 0.028645833333333332
7 0.57958984375 0.16015625 0.0927734375 0.028645833333333332
0 0.57958984375 0.16015625 0.1044921875 0.028645833333333332
7 0.66552734375 0.16015625 0.0419921875 0.028645833333333332
0 0.66552734375 0.16015625 0.0537109375 0.028645833333333332
4 0.2490234375 0.404296875 0.462890625 0.34765625
0 0.2490234375 0.23046875 0.462890625 0
7 0.2451171875 0.708984375 0.05078125 0.040364583333333336
0 0.2490234375 0.708984375 0.05859375 0.040364583333333336
2 0.2490234375 0.8346354166666666 0.392578125 0.16145833333333334
0 0.2490234375 0.8346354166666666 0.392578125 0.16145833333333334
7 0.2490234375 0.951171875 0.0703125 0.022135416666666668
0 0.2490234375 0.951171875 0.0703125 0.032552083333333336
4 0.6259765625 0.3098958333333333 0.2109375 0.15885416666666666
0 0.6259765625 0.23046875 0.2109375 0
2 0.6259765625 0.453125 0.2109375 0.09114583333333333
0 0.6259765625 0.453125 0.2109375 0.09114583333333333
7 0.572265625 0.5240885416666666 0.103515625 0.022135416666666668
0 0.572265625 0.5240885416666666 0.103515625 0.032552083333333336
4 0.6259765625 0.771484375 0.2109375 0.20963541666666666
0 0.6259765625 0.6673177083333334 0.2109375 0.0013020833333333333
2 0.5380859375 0.8600260416666666 0.03515625 0.02734375
0 0.6259765625 0.8899739583333334 0.2109375 0.08984375
2 0.6220703125 0.8600260416666666 0.1328125 0.02734375
2 0.615234375 0.9049479166666666 0.189453125 0.057291666666666664
7 0.56201171875 0.9609375 0.0830078125 0.020833333333333332
0 0.56201171875 0.9609375 0.0830078125 0.03125
2 0.876953125 0.24609375 0.2109375 0.03125
4 0.8017578125 0.3053385416666667 0.060546875 0.045572916666666664
0 0.8017578125 0.3053385416666667 0.060546875 0.045572916666666664
2 0.91162109375 0.3424479166666667 0.1416015625 0.11979166666666667
0 0.91162109375 0.3424479166666667 0.1416015625 0.11979166666666667
7 0.8681640625 0.41796875 0.0546875 0.020833333333333332
0 0.91162109375 0.41796875 0.1416015625 0.03125
4 0.8017578125 0.509765625 0.060546875 0.045572916666666664
0 0.8017578125 0.509765625 0.060546875 0.045572916666666664
2 0.91162109375 0.5618489583333334 0.1416015625 0.14973958333333334
0 0.91162109375 0.5618489583333334 0.1416015625 0.14973958333333334
7 0.87646484375 0.65234375 0.0712890625 0.020833333333333332
0 0.91162109375 0.65234375 0.1416015625 0.03125
4 0.8017578125 0.7311197916666666 0.060546875 0.045572916666666664
0 0.8017578125 0.7311197916666666 0.060546875 0.045572916666666664
2 0.89990234375 0.73828125 0.1181640625 0.057291666666666664
0 0.91162109375 0.7532552083333334 0.1416015625 0.08984375
2 0.9033203125 0.7682291666666666 0.125 0.057291666666666664
7 0.8720703125 0.8138020833333334 0.0625 0.020833333333333332
0 0.91162109375 0.8138020833333334 0.1416015625 0.03125
4 0.8017578125 0.9055989583333334 0.060546875 0.045572916666666664
0 0.8017578125 0.9055989583333334 0.060546875 0.045572916666666664
2 0.91162109375 0.94140625 0.1416015625 0.1171875
0 0.91162109375 0.94140625 0.1416015625 0.1171875