4 0.9052734375 0.04296875 0.01953125 0.026041666666666668
0 0.9052734375 0.043619791666666664 0.05078125 0.06380208333333333
6 0.96484375 0.032552083333333336 0.01953125 0.005208333333333333
0 0.96484375 0.043619791666666664 0.05078125 0.06380208333333333
6 0.96484375 0.04296875 0.01953125 0.005208333333333333
6 0.96484375 0.053385416666666664 0.01953125 0.005208333333333333
4 0.14404296875 0.041666666666666664 0.2880859375 0.08333333333333333
0 0.30029296875 0.041666666666666664 0.6005859375 0.08333333333333333
6 0.33154296875 0.17057291666666666 0.5244140625 0.036458333333333336
2 0.5 0.3678385416666667 0.9765625 0.037760416666666664
1 0.5 0.4524739583333333 0.978515625 0.08463541666666667
1 0.5 0.556640625 0.978515625 0.08463541666666667
1 0.5 0.6608072916666666 0.978515625 0.08463541666666667
0 0.513671875 0.8639322916666666 0.94921875 0.032552083333333336
0 0.513671875 0.9108072916666666 0.94921875 0.032552083333333336
0 0.513671875 0.958984375 0.94921875 0.032552083333333336
0 0.513671875 0.9954427083333334 0.94921875 0.009114583333333334
7 0.34130859375 0.951171875 0.6513671875 0.02734375
6 0.7138671875 0.951171875 0.09375 0.02734375
7 0.7626953125 0.951171875 0.00390625 0.02734375
7 0.8466796875 0.9518229166666666 0.09765625 0.0234375
0 0.83984375 0.9524739583333334 0.140625 0.053385416666666664
7 0.94580078125 0.9518229166666666 0.0322265625 0.0234375
0 0.9453125 0.9524739583333334 0.0625 0.053385416666666664