0 0.9140625 0.028645833333333332 0.109375 0.0390625
0 0.5 0.009765625 0.9375 0.0013020833333333333
6 0.11181640625 0.027994791666666668 0.1611328125 0.022135416666666668
7 0.1943359375 0.027994791666666668 0.0078125 0.022135416666666668
1 0.2822265625 0.028645833333333332 0.16796875 0.0390625
1 0.40185546875 0.028645833333333332 0.0673828125 0.0390625
4 0.2333984375 0.09309895833333333 0.046875 0.061197916666666664
0 0.416015625 0.08854166666666667 0.412109375 0.052083333333333336
6 0.29931640625 0.09309895833333333 0.0771484375 0.032552083333333336
7 0.48486328125 0.09309895833333333 0.2763671875 0.032552083333333336
7 0.33203125 0.138671875 0.109375 0.022135416666666668
6 0.47119140625 0.138671875 0.1708984375 0.022135416666666668
4 0.86474609375 0.10872395833333333 0.0244140625 0.032552083333333336
0 0.86572265625 0.109375 0.0283203125 0.036458333333333336
4 0.912109375 0.10872395833333333 0.0390625 0.032552083333333336
0 0.91259765625 0.109375 0.0419921875 0.036458333333333336
4 0.9365234375 0.18880208333333334 0.0859375 0.044270833333333336
0 0.08154296875 0.189453125 0.1142578125 0.04296875
0 0.20849609375 0.189453125 0.1220703125 0.04296875
0 0.328125 0.189453125 0.09765625 0.04296875
0 0.44140625 0.189453125 0.111328125 0.04296875
0 0.56103515625 0.189453125 0.1083984375 0.04296875
0 0.65625 0.189453125 0.064453125 0.04296875
0 0.748046875 0.189453125 0.099609375 0.04296875
0 0.07421875 0.236328125 0.099609375 0.04296875
0 0.1787109375 0.236328125 0.08984375 0.04296875
0 0.29345703125 0.236328125 0.1201171875 0.04296875
0 0.4072265625 0.236328125 0.08984375 0.04296875
0 0.56298828125 0.236328125 0.2041015625 0.04296875
0 0.72998046875 0.236328125 0.1123046875 0.04296875
2 0.3359375 0.2734375 0.609375 0.049479166666666664
7 0.14306640625 0.3502604166666667 0.2236328125 0.0234375
6 0.2998046875 0.3502604166666667 0.091796875 0.0234375
7 0.3359375 0.3971354166666667 0.609375 0.1171875
7 0.0830078125 0.49609375 0.103515625 0.0234375
6 0.2275390625 0.49609375 0.189453125 0.0234375
7 0.33349609375 0.51171875 0.6044921875 0.0546875
6 0.27734375 0.52734375 0.1640625 0.0234375
7 0.36083984375 0.52734375 0.0048828125 0.0234375
0 0.1357421875 0.6432291666666666 0.208984375 0.07552083333333333
4 0.3359375 0.8678385416666666 0.494140625 0.2643229166666667
7 0.82763671875 0.3450520833333333 0.2412109375 0.1171875
6 0.81298828125 0.4075520833333333 0.2119140625 0.0546875
7 0.92041015625 0.4231770833333333 0.0048828125 0.0234375
2 0.77099609375 0.556640625 0.1279296875 0.03515625
2 0.8564453125 0.5559895833333334 0.01953125 0.026041666666666668
7 0.826171875 0.6276041666666666 0.23828125 0.049479166666666664
7 0.82177734375 0.6822916666666666 0.2294921875 0.10416666666666667
7 0.8115234375 0.7825520833333334 0.208984375 0.049479166666666664
7 0.8212890625 0.8509114583333334 0.228515625 0.13151041666666666
7 0.82568359375 0.96484375 0.2373046875 0.049479166666666664
7 0.81884765625 0.9837239583333334 0.2236328125 0.032552083333333336