2 0.3291015625 0.045572916666666664 0.595703125 0.0390625
7 0.06201171875 0.10677083333333333 0.0615234375 0.033854166666666664
6 0.2109375 0.10677083333333333 0.236328125 0.033854166666666664
7 0.32568359375 0.13932291666666666 0.5888671875 0.09895833333333333
0 0.169921875 0.23958333333333334 0.27734375 0.049479166666666664
0 0.47705078125 0.23958333333333334 0.2783203125 0.049479166666666664
4 0.048828125 0.3294270833333333 0.03515625 0.0390625
0 0.10595703125 0.3326822916666667 0.1494140625 0.045572916666666664
7 0.12646484375 0.333984375 0.1083984375 0.053385416666666664
7 0.18408203125 0.43359375 0.2080078125 0.033854166666666664
0 0.2744140625 0.4342447916666667 0.388671875 0.032552083333333336
7 0.37841796875 0.43359375 0.1806640625 0.033854166666666664
7 0.34375 0.5319010416666666 0.625 0.032552083333333336
7 0.05419921875 0.5703125 0.0458984375 0.033854166666666664
6 0.18896484375 0.5703125 0.2236328125 0.033854166666666664
4 0.8125 0.5514322916666666 0.283203125 0.05859375
0 0.087890625 0.6295572916666666 0.11328125 0.032552083333333336
2 0.3388671875 0.73828125 0.615234375 0.06510416666666667
7 0.3388671875 0.806640625 0.615234375 0.032552083333333336
7 0.3388671875 0.8391927083333334 0.615234375 0.032552083333333336
5 0.10888671875 0.9088541666666666 0.1259765625 0.052083333333333336
1 0.31884765625 0.9075520833333334 0.5751953125 0.052083333333333336
0 0.6259765625 0.9075520833333334 0.0390625 0.052083333333333336
2 0.8271484375 0.7220052083333334 0.2734375 0.032552083333333336
6 0.82421875 0.7766927083333334 0.267578125 0.053385416666666664
6 0.82275390625 0.822265625 0.2646484375 0.02734375
6 0.75 0.8548177083333334 0.119140625 0.02734375
6 0.7236328125 0.8873697916666666 0.06640625 0.02734375
6 0.765625 0.919921875 0.150390625 0.02734375