4 0.1005859375 0.042317708333333336 0.1484375 0.032552083333333336
6 0.92626953125 0.12630208333333334 0.1005859375 0.0234375
7 0.05810546875 0.12434895833333333 0.0693359375 0.03515625
7 0.15576171875 0.123046875 0.0556640625 0.022135416666666668
4 0.19873046875 0.12369791666666667 0.0244140625 0.03125
0 0.16943359375 0.125 0.0830078125 0.08333333333333333
6 0.26806640625 0.12369791666666667 0.0439453125 0.0625
6 0.3583984375 0.12369791666666667 0.06640625 0.0625
6 0.453125 0.12369791666666667 0.052734375 0.0625
7 0.54833984375 0.123046875 0.0673828125 0.022135416666666668
4 0.59716796875 0.12369791666666667 0.0244140625 0.03125
0 0.56201171875 0.125 0.0947265625 0.08333333333333333
0 0.763671875 0.041666666666666664 0.142578125 0.057291666666666664
0 0.91357421875 0.041666666666666664 0.1259765625 0.057291666666666664
7 0.4404296875 0.19401041666666666 0.7265625 0.020833333333333332
0 0.5 0.19401041666666666 1 0.0546875
7 0.869140625 0.19401041666666666 0.107421875 0.028645833333333332
4 0.5 0.345703125 0.162109375 0.040364583333333336
2 0.298828125 0.4615885416666667 0.169921875 0.12109375
2 0.41455078125 0.4615885416666667 0.0283203125 0.12109375
2 0.44091796875 0.4615885416666667 0.0263671875 0.12109375
2 0.47412109375 0.4615885416666667 0.0419921875 0.12109375
2 0.52734375 0.4615885416666667 0.064453125 0.12109375
2 0.595703125 0.4615885416666667 0.041015625 0.12109375
2 0.63671875 0.4615885416666667 0.04296875 0.12109375
2 0.689453125 0.4615885416666667 0.064453125 0.12109375
2 0.7412109375 0.4615885416666667 0.041015625 0.12109375
2 0.77099609375 0.4615885416666667 0.0185546875 0.12109375
7 0.5 0.556640625 0.466796875 0.03515625
0 0.5 0.6451822916666666 0.15234375 0.06640625
4 0.5 0.890625 0.94140625 0.21875