7 0.072265625 0.013671875 0.076171875 0.01953125
3 0.5 0.19401041666666666 0.947265625 0.3255208333333333
4 0.81494140625 0.4498697916666667 0.2880859375 0.12369791666666667
0 0.81494140625 0.4498697916666667 0.2880859375 0.12369791666666667
7 0.18408203125 0.4029947916666667 0.2861328125 0.03515625
7 0.18408203125 0.4368489583333333 0.2861328125 0.024739583333333332
7 0.0908203125 0.4798177083333333 0.076171875 0.024739583333333332
0 0.1015625 0.4817708333333333 0.12109375 0.041666666666666664
4 0.1455078125 0.4817708333333333 0.03125 0.041666666666666664
7 0.2177734375 0.4798177083333333 0.068359375 0.024739583333333332
0 0.228515625 0.4817708333333333 0.11328125 0.041666666666666664
4 0.2685546875 0.4817708333333333 0.03125 0.041666666666666664
0 0.48974609375 0.4036458333333333 0.0927734375 0.044270833333333336
4 0.56103515625 0.4036458333333333 0.0185546875 0.0234375
0 0.5859375 0.404296875 0.08203125 0.045572916666666664
7 0.59716796875 0.4029947916666667 0.0478515625 0.024739583333333332
4 0.64208984375 0.4036458333333333 0.0185546875 0.0234375
0 0.6728515625 0.404296875 0.09375 0.045572916666666664
7 0.68017578125 0.4029947916666667 0.0517578125 0.024739583333333332
7 0.9052734375 0.4029947916666667 0.076171875 0.024739583333333332
0 0.9091796875 0.4036458333333333 0.095703125 0.044270833333333336
0 0.091796875 0.5625 0.140625 0.0546875
0 0.2275390625 0.5625 0.130859375 0.0546875
0 0.3583984375 0.5625 0.130859375 0.0546875
0 0.4892578125 0.5625 0.130859375 0.0546875
0 0.6201171875 0.5625 0.130859375 0.0546875
7 0.7216796875 0.5579427083333334 0.052734375 0.03515625
0 0.7236328125 0.5625 0.076171875 0.0546875
0 0.05078125 0.6171875 0.02734375 0.0546875
0 0.12158203125 0.6171875 0.1142578125 0.0546875
0 0.20361328125 0.6171875 0.0498046875 0.0546875
0 0.27685546875 0.6171875 0.0966796875 0.0546875
0 0.3525390625 0.6171875 0.0546875 0.0546875
0 0.4208984375 0.6171875 0.08203125 0.0546875
0 0.49560546875 0.6171875 0.0673828125 0.0546875
0 0.54931640625 0.6171875 0.0400390625 0.0546875
0 0.599609375 0.6171875 0.060546875 0.0546875
2 0.5 0.8307291666666666 1 0.3385416666666667
2 0.109375 0.6940104166666666 0.13671875 0.03125
0 0.111328125 0.6940104166666666 0.140625 0.0390625
7 0.0791015625 0.7298177083333334 0.076171875 0.02734375
7 0.12841796875 0.7298177083333334 0.0166015625 0.02734375
7 0.15673828125 0.7298177083333334 0.0341796875 0.02734375
7 0.1962890625 0.7298177083333334 0.0390625 0.02734375
2 0.17626953125 0.8040364583333334 0.2705078125 0.045572916666666664
2 0.33544921875 0.8248697916666666 0.5888671875 0.08723958333333333
4 0.3828125 0.9479166666666666 0.68359375 0.10416666666666667
4 0.8515625 0.8606770833333334 0.21484375 0.171875
2 0.76708984375 0.962890625 0.0361328125 0.032552083333333336
2 0.84765625 0.9733072916666666 0.197265625 0.053385416666666664
2 0.3828125 0.625 0.68359375 0.0546875
7 0.0859375 0.6686197916666666 0.08984375 0.02734375
0 0.16845703125 0.6692708333333334 0.0673828125 0.033854166666666664
7 0.3623046875 0.7018229166666666 0.642578125 0.09375
7 0.1533203125 0.7779947916666666 0.224609375 0.02734375
0 0.32470703125 0.7786458333333334 0.1103515625 0.028645833333333332
7 0.39892578125 0.7779947916666666 0.0302734375 0.02734375
0 0.46875 0.7786458333333334 0.1015625 0.028645833333333332
7 0.35302734375 0.7942708333333334 0.6240234375 0.059895833333333336
7 0.17822265625 0.853515625 0.2353515625 0.02734375
0 0.16650390625 0.853515625 0.2587890625 0.032552083333333336
7 0.400390625 0.8860677083333334 0.6484375 0.032552083333333336
7 0.400390625 0.9186197916666666 0.6484375 0.032552083333333336
7 0.400390625 0.951171875 0.6484375 0.032552083333333336
7 0.400390625 0.9837239583333334 0.6484375 0.032552083333333336
7 0.0966796875 0.8860677083333334 0.072265625 0.02734375
0 0.0849609375 0.8860677083333334 0.095703125 0.032552083333333336
7 0.400390625 0.9186197916666666 0.6484375 0.032552083333333336
7 0.400390625 0.951171875 0.6484375 0.032552083333333336
7 0.400390625 0.9837239583333334 0.6484375 0.032552083333333336
7 0.400390625 1 0.6484375 0
7 0.1513671875 0.95703125 0.125 0.033854166666666664
0 0.13818359375 0.95703125 0.1943359375 0.057291666666666664
4 0.06787109375 0.95703125 0.0224609375 0.028645833333333332
0 0.29833984375 0.95703125 0.1044921875 0.057291666666666664