2 0.609375 0.044270833333333336 0.75 0.046875
6 0.2900390625 0.12760416666666666 0.078125 0.0234375
7 0.33447265625 0.12760416666666666 0.0126953125 0.0234375
6 0.390625 0.12760416666666666 0.1015625 0.0234375
7 0.44775390625 0.12760416666666666 0.0126953125 0.0234375
6 0.501953125 0.12760416666666666 0.09765625 0.0234375
7 0.55615234375 0.12760416666666666 0.0126953125 0.0234375
6 0.59765625 0.12760416666666666 0.072265625 0.0234375
7 0.63818359375 0.12760416666666666 0.0126953125 0.0234375
6 0.68505859375 0.12760416666666666 0.0830078125 0.0234375
7 0.73291015625 0.12760416666666666 0.0126953125 0.0234375
6 0.779296875 0.12760416666666666 0.08203125 0.0234375
2 0.36083984375 0.220703125 0.2529296875 0.03515625
3 0.609375 0.345703125 0.75 0.15755208333333334
2 0.2783203125 0.478515625 0.087890625 0.03515625
4 0.9140625 0.6360677083333334 0.12890625 0.17317708333333334
6 0.90283203125 0.7526041666666666 0.1005859375 0.046875
7 0.29638671875 0.5390625 0.1240234375 0.0234375
7 0.51611328125 0.6015625 0.5634765625 0.1484375
7 0.33935546875 0.7057291666666666 0.2099609375 0.0234375
7 0.50927734375 0.7369791666666666 0.5498046875 0.0859375
6 0.62646484375 0.7682291666666666 0.0810546875 0.0234375
7 0.51416015625 0.7838541666666666 0.5595703125 0.0546875
7 0.345703125 0.8411458333333334 0.22265625 0.0234375
7 0.47509765625 0.8411458333333334 0.0380859375 0.0234375
0 0.5791015625 0.8411458333333334 0.171875 0.0234375
7 0.67724609375 0.8411458333333334 0.0263671875 0.0234375
0 0.77197265625 0.8411458333333334 0.1630859375 0.0234375
7 0.6005859375 0.8567708333333334 0.732421875 0.0546875
0 0.71630859375 0.8723958333333334 0.0947265625 0.0234375
7 0.607421875 0.9036458333333334 0.74609375 0.0859375
0 0.44140625 0.9348958333333334 0.177734375 0.0234375
7 0.5654296875 0.9348958333333334 0.07421875 0.0234375
7 0.30810546875 0.9765625 0.1474609375 0.0234375
7 0.59912109375 0.982421875 0.7294921875 0.03515625
6 0.63037109375 0.998046875 0.0556640625 0.00390625
7 0.59619140625 0.998046875 0.7236328125 0.00390625
4 0.07080078125 0.0625 0.1259765625 0.10416666666666667
2 0.0546875 0.1484375 0.09375 0.020833333333333332
1 0.099609375 0.185546875 0.18359375 0.02734375
6 0.08154296875 0.23046875 0.1005859375 0.0234375
6 0.0712890625 0.26171875 0.080078125 0.0234375
6 0.06494140625 0.29296875 0.0673828125 0.0234375
6 0.064453125 0.32421875 0.06640625 0.0234375
6 0.0703125 0.35546875 0.078125 0.0234375
7 0.10205078125 0.41796875 0.1884765625 0.046875
1 0.0439453125 0.46484375 0.072265625 0.028645833333333332
6 0.07275390625 0.5026041666666666 0.0830078125 0.0234375
2 0.06005859375 0.5520833333333334 0.1044921875 0.020833333333333332
6 0.0625 0.5859375 0.0625 0.0234375
6 0.056640625 0.6171875 0.05078125 0.0234375
6 0.0576171875 0.6484375 0.052734375 0.0234375
4 0.0615234375 0.708984375 0.107421875 0.04296875