4 0.140625 0.0390625 0.2421875 0.052083333333333336
0 0.140625 0.0390625 0.2421875 0.052083333333333336
4 0.64111328125 0.0390625 0.0185546875 0.026041666666666668
4 0.6796875 0.0390625 0.01953125 0.026041666666666668
0 0.6796875 0.0390625 0.01953125 0.026041666666666668
4 0.71875 0.0390625 0.01953125 0.026041666666666668
0 0.71875 0.0390625 0.01953125 0.026041666666666668
0 0.849609375 0.0390625 0.1640625 0.049479166666666664
4 0.970703125 0.0390625 0.046875 0.07552083333333333
0 0.03515625 0.10611979166666667 0.0546875 0.029947916666666668
0 0.107421875 0.10611979166666667 0.03125 0.029947916666666668
0 0.16015625 0.10611979166666667 0.015625 0.029947916666666668
0 0.220703125 0.10611979166666667 0.046875 0.029947916666666668
0 0.296875 0.10611979166666667 0.046875 0.029947916666666668
0 0.380859375 0.10611979166666667 0.0625 0.029947916666666668
0 0.484375 0.10611979166666667 0.0859375 0.029947916666666668
0 0.576171875 0.10611979166666667 0.0390625 0.029947916666666668
0 0.6484375 0.10611979166666667 0.046875 0.029947916666666668
0 0.720703125 0.10611979166666667 0.0390625 0.029947916666666668
0 0.796875 0.10611979166666667 0.0546875 0.029947916666666668
0 0.880859375 0.10611979166666667 0.0546875 0.029947916666666668
0 0.96484375 0.10611979166666667 0.0546875 0.029947916666666668
4 0.3681640625 0.1640625 0.025390625 0.033854166666666664
0 0.5 0.1640625 1 0.059895833333333336
7 0.51708984375 0.1640625 0.2548828125 0.033854166666666664
2 0.25 0.2897135416666667 0.5 0.18880208333333334
4 0.25 0.5794270833333334 0.5 0.390625
0 0.25 0.5794270833333334 0.5 0.390625
0 0.43896484375 0.7265625 0.0830078125 0.044270833333333336
4 0.0439453125 0.8333333333333334 0.048828125 0.06510416666666667
0 0.0439453125 0.8333333333333334 0.048828125 0.06510416666666667
2 0.146484375 0.8190104166666666 0.1171875 0.026041666666666668
2 0.146484375 0.8509114583333334 0.1171875 0.022135416666666668
7 0.44482421875 0.818359375 0.0712890625 0.029947916666666668
7 0.44482421875 0.8483072916666666 0.0712890625 0.029947916666666668
2 0.75 0.2669270833333333 0.5 0.14322916666666666
4 0.75 0.5794270833333334 0.5 0.390625
0 0.75 0.5794270833333334 0.5 0.390625
0 0.90771484375 0.7265625 0.1455078125 0.044270833333333336
4 0.54443359375 0.8333333333333334 0.0498046875 0.06510416666666667
0 0.54443359375 0.8333333333333334 0.0498046875 0.06510416666666667
2 0.61767578125 0.8190104166666666 0.0595703125 0.026041666666666668
2 0.61767578125 0.8509114583333334 0.0595703125 0.022135416666666668
7 0.94921875 0.818359375 0.0625 0.029947916666666668
7 0.94921875 0.8483072916666666 0.0625 0.029947916666666668
2 0.16650390625 0.9466145833333334 0.3330078125 0.1015625
2 0.5 0.9466145833333334 0.333984375 0.1015625
2 0.83349609375 0.9466145833333334 0.3330078125 0.10677083333333333
7 0.21875 0.7454427083333334 0.359375 0.024739583333333332
7 0.2138671875 0.7903645833333334 0.349609375 0.020833333333333332
7 0.2109375 0.8274739583333334 0.34375 0.045572916666666664
6 0.27880859375 0.83984375 0.2216796875 0.020833333333333332
7 0.39453125 0.83984375 0.009765625 0.020833333333333332
7 0.2021484375 0.8893229166666666 0.326171875 0.0703125
6 0.3447265625 0.9140625 0.08203125 0.020833333333333332
7 0.38671875 0.9140625 0.00390625 0.020833333333333332
0 0.421875 0.7408854166666666 0.046875 0.0625