2 0.14453125 0.050130208333333336 0.171875 0.045572916666666664
1 0.48876953125 0.052083333333333336 0.2099609375 0.033854166666666664
7 0.08203125 0.21875 0.08984375 0.0234375
7 0.0859375 0.2936197916666667 0.09765625 0.01953125
0 0.1484375 0.2936197916666667 0.25390625 0.06901041666666667
4 0.259765625 0.2936197916666667 0.01171875 0.016927083333333332
7 0.1103515625 0.3626302083333333 0.146484375 0.01953125
0 0.1484375 0.3626302083333333 0.25390625 0.06901041666666667
4 0.259765625 0.3626302083333333 0.01171875 0.016927083333333332
7 0.1376953125 0.431640625 0.201171875 0.01953125
0 0.1484375 0.431640625 0.25390625 0.06901041666666667
4 0.259765625 0.431640625 0.01171875 0.016927083333333332
7 0.11767578125 0.5006510416666666 0.1611328125 0.01953125
0 0.1484375 0.5006510416666666 0.25390625 0.06901041666666667
4 0.259765625 0.5006510416666666 0.01171875 0.016927083333333332
7 0.115234375 0.5696614583333334 0.15625 0.01953125
0 0.1484375 0.5696614583333334 0.25390625 0.06901041666666667
4 0.259765625 0.5696614583333334 0.01171875 0.016927083333333332
2 0.6201171875 0.314453125 0.625 0.02734375
6 0.4375 0.3671875 0.19921875 0.020833333333333332
6 0.4345703125 0.4036458333333333 0.193359375 0.020833333333333332
6 0.4375 0.4401041666666667 0.19921875 0.020833333333333332
6 0.44482421875 0.4778645833333333 0.2138671875 0.020833333333333332
6 0.43994140625 0.5143229166666666 0.2041015625 0.020833333333333332
2 0.35205078125 0.5865885416666666 0.0888671875 0.022135416666666668
7 0.45458984375 0.6341145833333334 0.2939453125 0.020833333333333332
6 0.6337890625 0.6341145833333334 0.064453125 0.020833333333333332
7 0.61474609375 0.646484375 0.6142578125 0.045572916666666664
2 0.35595703125 0.7259114583333334 0.0966796875 0.022135416666666668
6 0.40283203125 0.7799479166666666 0.1298828125 0.020833333333333332
6 0.43310546875 0.81640625 0.1904296875 0.020833333333333332
6 0.4033203125 0.8528645833333334 0.130859375 0.020833333333333332
6 0.40869140625 0.8893229166666666 0.1416015625 0.020833333333333332
6 0.43359375 0.92578125 0.19140625 0.020833333333333332
6 0.384765625 0.9622395833333334 0.09375 0.020833333333333332