4 0.4931640625 0.3268229166666667 0.138671875 0.0234375
0 0.4931640625 0.3268229166666667 0.138671875 0.0234375
2 0.5 0.451171875 0.52734375 0.03515625
7 0.357421875 0.515625 0.2421875 0.020833333333333332
7 0.5009765625 0.515625 0.044921875 0.020833333333333332
7 0.49609375 0.578125 0.51953125 0.14583333333333334
6 0.56787109375 0.640625 0.0908203125 0.020833333333333332
7 0.4970703125 0.65625 0.521484375 0.052083333333333336
6 0.4794921875 0.6875 0.486328125 0.052083333333333336
7 0.30322265625 0.703125 0.0048828125 0.020833333333333332
7 0.25439453125 0.7526041666666666 0.0361328125 0.020833333333333332
7 0.30908203125 0.7526041666666666 0.0751953125 0.020833333333333332
7 0.49658203125 0.7682291666666666 0.5205078125 0.052083333333333336
0 0.3603515625 0.90234375 0.248046875 0.06510416666666667
0 0.64013671875 0.90234375 0.2490234375 0.06510416666666667