4 0.5 0.1171875 1 0.234375
4 0.5 0.1171875 0.80078125 0.125
4 0.0556640625 0.2760416666666667 0.091796875 0.044270833333333336
0 0.0556640625 0.2760416666666667 0.091796875 0.044270833333333336
4 0.140625 0.2766927083333333 0.021484375 0.029947916666666668
0 0.18115234375 0.2760416666666667 0.1201171875 0.046875
7 0.19580078125 0.2760416666666667 0.0634765625 0.020833333333333332
1 0.5048828125 0.2760416666666667 0.423828125 0.046875
4 0.69873046875 0.2760416666666667 0.0205078125 0.026041666666666668
0 0.69873046875 0.2760416666666667 0.0361328125 0.046875
4 0.7958984375 0.2786458333333333 0.03125 0.041666666666666664
0 0.7958984375 0.2903645833333333 0.03125 0.020833333333333332
0 0.85546875 0.2760416666666667 0.04296875 0.0234375
7 0.93505859375 0.2760416666666667 0.0498046875 0.020833333333333332
0 0.9375 0.2760416666666667 0.10546875 0.046875
4 0.5 0.3678385416666667 1 0.7356770833333334
7 0.5 0.3502604166666667 0.544921875 0.044270833333333336
7 0.1494140625 0.392578125 0.12109375 0.022135416666666668
0 0.85595703125 0.392578125 0.1103515625 0.022135416666666668
7 0.2021484375 0.5377604166666666 0.203125 0.020833333333333332
0 0.2021484375 0.5052083333333334 0.2265625 0.16927083333333334
7 0.2021484375 0.5638020833333334 0.203125 0.020833333333333332
7 0.380859375 0.5377604166666666 0.083984375 0.020833333333333332
0 0.380859375 0.5052083333333334 0.107421875 0.16927083333333334
7 0.380859375 0.5638020833333334 0.083984375 0.020833333333333332
7 0.5 0.52734375 0.083984375 0.041666666666666664
0 0.5 0.5052083333333334 0.107421875 0.16927083333333334
7 0.5 0.5638020833333334 0.083984375 0.020833333333333332
7 0.619140625 0.52734375 0.083984375 0.041666666666666664
0 0.619140625 0.5052083333333334 0.107421875 0.16927083333333334
7 0.619140625 0.5638020833333334 0.083984375 0.020833333333333332
7 0.73828125 0.52734375 0.083984375 0.041666666666666664
0 0.73828125 0.5052083333333334 0.107421875 0.16927083333333334
7 0.73828125 0.5638020833333334 0.083984375 0.020833333333333332
7 0.857421875 0.52734375 0.083984375 0.041666666666666664
0 0.857421875 0.5052083333333334 0.107421875 0.16927083333333334
7 0.857421875 0.5638020833333334 0.083984375 0.020833333333333332
7 0.19189453125 0.6510416666666666 0.1181640625 0.0234375
7 0.689453125 0.6510416666666666 0.0703125 0.020833333333333332
4 0.78076171875 0.6510416666666666 0.0224609375 0.0234375
4 0.82958984375 0.6510416666666666 0.0166015625 0.0234375
4 0.85888671875 0.6510416666666666 0.0166015625 0.0234375
4 0.25 0.7662760416666666 0.234375 0.16536458333333334
0 0.25 0.8098958333333334 0.234375 0.2526041666666667
7 0.197265625 0.8717447916666666 0.099609375 0.01953125
7 0.17236328125 0.9088541666666666 0.0185546875 0.0234375
4 0.24169921875 0.9075520833333334 0.0146484375 0.018229166666666668
7 0.2587890625 0.9088541666666666 0.013671875 0.0234375
4 0.32666015625 0.9075520833333334 0.0185546875 0.015625
7 0.34619140625 0.9088541666666666 0.0146484375 0.0234375
4 0.25 0.978515625 0.234375 0.04296875
0 0.25 0.978515625 0.234375 0.04296875
4 0.5 0.841796875 0.234375 0.31640625
0 0.5 0.841796875 0.234375 0.31640625
4 0.75 0.841796875 0.234375 0.31640625
0 0.75 0.841796875 0.234375 0.31640625
7 0.84228515625 0.7154947916666666 0.0205078125 0.024739583333333332
7 0.0986328125 0.9674479166666666 0.111328125 0.06510416666666667
6 0.21142578125 0.966796875 0.0380859375 0.016927083333333332
6 0.294921875 0.966796875 0.05078125 0.016927083333333332
6 0.3759765625 0.966796875 0.03515625 0.016927083333333332
6 0.44677734375 0.966796875 0.0283203125 0.016927083333333332
6 0.521484375 0.966796875 0.04296875 0.016927083333333332
6 0.5986328125 0.966796875 0.03515625 0.016927083333333332
6 0.67431640625 0.966796875 0.0400390625 0.016927083333333332
4 0.794921875 0.9661458333333334 0.03125 0.041666666666666664
0 0.91796875 0.9674479166666666 0.076171875 0.06510416666666667