0 0.06103515625 0.037109375 0.0634765625 0.029947916666666668
0 0.14501953125 0.037109375 0.0654296875 0.029947916666666668
0 0.2265625 0.037109375 0.05859375 0.029947916666666668
4 0.49951171875 0.0390625 0.0634765625 0.0546875
0 0.8935546875 0.039713541666666664 0.033203125 0.07942708333333333
0 0.9296875 0.039713541666666664 0.025390625 0.07942708333333333
7 0.5 0.3528645833333333 1 0.5755208333333334
2 0.5 0.2858072916666667 0.453125 0.14973958333333334
6 0.5 0.38671875 0.552734375 0.0546875
7 0.5 0.4615885416666667 0.0703125 0.024739583333333332
0 0.5 0.4615885416666667 0.130859375 0.045572916666666664
4 0.1845703125 0.669921875 0.28515625 0.21484375
0 0.1845703125 0.7727864583333334 0.287109375 0.4231770833333333
6 0.1845703125 0.8177083333333334 0.2265625 0.018229166666666668
2 0.1640625 0.880859375 0.185546875 0.10546875
4 0.5 0.669921875 0.28515625 0.21484375
0 0.5 0.7727864583333334 0.287109375 0.4231770833333333
6 0.5 0.8177083333333334 0.2265625 0.018229166666666668
2 0.484375 0.8645833333333334 0.1953125 0.07291666666666667
4 0.8154296875 0.669921875 0.28515625 0.21484375
0 0.8154296875 0.7727864583333334 0.287109375 0.4231770833333333
6 0.8154296875 0.8177083333333334 0.2265625 0.018229166666666668
2 0.8115234375 0.8645833333333334 0.21875 0.07291666666666667