4 0.03125 0.03125 0.0234375 0.03125
4 0.5 0.036458333333333336 0.203125 0.041666666666666664
0 0.5 0.03125 0.203125 0.03125
4 0.96875 0.03125 0.0234375 0.03125
3 0.5 0.109375 1 0.09375
4 0.1953125 0.314453125 0.34375 0.3059895833333333
0 0.1953125 0.4173177083333333 0.34375 0.48046875
2 0.1904296875 0.5345052083333334 0.333984375 0.07421875
7 0.1904296875 0.6158854166666666 0.333984375 0.08333333333333333
4 0.55419921875 0.314453125 0.3447265625 0.3059895833333333
0 0.55419921875 0.44921875 0.3447265625 0.5442708333333334
2 0.54931640625 0.552734375 0.3349609375 0.11067708333333333
7 0.54931640625 0.666015625 0.3349609375 0.11067708333333333
7 0.8525390625 0.2649739583333333 0.19140625 0.07421875
0 0.85888671875 0.24479166666666666 0.2041015625 0.13541666666666666
7 0.85888671875 0.3255208333333333 0.2041015625 0.026041666666666668
7 0.8447265625 0.447265625 0.17578125 0.07421875
0 0.85888671875 0.4270833333333333 0.2041015625 0.13541666666666666
7 0.85888671875 0.5208333333333334 0.2041015625 0.052083333333333336
7 0.84375 0.6555989583333334 0.173828125 0.07421875
0 0.85888671875 0.6354166666666666 0.2041015625 0.13541666666666666
7 0.85888671875 0.7161458333333334 0.2041015625 0.026041666666666668
3 0.5 0.8294270833333334 0.7109375 0.1171875
2 0.19873046875 0.9720052083333334 0.1318359375 0.055989583333333336
0 0.177734375 0.9700520833333334 0.30859375 0.059895833333333336
4 0.40087890625 0.9700520833333334 0.0791015625 0.059895833333333336
0 0.5 0.9700520833333334 0.30859375 0.059895833333333336
2 0.5380859375 0.9720052083333334 0.166015625 0.055989583333333336
2 0.86328125 0.9720052083333334 0.171875 0.055989583333333336
0 0.822265625 0.9700520833333334 0.30859375 0.059895833333333336