7 0.265625 0.045572916666666664 0.48828125 0.046875
4 0.53271484375 0.044921875 0.0166015625 0.022135416666666668
0 0.67236328125 0.045572916666666664 0.3271484375 0.046875
7 0.6591796875 0.046875 0.26953125 0.046875
0 0.8974609375 0.045572916666666664 0.091796875 0.046875
0 0.029296875 0.11979166666666667 0.03515625 0.057291666666666664
0 0.12451171875 0.11979166666666667 0.0458984375 0.057291666666666664
0 0.224609375 0.11979166666666667 0.046875 0.057291666666666664
0 0.33349609375 0.11979166666666667 0.0634765625 0.057291666666666664
0 0.44873046875 0.11979166666666667 0.0595703125 0.057291666666666664
0 0.55126953125 0.11979166666666667 0.0380859375 0.057291666666666664
0 0.65234375 0.11979166666666667 0.056640625 0.057291666666666664
0 0.77001953125 0.11979166666666667 0.0712890625 0.057291666666666664
4 0.87841796875 0.11979166666666667 0.0380859375 0.057291666666666664
0 0.9697265625 0.11979166666666667 0.037109375 0.057291666666666664
4 0.5 0.2916666666666667 0.078125 0.10416666666666667
2 0.5 0.3697916666666667 0.67578125 0.041666666666666664
2 0.5 0.4733072916666667 0.67578125 0.13671875
7 0.5 0.6373697916666666 0.67578125 0.15234375
0 0.50048828125 0.7884114583333334 0.3603515625 0.048177083333333336
7 0.447265625 0.845703125 0.181640625 0.022135416666666668
6 0.591796875 0.845703125 0.103515625 0.022135416666666668
4 0.5 0.9622395833333334 0.6328125 0.07552083333333333