0 0.0673828125 0.020833333333333332 0.134765625 0.041666666666666664
4 0.08056640625 0.051432291666666664 0.1142578125 0.04296875
0 0.08056640625 0.051432291666666664 0.1142578125 0.04296875
5 0.18408203125 0.041015625 0.0478515625 0.02734375
4 0.18408203125 0.051432291666666664 0.0205078125 0.02734375
1 0.2900390625 0.051432291666666664 0.259765625 0.048177083333333336
1 0.1953125 0.09114583333333333 0.0703125 0.03125
0 0.81005859375 0.051432291666666664 0.0810546875 0.04296875
0 0.900390625 0.051432291666666664 0.0546875 0.048177083333333336
7 0.09033203125 0.047526041666666664 0.1806640625 0.024739583333333332
0 0.96484375 0.051432291666666664 0.0234375 0.032552083333333336
4 0.96484375 0.051432291666666664 0.0234375 0.032552083333333336
4 0.5 0.189453125 1 0.08984375
2 0.38037109375 0.3587239583333333 0.5478515625 0.24869791666666666
7 0.38037109375 0.3639322916666667 0.5478515625 0.12630208333333334
4 0.5 0.5397135416666666 1 0.11328125
2 0.5 0.6217447916666666 0.953125 0.055989583333333336
4 0.3388671875 0.8450520833333334 0.630859375 0.3098958333333333
0 0.3388671875 0.8450520833333334 0.630859375 0.3098958333333333
2 0.82275390625 0.8079427083333334 0.3076171875 0.15755208333333334
7 0.82275390625 0.953125 0.3076171875 0.09375
2 0.5 0.7291666666666666 0.630859375 0.052083333333333336
7 0.48828125 0.8307291666666666 0.607421875 0.10416666666666667
6 0.51708984375 0.8717447916666666 0.0947265625 0.022135416666666668
7 0.56591796875 0.8717447916666666 0.0048828125 0.022135416666666668
0 0.22509765625 0.9270833333333334 0.0810546875 0.041666666666666664
0 0.3310546875 0.9270833333333334 0.091796875 0.041666666666666664