0 0.044921875 0.024088541666666668 0.05078125 0.04296875
0 0.09033203125 0.022786458333333332 0.0400390625 0.04296875
0 0.1318359375 0.022786458333333332 0.0390625 0.04296875
0 0.1728515625 0.022786458333333332 0.0390625 0.04296875
0 0.2138671875 0.022786458333333332 0.0390625 0.04296875
0 0.62060546875 0.022786458333333332 0.0654296875 0.04296875
0 0.69580078125 0.022786458333333332 0.0830078125 0.04296875
0 0.77001953125 0.022786458333333332 0.0634765625 0.04296875
0 0.83740234375 0.022786458333333332 0.0693359375 0.04296875
0 0.92626953125 0.022786458333333332 0.1064453125 0.04296875
2 0.13818359375 0.140625 0.2373046875 0.0859375
4 0.78515625 0.13671875 0.390625 0.13020833333333334
0 0.08349609375 0.265625 0.0869140625 0.046875
0 0.2041015625 0.265625 0.150390625 0.046875
0 0.30615234375 0.265625 0.0498046875 0.046875
0 0.3681640625 0.265625 0.0703125 0.046875
0 0.4716796875 0.265625 0.1328125 0.046875
0 0.9384765625 0.2623697916666667 0.021484375 0.024739583333333332
1 0.81103515625 0.2623697916666667 0.2158203125 0.032552083333333336
4 0.73779296875 0.376953125 0.0439453125 0.048177083333333336
0 0.80712890625 0.41015625 0.2587890625 0.16145833333333334
7 0.83203125 0.3776041666666667 0.1328125 0.0859375
7 0.80712890625 0.4244791666666667 0.2587890625 0.03125
7 0.80712890625 0.4557291666666667 0.2587890625 0.03125
0 0.80712890625 0.5247395833333334 0.2587890625 0.028645833333333332
0 0.80712890625 0.5533854166666666 0.2587890625 0.028645833333333332
4 0.18212890625 0.3990885416666667 0.1181640625 0.13932291666666666
2 0.1826171875 0.5143229166666666 0.140625 0.052083333333333336
7 0.1826171875 0.5846354166666666 0.140625 0.0625
4 0.37060546875 0.3990885416666667 0.1181640625 0.13932291666666666
2 0.37109375 0.5013020833333334 0.140625 0.026041666666666668
7 0.37109375 0.55859375 0.140625 0.0625
4 0.55908203125 0.3990885416666667 0.1181640625 0.13932291666666666
2 0.5595703125 0.5013020833333334 0.140625 0.026041666666666668
6 0.55908203125 0.55078125 0.1396484375 0.049479166666666664
2 0.33984375 0.7096354166666666 0.568359375 0.03125
7 0.33984375 0.8229166666666666 0.591796875 0.14322916666666666
2 0.33984375 0.9427083333333334 0.568359375 0.03125
0 0.19189453125 0.9921875 0.2958984375 0.015625
0 0.48779296875 0.9921875 0.2958984375 0.015625
2 0.83740234375 0.6940104166666666 0.2373046875 0.026041666666666668
6 0.81103515625 0.7565104166666666 0.1064453125 0.049479166666666664
6 0.83447265625 0.80859375 0.1533203125 0.0234375
6 0.79638671875 0.84765625 0.0771484375 0.0234375
6 0.82373046875 0.88671875 0.1318359375 0.0234375
6 0.85205078125 0.92578125 0.1884765625 0.0234375
6 0.83984375 0.9765625 0.1640625 0.046875