4 0.06201171875 0.045572916666666664 0.0927734375 0.036458333333333336
0 0.51220703125 0.049479166666666664 0.0849609375 0.078125
0 0.6025390625 0.049479166666666664 0.095703125 0.078125
0 0.68212890625 0.049479166666666664 0.0634765625 0.078125
0 0.7451171875 0.049479166666666664 0.0625 0.078125
0 0.81396484375 0.049479166666666664 0.0751953125 0.078125
0 0.9208984375 0.049479166666666664 0.126953125 0.059895833333333336
7 0.2294921875 0.22135416666666666 0.361328125 0.15104166666666666
7 0.21533203125 0.400390625 0.3330078125 0.14453125
7 0.12109375 0.56640625 0.10546875 0.0546875
1 0.24560546875 0.56640625 0.1435546875 0.0546875
1 0.353515625 0.56640625 0.07421875 0.059895833333333336
4 0.49951171875 0.5520833333333334 0.9345703125 0.8958333333333334
7 0.5 0.978515625 0.71484375 0.04296875
7 0.3154296875 0.9557291666666666 0.08984375 0.026041666666666668
7 0.50537109375 0.9557291666666666 0.2900390625 0.026041666666666668
6 0.69775390625 0.9557291666666666 0.0947265625 0.026041666666666668