7 0.4853515625 0.026041666666666668 0.16796875 0.018229166666666668
7 0.59619140625 0.026041666666666668 0.0556640625 0.018229166666666668
7 0.625 0.026041666666666668 0.00390625 0.018229166666666668
0 0.0595703125 0.11328125 0.041015625 0.13020833333333334
0 0.18408203125 0.11848958333333333 0.0556640625 0.041666666666666664
0 0.26318359375 0.11848958333333333 0.0400390625 0.041666666666666664
0 0.34130859375 0.11848958333333333 0.0537109375 0.041666666666666664
0 0.42529296875 0.11848958333333333 0.0517578125 0.041666666666666664
0 0.51806640625 0.11848958333333333 0.0712890625 0.041666666666666664
0 0.7919921875 0.11328125 0.068359375 0.049479166666666664
0 0.9013671875 0.11328125 0.119140625 0.049479166666666664
2 0.2783203125 0.34765625 0.400390625 0.0859375
2 0.32177734375 0.455078125 0.4873046875 0.15755208333333334
2 0.330078125 0.5266927083333334 0.50390625 0.14973958333333334
0 0.16064453125 0.6673177083333334 0.1650390625 0.05859375
7 0.0859375 0.7233072916666666 0.052734375 0.016927083333333332
0 0.1328125 0.5924479166666666 0.15625 0.03125
4 0.5 0.5045572916666666 1 0.9127604166666666
7 0.09326171875 0.94921875 0.1474609375 0.03125
0 0.22314453125 0.94921875 0.0732421875 0.049479166666666664
0 0.32275390625 0.94921875 0.1064453125 0.049479166666666664
3 0.92626953125 0.9544270833333334 0.1083984375 0.06510416666666667