4 0.2490234375 0.036458333333333336 0.439453125 0.0390625
0 0.10498046875 0.04296875 0.1513671875 0.052083333333333336
1 0.3955078125 0.033854166666666664 0.384765625 0.044270833333333336
1 0.61376953125 0.033854166666666664 0.0517578125 0.046875
4 0.61279296875 0.032552083333333336 0.0498046875 0.044270833333333336
4 0.67822265625 0.033854166666666664 0.0498046875 0.044270833333333336
0 0.67822265625 0.033854166666666664 0.0517578125 0.046875
0 0.96337890625 0.033854166666666664 0.0498046875 0.046875
2 0.64111328125 0.14583333333333334 0.5908203125 0.0859375
2 0.72509765625 0.16731770833333334 0.1005859375 0.04296875
2 0.78173828125 0.16731770833333334 0.0166015625 0.04296875
2 0.826171875 0.16731770833333334 0.07421875 0.04296875
2 0.86669921875 0.16731770833333334 0.0087890625 0.04296875
2 0.38134765625 0.21028645833333334 0.0712890625 0.04296875
2 0.42431640625 0.21028645833333334 0.0166015625 0.04296875
2 0.490234375 0.21028645833333334 0.115234375 0.04296875
2 0.55517578125 0.21028645833333334 0.0166015625 0.04296875
2 0.66162109375 0.21028645833333334 0.1982421875 0.04296875
2 0.78515625 0.21028645833333334 0.052734375 0.04296875
2 0.42041015625 0.2532552083333333 0.1494140625 0.04296875
2 0.49853515625 0.2532552083333333 0.0087890625 0.04296875
4 0.40673828125 0.4296875 0.1220703125 0.21614583333333334
0 0.40771484375 0.4427083333333333 0.1279296875 0.24739583333333334
4 0.54931640625 0.4231770833333333 0.1220703125 0.22916666666666666
0 0.55029296875 0.4361979166666667 0.1279296875 0.2604166666666667
7 0.5498046875 0.599609375 0.37890625 0.029947916666666668
2 0.66162109375 0.697265625 0.6318359375 0.037760416666666664
4 0.396484375 0.8626302083333334 0.1015625 0.17838541666666666
0 0.396484375 0.8639322916666666 0.1015625 0.18098958333333334
4 0.5595703125 0.8626302083333334 0.1015625 0.20442708333333334
0 0.5595703125 0.8639322916666666 0.1015625 0.20703125
4 0.72265625 0.8626302083333334 0.1015625 0.18098958333333334
0 0.72265625 0.8639322916666666 0.1015625 0.18359375
4 0.8857421875 0.8626302083333334 0.1015625 0.20442708333333334
0 0.8857421875 0.8639322916666666 0.1015625 0.20703125
2 0.18212890625 0.13541666666666666 0.2880859375 0.033854166666666664
0 0.17333984375 0.18098958333333334 0.2783203125 0.03125
0 0.17333984375 0.21354166666666666 0.2783203125 0.03125
0 0.17333984375 0.24609375 0.2783203125 0.03125
0 0.17333984375 0.2786458333333333 0.2783203125 0.03125
0 0.17333984375 0.3111979166666667 0.2783203125 0.03125
0 0.17333984375 0.34375 0.2783203125 0.03125
0 0.17333984375 0.3763020833333333 0.2783203125 0.03125
0 0.17333984375 0.4088541666666667 0.2783203125 0.03125
0 0.17333984375 0.44140625 0.2783203125 0.03125
0 0.17333984375 0.4739583333333333 0.2783203125 0.03125
0 0.17333984375 0.5065104166666666 0.2783203125 0.03125
0 0.17333984375 0.5390625 0.2783203125 0.03125
0 0.17333984375 0.5716145833333334 0.2783203125 0.03125
0 0.17333984375 0.6041666666666666 0.2783203125 0.03125
0 0.17333984375 0.63671875 0.2783203125 0.03125
0 0.17333984375 0.6692708333333334 0.2783203125 0.03125
0 0.17333984375 0.7018229166666666 0.2783203125 0.03125
0 0.17333984375 0.734375 0.2783203125 0.03125
0 0.17333984375 0.7669270833333334 0.2783203125 0.03125
0 0.17333984375 0.7994791666666666 0.2783203125 0.03125
0 0.17333984375 0.8424479166666666 0.2783203125 0.052083333333333336
0 0.17333984375 0.8854166666666666 0.2783203125 0.03125
0 0.17333984375 0.91796875 0.2783203125 0.03125
0 0.17333984375 0.9505208333333334 0.2783203125 0.03125
7 0.17333984375 0.998046875 0.3056640625 0.00390625
0 0.017578125 0.4134114583333333 0.03515625 0.045572916666666664
4 0.01220703125 0.4134114583333333 0.0205078125 0.022135416666666668
4 0.974609375 0.9251302083333334 0.021484375 0.029947916666666668
7 0.3037109375 0.9114583333333334 0.509765625 0.07552083333333333
6 0.10693359375 0.9661458333333334 0.1162109375 0.020833333333333332
7 0.3427734375 0.9661458333333334 0.357421875 0.020833333333333332
6 0.9052734375 0.92578125 0.03515625 0.020833333333333332
0 0.7802734375 0.9283854166666666 0.1015625 0.0234375