7 0.037109375 0.014322916666666666 0.03515625 0.015625
0 0.10107421875 0.014322916666666666 0.0830078125 0.020833333333333332
0 0.1845703125 0.014322916666666666 0.0703125 0.020833333333333332
0 0.25439453125 0.014322916666666666 0.0576171875 0.020833333333333332
6 0.837890625 0.014322916666666666 0.083984375 0.015625
7 0.8828125 0.014322916666666666 0.009765625 0.015625
6 0.93359375 0.014322916666666666 0.09375 0.015625
6 0.015625 0.052734375 0.015625 0.05078125
0 0.015625 0.052734375 0.029296875 0.040364583333333336
7 0.06494140625 0.052734375 0.0498046875 0.01953125
0 0.22998046875 0.052734375 0.3798828125 0.01953125
6 0.09716796875 0.052734375 0.0166015625 0.01953125
7 0.13720703125 0.052734375 0.0654296875 0.01953125
6 0.2021484375 0.052734375 0.056640625 0.01953125
7 0.32568359375 0.052734375 0.1904296875 0.01953125
7 0.4365234375 0.053385416666666664 0.025390625 0.020833333333333332
2 0.6171875 0.103515625 0.16015625 0.024739583333333332
4 0.548828125 0.13541666666666666 0.015625 0.020833333333333332
0 0.787109375 0.13541666666666666 0.42578125 0.018229166666666668
4 0.548828125 0.171875 0.015625 0.020833333333333332
0 0.787109375 0.171875 0.42578125 0.018229166666666668
4 0.548828125 0.20833333333333334 0.015625 0.020833333333333332
0 0.787109375 0.20833333333333334 0.42578125 0.018229166666666668
4 0.548828125 0.25 0.015625 0.020833333333333332
0 0.787109375 0.25 0.42578125 0.036458333333333336
4 0.548828125 0.2916666666666667 0.015625 0.020833333333333332
0 0.787109375 0.2916666666666667 0.42578125 0.018229166666666668
2 0.07763671875 0.103515625 0.1162109375 0.024739583333333332
6 0.19775390625 0.10546875 0.0888671875 0.015625
7 0.263671875 0.13541666666666666 0.48828125 0.033854166666666664
6 0.0322265625 0.173828125 0.025390625 0.01953125
6 0.06787109375 0.19856770833333334 0.0966796875 0.01953125
6 0.0537109375 0.22330729166666666 0.068359375 0.01953125
6 0.0791015625 0.248046875 0.119140625 0.01953125
6 0.033203125 0.2727864583333333 0.02734375 0.01953125
6 0.044921875 0.2975260416666667 0.05078125 0.01953125
6 0.03271484375 0.322265625 0.0263671875 0.01953125
6 0.21533203125 0.173828125 0.0693359375 0.01953125
6 0.21240234375 0.19856770833333334 0.0634765625 0.01953125
6 0.201171875 0.22330729166666666 0.041015625 0.01953125
6 0.19287109375 0.248046875 0.0244140625 0.01953125
6 0.2197265625 0.2727864583333333 0.078125 0.01953125
6 0.20751953125 0.2975260416666667 0.0537109375 0.01953125
6 0.2001953125 0.322265625 0.0390625 0.01953125
6 0.3779296875 0.173828125 0.072265625 0.01953125
6 0.361328125 0.19856770833333334 0.0390625 0.01953125
6 0.376953125 0.22330729166666666 0.0703125 0.01953125
6 0.3564453125 0.248046875 0.029296875 0.01953125
6 0.3583984375 0.2727864583333333 0.033203125 0.01953125
6 0.3828125 0.2975260416666667 0.08203125 0.01953125
6 0.3583984375 0.322265625 0.033203125 0.01953125
1 0.58984375 0.3951822916666667 0.671875 0.029947916666666668
1 0.9482421875 0.396484375 0.0390625 0.053385416666666664
7 0.2763671875 0.4459635416666667 0.05078125 0.01953125
1 0.3212890625 0.4479166666666667 0.013671875 0.018229166666666668
5 0.36181640625 0.4459635416666667 0.0576171875 0.01953125
1 0.41015625 0.4479166666666667 0.013671875 0.018229166666666668
5 0.45166015625 0.4459635416666667 0.0595703125 0.01953125
2 0.6708984375 0.6692708333333334 0.072265625 0.026041666666666668
2 0.71826171875 0.6712239583333334 0.0146484375 0.01953125
2 0.7763671875 0.6712239583333334 0.083984375 0.016927083333333332
7 0.8076171875 0.7194010416666666 0.345703125 0.03515625
7 0.65087890625 0.7584635416666666 0.0322265625 0.01953125
6 0.82861328125 0.7584635416666666 0.3232421875 0.01953125
4 0.85888671875 0.759765625 0.0205078125 0.022135416666666668
6 0.89990234375 0.7649739583333334 0.0634765625 0.01953125
7 0.65087890625 0.791015625 0.0322265625 0.01953125
6 0.75439453125 0.791015625 0.1748046875 0.01953125
4 0.85888671875 0.7923177083333334 0.0205078125 0.022135416666666668
6 0.892578125 0.7975260416666666 0.048828125 0.01953125
7 0.65087890625 0.8235677083333334 0.0322265625 0.01953125
6 0.755859375 0.8235677083333334 0.177734375 0.01953125
4 0.85888671875 0.8248697916666666 0.0205078125 0.022135416666666668
6 0.92333984375 0.830078125 0.1103515625 0.01953125
7 0.65087890625 0.8561197916666666 0.0322265625 0.01953125
6 0.72265625 0.8561197916666666 0.111328125 0.01953125
4 0.85888671875 0.857421875 0.0205078125 0.022135416666666668
6 0.908203125 0.8626302083333334 0.080078125 0.01953125
7 0.65087890625 0.888671875 0.0322265625 0.01953125
6 0.75244140625 0.888671875 0.1708984375 0.01953125
4 0.85888671875 0.8899739583333334 0.0205078125 0.022135416666666668
6 0.8818359375 0.8951822916666666 0.02734375 0.01953125
7 0.65087890625 0.9212239583333334 0.0322265625 0.01953125
6 0.83349609375 0.9212239583333334 0.3330078125 0.01953125
4 0.85888671875 0.9225260416666666 0.0205078125 0.022135416666666668
6 0.92041015625 0.927734375 0.1044921875 0.01953125
7 0.65087890625 0.9537760416666666 0.0322265625 0.01953125
6 0.71435546875 0.9537760416666666 0.0947265625 0.01953125
4 0.85888671875 0.955078125 0.0205078125 0.022135416666666668
6 0.888671875 0.9602864583333334 0.041015625 0.01953125
7 0.65087890625 0.986328125 0.0322265625 0.01953125
6 0.759765625 0.986328125 0.185546875 0.01953125
4 0.85888671875 0.9876302083333334 0.0205078125 0.022135416666666668
6 0.89794921875 0.9915364583333334 0.0595703125 0.016927083333333332
2 0.123046875 0.669921875 0.20703125 0.02734375
7 0.2939453125 0.6712239583333334 0.078125 0.01953125
4 0.34521484375 0.669921875 0.0166015625 0.022135416666666668
7 0.38232421875 0.6712239583333334 0.0498046875 0.01953125
7 0.02685546875 0.7428385416666666 0.0146484375 0.01953125
2 0.068359375 0.7643229166666666 0.09765625 0.026041666666666668
2 0.1435546875 0.765625 0.044921875 0.018229166666666668
4 0.0263671875 0.806640625 0.013671875 0.022135416666666668
6 0.06396484375 0.8053385416666666 0.0458984375 0.01953125
7 0.09423828125 0.8053385416666666 0.0185546875 0.01953125
7 0.11865234375 0.8053385416666666 0.0302734375 0.01953125
7 0.146484375 0.8053385416666666 0.02734375 0.01953125
4 0.0263671875 0.833984375 0.013671875 0.022135416666666668
6 0.06396484375 0.8326822916666666 0.0458984375 0.01953125
7 0.09423828125 0.8326822916666666 0.0185546875 0.01953125
7 0.11865234375 0.8326822916666666 0.0302734375 0.01953125
7 0.146484375 0.8326822916666666 0.02734375 0.01953125
2 0.41015625 0.7643229166666666 0.13671875 0.026041666666666668
1 0.40087890625 0.8092447916666666 0.1181640625 0.024739583333333332
1 0.4951171875 0.8092447916666666 0.064453125 0.02734375
2 0.13330078125 0.8873697916666666 0.2275390625 0.022135416666666668
6 0.08154296875 0.9290364583333334 0.0458984375 0.01953125
6 0.1494140625 0.962890625 0.181640625 0.01953125
6 0.1689453125 0.9934895833333334 0.220703125 0.013020833333333334
4 0.1650390625 0.9563802083333334 0.2890625 0.08723958333333333