0 0.26904296875 0.018880208333333332 0.4208984375 0.016927083333333332
4 0.75927734375 0.018880208333333332 0.4814453125 0.037760416666666664
4 0.07763671875 0.07421875 0.0771484375 0.041666666666666664
0 0.07763671875 0.07421875 0.0771484375 0.041666666666666664
0 0.16015625 0.08463541666666667 0.05078125 0.052083333333333336
0 0.2275390625 0.08463541666666667 0.0390625 0.052083333333333336
7 0.2890625 0.07421875 0.0390625 0.03125
0 0.30078125 0.08463541666666667 0.0625 0.052083333333333336
7 0.36474609375 0.07421875 0.0205078125 0.03125
0 0.37646484375 0.08463541666666667 0.0439453125 0.052083333333333336
7 0.4501953125 0.07421875 0.05859375 0.03125
0 0.4619140625 0.08463541666666667 0.08203125 0.052083333333333336
0 0.5556640625 0.08463541666666667 0.060546875 0.052083333333333336
7 0.9404296875 0.07421875 0.04296875 0.059895833333333336
2 0.5 0.2604166666666667 0.609375 0.046875
2 0.5 0.341796875 0.609375 0.061197916666666664