0 0.1142578125 0.032552083333333336 0.123046875 0.06510416666666667
7 0.232421875 0.033203125 0.060546875 0.024739583333333332
0 0.236328125 0.031901041666666664 0.09375 0.045572916666666664
1 0.47119140625 0.032552083333333336 0.3564453125 0.044270833333333336
0 0.630859375 0.032552083333333336 0.037109375 0.0390625
0 0.82373046875 0.033203125 0.0673828125 0.04296875
0 0.90966796875 0.033203125 0.0751953125 0.04296875
0 0.11669921875 0.08463541666666667 0.1279296875 0.0390625
0 0.2275390625 0.08463541666666667 0.064453125 0.0390625
7 0.45263671875 0.083984375 0.0771484375 0.037760416666666664
0 0.53857421875 0.08463541666666667 0.0556640625 0.0390625
0 0.64111328125 0.08463541666666667 0.1103515625 0.0390625
0 0.7548828125 0.08463541666666667 0.078125 0.0390625
7 0.80517578125 0.0859375 0.0224609375 0.041666666666666664
0 0.8916015625 0.08463541666666667 0.111328125 0.0390625
4 0.4580078125 0.18229166666666666 0.041015625 0.0546875
4 0.5 0.18229166666666666 0.017578125 0.0234375
4 0.5419921875 0.18229166666666666 0.041015625 0.0546875
2 0.5 0.2565104166666667 0.76171875 0.059895833333333336
7 0.5 0.31640625 0.76171875 0.036458333333333336
0 0.5 0.38671875 0.177734375 0.052083333333333336
6 0.5 0.4524739583333333 0.26171875 0.024739583333333332
4 0.2724609375 0.7552083333333334 0.439453125 0.390625
2 0.2353515625 0.716796875 0.365234375 0.032552083333333336
7 0.2353515625 0.7532552083333334 0.365234375 0.02734375
4 0.58837890625 0.6510416666666666 0.3037109375 0.18229166666666666
2 0.5595703125 0.6282552083333334 0.24609375 0.032552083333333336
7 0.5595703125 0.6647135416666666 0.24609375 0.02734375
4 0.8505859375 0.6510416666666666 0.298828125 0.18229166666666666
2 0.82421875 0.6282552083333334 0.24609375 0.032552083333333336
7 0.82421875 0.6647135416666666 0.24609375 0.02734375
4 0.58837890625 0.859375 0.3037109375 0.18229166666666666
2 0.5595703125 0.8365885416666666 0.24609375 0.032552083333333336
7 0.5595703125 0.873046875 0.24609375 0.02734375
4 0.8505859375 0.859375 0.298828125 0.18229166666666666
2 0.82421875 0.8365885416666666 0.24609375 0.032552083333333336
7 0.82421875 0.873046875 0.24609375 0.02734375