4 0.5 0.0032552083333333335 1 0.006510416666666667
0 0.09130859375 0.0390625 0.1396484375 0.033854166666666664
0 0.2109375 0.03515625 0.072265625 0.033854166666666664
0 0.2861328125 0.03515625 0.078125 0.033854166666666664
0 0.36962890625 0.03515625 0.0888671875 0.033854166666666664
7 0.626953125 0.039713541666666664 0.048828125 0.022135416666666668
0 0.6181640625 0.0390625 0.080078125 0.041666666666666664
7 0.7138671875 0.039713541666666664 0.0625 0.022135416666666668
0 0.70654296875 0.0390625 0.0908203125 0.041666666666666664
7 0.80517578125 0.039713541666666664 0.0458984375 0.022135416666666668
0 0.794921875 0.0390625 0.080078125 0.041666666666666664
7 0.91845703125 0.0390625 0.0947265625 0.0234375
0 0.908203125 0.0390625 0.140625 0.041666666666666664
1 0.1796875 0.11393229166666667 0.31640625 0.045572916666666664
1 0.4609375 0.11393229166666667 0.248046875 0.045572916666666664
1 0.634765625 0.11393229166666667 0.1015625 0.045572916666666664
1 0.7744140625 0.11393229166666667 0.1796875 0.045572916666666664
7 0.9208984375 0.11328125 0.029296875 0.0234375
0 0.9208984375 0.11393229166666667 0.115234375 0.045572916666666664
2 0.5 0.2265625 0.857421875 0.028645833333333332
7 0.181640625 0.2532552083333333 0.220703125 0.024739583333333332
6 0.33154296875 0.2532552083333333 0.0791015625 0.024739583333333332
7 0.46240234375 0.2532552083333333 0.1826171875 0.024739583333333332
6 0.5654296875 0.2532552083333333 0.0234375 0.024739583333333332
7 0.64306640625 0.2532552083333333 0.1318359375 0.024739583333333332
3 0.5 0.4830729166666667 0.947265625 0.3255208333333333
2 0.11328125 0.7623697916666666 0.1640625 0.02734375
7 0.1318359375 0.7994791666666666 0.126953125 0.020833333333333332
0 0.11328125 0.8235677083333334 0.1640625 0.06901041666666667
7 0.12353515625 0.8365885416666666 0.1103515625 0.045572916666666664
7 0.1318359375 0.8893229166666666 0.126953125 0.020833333333333332
0 0.11328125 0.923828125 0.1640625 0.08984375
7 0.1162109375 0.9368489583333334 0.095703125 0.06640625
7 0.1318359375 0.9947916666666666 0.126953125 0.010416666666666666
0 0.11328125 0.9947916666666666 0.1640625 0.010416666666666666
7 0.48291015625 0.7063802083333334 0.0966796875 0.053385416666666664
7 0.6005859375 0.7063802083333334 0.107421875 0.053385416666666664
7 0.71923828125 0.7063802083333334 0.0986328125 0.053385416666666664
4 0.3115234375 0.8450520833333334 0.177734375 0.171875
0 0.3115234375 0.8795572916666666 0.177734375 0.24088541666666666
2 0.3115234375 0.9544270833333334 0.154296875 0.026041666666666668
7 0.26611328125 0.9856770833333334 0.0634765625 0.028645833333333332
4 0.5048828125 0.8450520833333334 0.177734375 0.171875
0 0.5048828125 0.8795572916666666 0.177734375 0.24088541666666666
2 0.5048828125 0.9544270833333334 0.154296875 0.026041666666666668
7 0.4599609375 0.9856770833333334 0.064453125 0.028645833333333332
4 0.6982421875 0.8450520833333334 0.177734375 0.171875
0 0.6982421875 0.8795572916666666 0.177734375 0.24088541666666666
2 0.6982421875 0.9544270833333334 0.154296875 0.026041666666666668
7 0.6435546875 0.9856770833333334 0.044921875 0.028645833333333332
4 0.8916015625 0.8450520833333334 0.177734375 0.171875
0 0.8916015625 0.8795572916666666 0.177734375 0.24088541666666666
2 0.8916015625 0.9544270833333334 0.154296875 0.026041666666666668
7 0.845703125 0.9856770833333334 0.0625 0.028645833333333332
2 0.5 0.22200520833333334 0.3125 0.04296875
4 0.625 0.216796875 0.0234375 0.032552083333333336
4 0.41357421875 0.2936197916666667 0.0322265625 0.04296875
0 0.5 0.294921875 0.2734375 0.053385416666666664
7 0.5107421875 0.2942708333333333 0.1640625 0.028645833333333332
4 0.419921875 0.361328125 0.03125 0.04296875
0 0.5 0.3626302083333333 0.2734375 0.053385416666666664
7 0.51220703125 0.3619791666666667 0.1474609375 0.028645833333333332
7 0.5 0.4303385416666667 0.212890625 0.022135416666666668
5 0.5 0.4850260416666667 0.2734375 0.02734375
1 0.5 0.5260416666666666 0.2734375 0.046875
5 0.5 0.5774739583333334 0.2734375 0.02734375
1 0.5 0.6184895833333334 0.2734375 0.046875
0 0.5 0.658203125 0.2734375 0.01953125
1 0.37939453125 0.7213541666666666 0.0126953125 0.018229166666666668
5 0.5 0.7213541666666666 0.2734375 0.046875
7 0.5 0.7779947916666666 0.060546875 0.032552083333333336
0 0.5 0.7779947916666666 0.2734375 0.053385416666666664
7 0.45556640625 0.8333333333333334 0.1201171875 0.026041666666666668
6 0.5595703125 0.8333333333333334 0.08984375 0.026041666666666668
4 0.5 0.5 1 1
7 0.37548828125 0.8255208333333334 0.7041015625 0.11458333333333333
6 0.37890625 0.8828125 0.7109375 0.057291666666666664
7 0.17236328125 0.8971354166666666 0.2197265625 0.028645833333333332
6 0.32958984375 0.8971354166666666 0.0947265625 0.028645833333333332
7 0.35791015625 0.92578125 0.6689453125 0.0859375
6 0.44140625 0.9544270833333334 0.0703125 0.028645833333333332
7 0.580078125 0.9544270833333334 0.20703125 0.028645833333333332
0 0.8828125 0.83203125 0.1875 0.0625
0 0.8828125 0.9049479166666666 0.1875 0.0625