7 0.0625 0.0234375 0.0859375 0.020833333333333332
0 0.10400390625 0.022135416666666668 0.2080078125 0.044270833333333336
7 0.15869140625 0.022135416666666668 0.0986328125 0.020833333333333332
0 0.9326171875 0.024739583333333332 0.033203125 0.0234375
4 0.9833984375 0.024088541666666668 0.033203125 0.040364583333333336
7 0.12890625 0.07291666666666667 0.13671875 0.057291666666666664
0 0.12890625 0.07356770833333333 0.169921875 0.05859375
7 0.2978515625 0.07291666666666667 0.13671875 0.057291666666666664
0 0.29833984375 0.07356770833333333 0.1689453125 0.05859375
7 0.466796875 0.07291666666666667 0.13671875 0.057291666666666664
0 0.46728515625 0.07356770833333333 0.1689453125 0.05859375
7 0.6357421875 0.07291666666666667 0.13671875 0.057291666666666664
0 0.63623046875 0.07356770833333333 0.1689453125 0.05859375
6 0.96875 0.072265625 0.0625 0.024739583333333332
2 0.60302734375 0.21419270833333334 0.7939453125 0.06901041666666667
1 0.564453125 0.3072916666666667 0.64453125 0.0390625
4 0.9580078125 0.3059895833333333 0.0234375 0.020833333333333332
2 0.08154296875 0.3828125 0.0751953125 0.0390625
4 0.134765625 0.4947916666666667 0.0703125 0.09375
7 0.134765625 0.5787760416666666 0.095703125 0.02734375
7 0.20068359375 0.62109375 0.0244140625 0.020833333333333332
7 0.0986328125 0.62109375 0.083984375 0.020833333333333332
4 0.14453125 0.62109375 0.029296875 0.020833333333333332
0 0.134765625 0.5533854166666666 0.177734375 0.2604166666666667
4 0.0625 0.6471354166666666 0.01171875 0.015625
4 0.0771484375 0.6471354166666666 0.01171875 0.015625
4 0.091796875 0.6471354166666666 0.01171875 0.015625
4 0.1064453125 0.6471354166666666 0.01171875 0.015625
4 0.12109375 0.6471354166666666 0.01171875 0.015625
7 0.2001953125 0.6497395833333334 0.025390625 0.0234375
4 0.2177734375 0.6510416666666666 0.009765625 0.026041666666666668
4 0.32568359375 0.4947916666666667 0.0712890625 0.09375
7 0.32568359375 0.5787760416666666 0.0732421875 0.02734375
7 0.3916015625 0.62109375 0.025390625 0.020833333333333332
7 0.2724609375 0.62109375 0.05078125 0.020833333333333332
4 0.33544921875 0.62109375 0.0302734375 0.020833333333333332
0 0.32568359375 0.5533854166666666 0.1787109375 0.2604166666666667
4 0.25341796875 0.6471354166666666 0.0126953125 0.015625
4 0.26806640625 0.6471354166666666 0.0126953125 0.015625
4 0.28271484375 0.6471354166666666 0.0126953125 0.015625
4 0.29736328125 0.6471354166666666 0.0126953125 0.015625
4 0.31201171875 0.6471354166666666 0.0126953125 0.015625
7 0.39111328125 0.6497395833333334 0.0263671875 0.0234375
4 0.40869140625 0.6510416666666666 0.0107421875 0.026041666666666668
4 0.5166015625 0.4947916666666667 0.0703125 0.09375
7 0.525390625 0.5787760416666666 0.173828125 0.02734375
4 0.580078125 0.5787760416666666 0.029296875 0.02734375
0 0.5166015625 0.5533854166666666 0.177734375 0.2604166666666667
7 0.58251953125 0.62109375 0.0244140625 0.020833333333333332
7 0.46337890625 0.62109375 0.0498046875 0.020833333333333332
4 0.5263671875 0.62109375 0.029296875 0.020833333333333332
4 0.4443359375 0.6471354166666666 0.01171875 0.015625
4 0.458984375 0.6471354166666666 0.01171875 0.015625
4 0.4736328125 0.6471354166666666 0.01171875 0.015625
4 0.48828125 0.6471354166666666 0.01171875 0.015625
4 0.5029296875 0.6471354166666666 0.01171875 0.015625
7 0.58203125 0.6497395833333334 0.025390625 0.0234375
4 0.599609375 0.6510416666666666 0.009765625 0.026041666666666668
4 0.70751953125 0.4947916666666667 0.0712890625 0.09375
7 0.744140625 0.5787760416666666 0.23046875 0.02734375
4 0.77099609375 0.5787760416666666 0.0302734375 0.02734375
0 0.70751953125 0.5533854166666666 0.1787109375 0.2604166666666667
7 0.7763671875 0.62109375 0.01953125 0.020833333333333332
7 0.654296875 0.62109375 0.05078125 0.020833333333333332
4 0.71728515625 0.62109375 0.0302734375 0.020833333333333332
4 0.63525390625 0.6471354166666666 0.0126953125 0.015625
4 0.64990234375 0.6471354166666666 0.0126953125 0.015625
4 0.66455078125 0.6471354166666666 0.0126953125 0.015625
4 0.67919921875 0.6471354166666666 0.0126953125 0.015625
4 0.69384765625 0.6471354166666666 0.0126953125 0.015625
7 0.77294921875 0.6497395833333334 0.0263671875 0.0234375
4 0.79052734375 0.6510416666666666 0.0107421875 0.026041666666666668
4 0.8984375 0.4947916666666667 0.0703125 0.09375
7 0.91015625 0.5787760416666666 0.1796875 0.02734375
4 0.9619140625 0.5787760416666666 0.029296875 0.02734375
0 0.8984375 0.5533854166666666 0.177734375 0.2604166666666667
7 0.962890625 0.62109375 0.02734375 0.020833333333333332
7 0.8681640625 0.62109375 0.095703125 0.020833333333333332
4 0.908203125 0.62109375 0.029296875 0.020833333333333332
4 0.826171875 0.6471354166666666 0.01171875 0.015625
4 0.8408203125 0.6471354166666666 0.01171875 0.015625
4 0.85546875 0.6471354166666666 0.01171875 0.015625
4 0.8701171875 0.6471354166666666 0.01171875 0.015625
4 0.884765625 0.6471354166666666 0.01171875 0.015625
7 0.9638671875 0.6497395833333334 0.025390625 0.0234375
4 0.9814453125 0.6510416666666666 0.009765625 0.026041666666666668
0 1 0.5533854166666666 0 0.2604166666666667
2 0.08203125 0.7552083333333334 0.076171875 0.0390625
2 0.1640625 0.7545572916666666 0.078125 0.03515625
0 0.17333984375 0.755859375 0.0966796875 0.040364583333333336
4 0.134765625 0.8671875 0.03125 0.041666666666666664
7 0.18115234375 0.951171875 0.2490234375 0.02734375
4 0.1982421875 0.951171875 0.029296875 0.02734375
0 0.134765625 0.8977864583333334 0.177734375 0.20442708333333334
7 0.2021484375 0.9915364583333334 0.021484375 0.016927083333333332
7 0.08154296875 0.9915364583333334 0.0498046875 0.016927083333333332
4 0.14453125 0.9915364583333334 0.029296875 0.016927083333333332
4 0.32568359375 0.8671875 0.0712890625 0.09375
7 0.3671875 0.951171875 0.240234375 0.02734375
4 0.38916015625 0.951171875 0.0302734375 0.02734375
0 0.32568359375 0.8977864583333334 0.1787109375 0.20442708333333334
7 0.39013671875 0.9915364583333334 0.0283203125 0.016927083333333332
7 0.2685546875 0.9915364583333334 0.04296875 0.016927083333333332
4 0.33544921875 0.9915364583333334 0.0302734375 0.016927083333333332
4 0.5166015625 0.8671875 0.0703125 0.09375
7 0.5927734375 0.951171875 0.30859375 0.02734375
4 0.580078125 0.951171875 0.029296875 0.02734375
0 0.5166015625 0.8977864583333334 0.177734375 0.20442708333333334
7 0.5810546875 0.9915364583333334 0.02734375 0.016927083333333332
7 0.46337890625 0.9915364583333334 0.0498046875 0.016927083333333332
4 0.5263671875 0.9915364583333334 0.029296875 0.016927083333333332
4 0.70751953125 0.8671875 0.0634765625 0.08333333333333333
7 0.70751953125 0.951171875 0.0810546875 0.02734375
7 0.7734375 0.9915364583333334 0.025390625 0.016927083333333332
7 0.650390625 0.9915364583333334 0.04296875 0.016927083333333332
4 0.71728515625 0.9915364583333334 0.0302734375 0.016927083333333332
0 0.70751953125 0.8977864583333334 0.1787109375 0.20442708333333334
4 0.8984375 0.8671875 0.0703125 0.09375
7 0.91015625 0.951171875 0.1796875 0.02734375
4 0.9619140625 0.951171875 0.029296875 0.02734375
0 0.8984375 0.8977864583333334 0.177734375 0.20442708333333334
7 0.9638671875 0.9915364583333334 0.025390625 0.016927083333333332
7 0.8388671875 0.9915364583333334 0.037109375 0.016927083333333332
4 0.908203125 0.9915364583333334 0.029296875 0.016927083333333332
0 1 0.8977864583333334 0 0.20442708333333334