7 0.640625 0.14583333333333334 0.30078125 0.028645833333333332
0 0.83935546875 0.20963541666666666 0.1650390625 0.06510416666666667
0 0.0634765625 0.20963541666666666 0.068359375 0.06510416666666667
0 0.13427734375 0.20963541666666666 0.0732421875 0.06510416666666667
0 0.24560546875 0.20963541666666666 0.1494140625 0.06510416666666667
0 0.35693359375 0.20963541666666666 0.0732421875 0.06510416666666667
0 0.44482421875 0.20963541666666666 0.1025390625 0.06510416666666667
0 0.5478515625 0.20963541666666666 0.103515625 0.06510416666666667
0 0.6337890625 0.20963541666666666 0.068359375 0.06510416666666667
0 0.7109375 0.20963541666666666 0.0859375 0.06510416666666667
0 0.9462890625 0.20963541666666666 0.048828125 0.06510416666666667
0 0.83642578125 0.035807291666666664 0.0341796875 0.045572916666666664
0 0.87548828125 0.035807291666666664 0.0341796875 0.045572916666666664
0 0.91455078125 0.035807291666666664 0.0341796875 0.045572916666666664
0 0.95361328125 0.035807291666666664 0.0341796875 0.045572916666666664
7 0.88623046875 0.12434895833333333 0.1240234375 0.07942708333333333
7 0.95947265625 0.11328125 0.0224609375 0.046875
7 0.9375 0.14713541666666666 0.06640625 0.03125
7 0.5 0.2643229166666667 0.064453125 0.015625
2 0.10009765625 0.3828125 0.1416015625 0.046875
2 0.33642578125 0.453125 0.5947265625 0.09375
4 0.34375 0.689453125 0.62890625 0.47265625
0 0.34375 0.689453125 0.62890625 0.47265625
7 0.34130859375 0.9602864583333334 0.5849609375 0.055989583333333336
7 0.55615234375 0.9739583333333334 0.0126953125 0.026041666666666668
4 0.7412109375 0.4798177083333333 0.126953125 0.09505208333333333
0 0.7412109375 0.48046875 0.126953125 0.09635416666666667
2 0.87548828125 0.490234375 0.1220703125 0.12369791666666667
2 0.9423828125 0.5397135416666666 0.013671875 0.024739583333333332
4 0.7412109375 0.6516927083333334 0.126953125 0.09505208333333333
0 0.7412109375 0.65234375 0.126953125 0.09635416666666667
2 0.8740234375 0.6373697916666666 0.119140625 0.07421875
2 0.94287109375 0.662109375 0.0146484375 0.024739583333333332
4 0.7412109375 0.8059895833333334 0.126953125 0.09635416666666667
0 0.7412109375 0.8059895833333334 0.126953125 0.09635416666666667
2 0.8828125 0.81640625 0.13671875 0.125
2 0.888671875 0.8658854166666666 0.013671875 0.026041666666666668