0 0.20654296875 0.032552083333333336 0.0966796875 0.0625
0 0.2841796875 0.032552083333333336 0.05078125 0.0625
0 0.34814453125 0.032552083333333336 0.0693359375 0.0625
0 0.41650390625 0.032552083333333336 0.0595703125 0.0625
0 0.4736328125 0.032552083333333336 0.046875 0.0625
0 0.525390625 0.032552083333333336 0.048828125 0.0625
0 0.58544921875 0.032552083333333336 0.0634765625 0.0625
7 0.7763671875 0.034505208333333336 0.072265625 0.022135416666666668
0 0.77880859375 0.034505208333333336 0.1083984375 0.06640625
0 0.8740234375 0.031901041666666664 0.03515625 0.055989583333333336
0 0.912109375 0.030598958333333332 0.015625 0.061197916666666664
7 0.4912109375 0.099609375 0.466796875 0.022135416666666668
0 0.5 0.099609375 1 0.053385416666666664
7 0.5 0.83203125 1 0.0546875
4 0.4970703125 0.4928385416666667 0.994140625 0.7513020833333334
2 0.5009765625 0.654296875 0.44140625 0.037760416666666664
7 0.5009765625 0.7063802083333334 0.44140625 0.02734375
7 0.49267578125 0.7779947916666666 0.0791015625 0.024739583333333332
0 0.50048828125 0.7760416666666666 0.1416015625 0.052083333333333336
4 0.14111328125 0.9850260416666666 0.0400390625 0.029947916666666668
0 0.14111328125 0.9759114583333334 0.1806640625 0.048177083333333336
4 0.32080078125 0.9850260416666666 0.0400390625 0.029947916666666668
0 0.32080078125 0.9759114583333334 0.1806640625 0.048177083333333336
4 0.50048828125 0.9850260416666666 0.0400390625 0.029947916666666668
0 0.50048828125 0.9759114583333334 0.1806640625 0.048177083333333336
4 0.68017578125 0.9850260416666666 0.0400390625 0.029947916666666668
0 0.68017578125 0.9759114583333334 0.1806640625 0.048177083333333336
4 0.85986328125 0.9850260416666666 0.0400390625 0.029947916666666668
0 0.85986328125 0.9759114583333334 0.1806640625 0.048177083333333336