2 0.06640625 0.08463541666666667 0.04296875 0.09114583333333333
0 0.06640625 0.08463541666666667 0.04296875 0.09114583333333333
0 0.15185546875 0.1015625 0.0498046875 0.028645833333333332
0 0.23876953125 0.1015625 0.0654296875 0.028645833333333332
0 0.3525390625 0.1015625 0.103515625 0.028645833333333332
0 0.4755859375 0.1015625 0.083984375 0.028645833333333332
0 0.564453125 0.1015625 0.03515625 0.028645833333333332
0 0.634765625 0.1015625 0.046875 0.028645833333333332
0 0.71826171875 0.1015625 0.0615234375 0.028645833333333332
4 0.8046875 0.1015625 0.021484375 0.028645833333333332
0 0.8583984375 0.1015625 0.064453125 0.028645833333333332
0 0.9228515625 0.1015625 0.064453125 0.028645833333333332
0 0.0205078125 0.609375 0.041015625 0.17447916666666666
7 0.2548828125 0.650390625 0.107421875 0.016927083333333332
2 0.47802734375 0.7115885416666666 0.5537109375 0.08203125
7 0.47802734375 0.798828125 0.5537109375 0.09505208333333333
0 0.2958984375 0.900390625 0.189453125 0.08723958333333333
0 0.9794921875 0.609375 0.041015625 0.17447916666666666