7 0.43798828125 0.032552083333333336 0.5205078125 0.0234375
7 0.759765625 0.032552083333333336 0.07421875 0.03125
0 0.759765625 0.032552083333333336 0.09765625 0.03125
4 0.21044921875 0.030598958333333332 0.0185546875 0.024739583333333332
7 0.45703125 0.032552083333333336 0.4609375 0.0234375
7 0.7470703125 0.032552083333333336 0.0703125 0.03125
0 0.7470703125 0.032552083333333336 0.09375 0.03125
4 0.11181640625 0.10546875 0.1669921875 0.03125
0 0.1220703125 0.10677083333333333 0.1875 0.0390625
1 0.29345703125 0.10677083333333333 0.1572265625 0.041666666666666664
4 0.23095703125 0.10677083333333333 0.0205078125 0.018229166666666668
6 0.5439453125 0.10677083333333333 0.037109375 0.018229166666666668
6 0.60888671875 0.10677083333333333 0.0458984375 0.028645833333333332
6 0.69140625 0.10677083333333333 0.080078125 0.028645833333333332
6 0.77734375 0.10677083333333333 0.052734375 0.028645833333333332
7 0.86328125 0.10677083333333333 0.0390625 0.028645833333333332
7 0.93701171875 0.10677083333333333 0.0302734375 0.041666666666666664
0 0.93701171875 0.10677083333333333 0.0693359375 0.041666666666666664
2 0.5 0.4720052083333333 0.333984375 0.09765625
2 0.5 0.572265625 0.62109375 0.09765625
2 0.5 0.6614583333333334 0.619140625 0.08333333333333333