4 0.140625 0.06380208333333333 0.2421875 0.049479166666666664
0 0.140625 0.06380208333333333 0.2421875 0.049479166666666664
7 0.49658203125 0.06315104166666667 0.0595703125 0.024739583333333332
0 0.50244140625 0.06315104166666667 0.0732421875 0.045572916666666664
0 0.59521484375 0.06315104166666667 0.0498046875 0.045572916666666664
0 0.6796875 0.06315104166666667 0.056640625 0.045572916666666664
0 0.755859375 0.06315104166666667 0.033203125 0.045572916666666664
0 0.82421875 0.06315104166666667 0.041015625 0.045572916666666664
0 0.92822265625 0.06315104166666667 0.1044921875 0.045572916666666664
2 0.5 0.3098958333333333 0.9609375 0.0625
7 0.5 0.3873697916666667 0.9609375 0.05078125
7 0.48876953125 0.5123697916666666 0.2470703125 0.032552083333333336
0 0.5 0.5130208333333334 0.36328125 0.08854166666666667
4 0.5 0.81640625 0.9609375 0.3671875