7 0.5 0.14973958333333334 1 0.06510416666666667
0 0.05908203125 0.21484375 0.1181640625 0.06510416666666667
0 0.17138671875 0.21484375 0.1064453125 0.06510416666666667
0 0.2822265625 0.21484375 0.115234375 0.06510416666666667
0 0.40576171875 0.21484375 0.1318359375 0.06510416666666667
0 0.556640625 0.21484375 0.169921875 0.06510416666666667
0 0.89501953125 0.21484375 0.0263671875 0.036458333333333336
0 0.93115234375 0.21484375 0.0263671875 0.036458333333333336
0 0.96728515625 0.21484375 0.0263671875 0.036458333333333336
4 0.5 0.21484375 1 0.06510416666666667
4 0.5 0.4694010416666667 1 0.4440104166666667
0 0.5 0.4700520833333333 1 0.4453125
7 0.06005859375 0.4850260416666667 0.1142578125 0.03515625
7 0.5 0.5475260416666666 0.974609375 0.06640625
7 0.455078125 0.6217447916666666 0.884765625 0.048177083333333336
4 0.92333984375 0.623046875 0.0341796875 0.04296875
4 0.1669921875 0.845703125 0.333984375 0.30859375
0 0.1669921875 0.845703125 0.333984375 0.30859375
7 0.078125 0.8157552083333334 0.150390625 0.03515625
7 0.1669921875 0.8821614583333334 0.30859375 0.07421875
7 0.15966796875 0.9602864583333334 0.2939453125 0.06380208333333333
4 0.25732421875 0.98046875 0.0166015625 0.0234375
4 0.5 0.845703125 0.333984375 0.30859375
0 0.5 0.845703125 0.333984375 0.30859375
7 0.39892578125 0.8209635416666666 0.1259765625 0.03515625
7 0.5 0.869140625 0.30859375 0.037760416666666664
7 0.48583984375 0.9446614583333334 0.2802734375 0.09505208333333333
4 0.50146484375 0.98046875 0.0166015625 0.0234375
7 0.376953125 0.9622395833333334 0.265625 0.0234375
6 0.55322265625 0.9622395833333334 0.0869140625 0.0234375
7 0.6123046875 0.9622395833333334 0.03125 0.0234375
6 0.66845703125 0.9622395833333334 0.0810546875 0.0234375
7 0.71044921875 0.9622395833333334 0.0029296875 0.0234375
4 0.97314453125 0.9602864583333334 0.0341796875 0.045572916666666664