4 0.06982421875 0.03515625 0.0810546875 0.026041666666666668
0 0.0673828125 0.036458333333333336 0.0859375 0.0234375
1 0.12646484375 0.11067708333333333 0.2041015625 0.041666666666666664
4 0.0400390625 0.17838541666666666 0.0234375 0.03125
0 0.12646484375 0.17838541666666666 0.2021484375 0.0390625
7 0.14208984375 0.17838541666666666 0.1650390625 0.028645833333333332
4 0.0400390625 0.22265625 0.0234375 0.03125
0 0.12646484375 0.22265625 0.2021484375 0.0390625
7 0.14208984375 0.22265625 0.1650390625 0.028645833333333332
4 0.0400390625 0.2669270833333333 0.0234375 0.03125
0 0.12646484375 0.2669270833333333 0.2021484375 0.0390625
7 0.14208984375 0.2669270833333333 0.1650390625 0.028645833333333332
4 0.0400390625 0.337890625 0.0234375 0.032552083333333336
0 0.12646484375 0.337890625 0.2041015625 0.07161458333333333
7 0.10498046875 0.337890625 0.0947265625 0.024739583333333332
4 0.1611328125 0.337890625 0.009765625 0.014322916666666666
7 0.94970703125 0.03515625 0.0380859375 0.0234375
0 0.94970703125 0.03515625 0.0615234375 0.036458333333333336
2 0.35107421875 0.13802083333333334 0.1162109375 0.052083333333333336
7 0.455078125 0.22330729166666666 0.32421875 0.016927083333333332
2 0.455078125 0.2643229166666667 0.32421875 0.057291666666666664
4 0.455078125 0.4251302083333333 0.32421875 0.24869791666666666
7 0.798828125 0.22330729166666666 0.32421875 0.016927083333333332
2 0.798828125 0.2630208333333333 0.32421875 0.057291666666666664
4 0.798828125 0.4251302083333333 0.32421875 0.24869791666666666
7 0.990234375 0.22330729166666666 0.01953125 0.016927083333333332
2 0.990234375 0.2630208333333333 0.01953125 0.057291666666666664
4 0.990234375 0.4251302083333333 0.01953125 0.24869791666666666
2 0.60400390625 0.6217447916666666 0.6220703125 0.029947916666666668
6 0.93798828125 0.6217447916666666 0.0458984375 0.024739583333333332
4 0.369140625 0.7545572916666666 0.15234375 0.20442708333333334
6 0.369140625 0.8717447916666666 0.15234375 0.022135416666666668
7 0.369140625 0.892578125 0.15234375 0.022135416666666668
4 0.541015625 0.7545572916666666 0.15234375 0.20442708333333334
6 0.541015625 0.8717447916666666 0.15234375 0.022135416666666668
7 0.541015625 0.892578125 0.15234375 0.022135416666666668
4 0.712890625 0.7545572916666666 0.15234375 0.20442708333333334
6 0.712890625 0.8717447916666666 0.15234375 0.022135416666666668
7 0.712890625 0.892578125 0.15234375 0.022135416666666668
4 0.884765625 0.7545572916666666 0.15234375 0.20442708333333334
6 0.884765625 0.8717447916666666 0.15234375 0.022135416666666668
7 0.884765625 0.892578125 0.15234375 0.022135416666666668
4 0.990234375 0.7545572916666666 0.01953125 0.20442708333333334
6 0.990234375 0.8717447916666666 0.01953125 0.022135416666666668
7 0.990234375 0.892578125 0.01953125 0.022135416666666668
2 0.626953125 0.9759114583333334 0.66796875 0.029947916666666668
7 0.42919921875 0.9401041666666666 0.7802734375 0.028645833333333332
7 0.42919921875 0.9661458333333334 0.7802734375 0.0234375
0 0.89990234375 0.9518229166666666 0.1220703125 0.041666666666666664