7 0.1337890625 0.042317708333333336 0.083984375 0.032552083333333336
0 0.09765625 0.044270833333333336 0.15625 0.03125
4 0.85546875 0.041666666666666664 0.0234375 0.03125
0 0.85546875 0.041666666666666664 0.0390625 0.052083333333333336
0 0.93359375 0.041666666666666664 0.09375 0.046875
4 0.03515625 0.13802083333333334 0.0234375 0.03125
0 0.13671875 0.13802083333333334 0.2734375 0.057291666666666664
7 0.16015625 0.13802083333333334 0.1953125 0.026041666666666668
4 0.03515625 0.1953125 0.0234375 0.03125
0 0.13671875 0.1953125 0.2734375 0.057291666666666664
7 0.16015625 0.1953125 0.1953125 0.026041666666666668
4 0.03515625 0.2526041666666667 0.0234375 0.03125
0 0.13671875 0.2526041666666667 0.2734375 0.057291666666666664
7 0.16015625 0.2526041666666667 0.1953125 0.026041666666666668
7 0.16015625 0.3098958333333333 0.1953125 0.026041666666666668
0 0.13671875 0.3098958333333333 0.2734375 0.057291666666666664
4 0.03515625 0.3671875 0.0234375 0.03125
0 0.13671875 0.3671875 0.2734375 0.057291666666666664
7 0.16015625 0.3671875 0.1953125 0.026041666666666668
7 0.16015625 0.4244791666666667 0.1953125 0.026041666666666668
0 0.13671875 0.4244791666666667 0.2734375 0.057291666666666664
4 0.63671875 0.20833333333333334 0.30859375 0.14583333333333334
7 0.63671875 0.3385416666666667 0.6015625 0.11458333333333333
7 0.63671875 0.4479166666666667 0.58203125 0.059895833333333336
6 0.810546875 0.4635416666666667 0.091796875 0.028645833333333332
6 0.63623046875 0.6328125 0.1552734375 0.020833333333333332
0 0.06884765625 0.96875 0.0986328125 0.0625
0 0.1767578125 0.96875 0.111328125 0.0625
0 0.25927734375 0.96875 0.0478515625 0.0625