4 0.5 0.038411458333333336 0.9609375 0.024739583333333332
7 0.0380859375 0.12890625 0.037109375 0.028645833333333332
7 0.13671875 0.12890625 0.1015625 0.028645833333333332
7 0.2646484375 0.12890625 0.095703125 0.028645833333333332
7 0.396484375 0.12890625 0.109375 0.028645833333333332
7 0.05126953125 0.23307291666666666 0.0634765625 0.028645833333333332
7 0.1357421875 0.23307291666666666 0.046875 0.028645833333333332
7 0.21044921875 0.23307291666666666 0.0439453125 0.028645833333333332
4 0.6591796875 0.13020833333333334 0.138671875 0.10677083333333333
0 0.78515625 0.12890625 0.390625 0.10416666666666667
4 0.6044921875 0.16145833333333334 0.029296875 0.0390625
4 0.81201171875 0.10546875 0.1376953125 0.018229166666666668
2 0.76708984375 0.1328125 0.0478515625 0.028645833333333332
2 0.85546875 0.14518229166666666 0.224609375 0.053385416666666664
4 0.0341796875 0.23307291666666666 0.048828125 0.0390625
0 0.09375 0.23307291666666666 0.1875 0.10416666666666667
6 0.26806640625 0.23307291666666666 0.0947265625 0.028645833333333332
6 0.39306640625 0.23307291666666666 0.0966796875 0.028645833333333332
6 0.49853515625 0.23307291666666666 0.0556640625 0.028645833333333332
6 0.58837890625 0.23307291666666666 0.0654296875 0.028645833333333332
6 0.68212890625 0.23307291666666666 0.0634765625 0.028645833333333332
6 0.7666015625 0.23307291666666666 0.046875 0.028645833333333332
6 0.85400390625 0.23307291666666666 0.0693359375 0.028645833333333332
6 0.5546875 0.3372395833333333 0.2890625 0.028645833333333332
7 0.66650390625 0.3372395833333333 0.0771484375 0.020833333333333332
4 0.8916015625 0.3333333333333333 0.01953125 0.026041666666666668
0 0.8828125 0.3346354166666667 0.078125 0.10416666666666667
4 0.96044921875 0.23307291666666666 0.0380859375 0.052083333333333336
4 0.27490234375 0.4973958333333333 0.4482421875 0.2994791666666667
0 0.27490234375 0.4973958333333333 0.4482421875 0.2994791666666667
4 0.27490234375 0.4973958333333333 0.4482421875 0.2994791666666667
7 0.38720703125 0.6295572916666666 0.2080078125 0.014322916666666666
2 0.10400390625 0.6360677083333334 0.0751953125 0.022135416666666668
0 0.10400390625 0.634765625 0.0751953125 0.014322916666666666
2 0.2578125 0.7200520833333334 0.3828125 0.12760416666666666
2 0.27490234375 0.8444010416666666 0.4169921875 0.04296875
2 0.27490234375 0.908203125 0.4169921875 0.04296875
4 0.6123046875 0.4967447916666667 0.224609375 0.2981770833333333
0 0.6123046875 0.4967447916666667 0.224609375 0.2981770833333333
4 0.6123046875 0.4967447916666667 0.224609375 0.2981770833333333
2 0.5537109375 0.634765625 0.076171875 0.022135416666666668
0 0.5537109375 0.6334635416666666 0.076171875 0.014322916666666666
2 0.60400390625 0.7415364583333334 0.1767578125 0.16796875
2 0.6123046875 0.8782552083333334 0.193359375 0.022135416666666668
2 0.6123046875 0.9303385416666666 0.193359375 0.06380208333333333
4 0.83740234375 0.4967447916666667 0.2236328125 0.2981770833333333
0 0.83740234375 0.4967447916666667 0.2236328125 0.2981770833333333
4 0.83740234375 0.4967447916666667 0.2236328125 0.2981770833333333
2 0.779296875 0.634765625 0.076171875 0.022135416666666668
0 0.779296875 0.6334635416666666 0.076171875 0.014322916666666666
2 0.83349609375 0.7252604166666666 0.1845703125 0.13541666666666666
2 0.83740234375 0.8665364583333334 0.1923828125 0.06380208333333333