4 0.0634765625 0.028645833333333332 0.052734375 0.036458333333333336
0 0.16162109375 0.041666666666666664 0.2490234375 0.015625
7 0.1904296875 0.041666666666666664 0.19140625 0.015625
0 0.55322265625 0.028645833333333332 0.0322265625 0.026041666666666668
0 0.6142578125 0.028645833333333332 0.033203125 0.026041666666666668
0 0.6796875 0.028645833333333332 0.041015625 0.026041666666666668
7 0.767578125 0.028645833333333332 0.0703125 0.026041666666666668
0 0.822265625 0.028645833333333332 0.01953125 0.026041666666666668
0 0.84375 0.028645833333333332 0.01953125 0.026041666666666668
0 0.865234375 0.028645833333333332 0.01953125 0.026041666666666668
0 0.88671875 0.028645833333333332 0.01953125 0.026041666666666668
0 0.908203125 0.028645833333333332 0.01953125 0.026041666666666668
0 0.9296875 0.028645833333333332 0.01953125 0.026041666666666668
0 0.951171875 0.028645833333333332 0.01953125 0.026041666666666668
0 0.17822265625 0.12565104166666666 0.2822265625 0.08723958333333333
0 0.59521484375 0.15104166666666666 0.1044921875 0.0390625
7 0.66357421875 0.14973958333333334 0.0322265625 0.036458333333333336
1 0.806640625 0.15104166666666666 0.25390625 0.0390625
1 0.9482421875 0.15104166666666666 0.029296875 0.0390625
2 0.115234375 0.23372395833333334 0.15625 0.02734375
6 0.3955078125 0.23372395833333334 0.39453125 0.02734375
4 0.265625 0.4869791666666667 0.45703125 0.40625
0 0.26611328125 0.6360677083333334 0.4580078125 0.7044270833333334
2 0.26611328125 0.7395833333333334 0.4384765625 0.046875
6 0.26611328125 0.8125 0.4384765625 0.0859375
4 0.6162109375 0.3841145833333333 0.2265625 0.20052083333333334
0 0.6162109375 0.45703125 0.2265625 0.3463541666666667
2 0.6162109375 0.4791666666666667 0.20703125 0.028645833333333332
7 0.6064453125 0.5442708333333334 0.1875 0.09375
7 0.529296875 0.603515625 0.033203125 0.024739583333333332
4 0.85009765625 0.3841145833333333 0.2255859375 0.20052083333333334
0 0.85009765625 0.45703125 0.2255859375 0.3463541666666667
2 0.85009765625 0.4915364583333333 0.2060546875 0.02734375
6 0.85009765625 0.5572916666666666 0.2060546875 0.09375
4 0.6162109375 0.7421875 0.2265625 0.20052083333333334
0 0.6162109375 0.8151041666666666 0.2265625 0.3463541666666667
2 0.6162109375 0.849609375 0.20703125 0.02734375
6 0.6162109375 0.9036458333333334 0.20703125 0.0703125
7 0.84716796875 0.7076822916666666 0.2001953125 0.09244791666666667
0 0.85009765625 0.8151041666666666 0.2255859375 0.3463541666666667
6 0.794921875 0.7662760416666666 0.095703125 0.022135416666666668
7 0.85009765625 0.8248697916666666 0.2060546875 0.13932291666666666
4 0.912109375 0.9375 0.08203125 0.044270833333333336