7 0.03515625 0.2890625 0.0234375 0.018229166666666668
7 0.05615234375 0.2890625 0.0185546875 0.018229166666666668
7 0.09375 0.2890625 0.048828125 0.018229166666666668
7 0.12109375 0.2890625 0.0078125 0.018229166666666668
7 0.1640625 0.2890625 0.08203125 0.018229166666666668
2 0.5 0.2890625 0.328125 0.08854166666666667
0 0.931640625 0.2740885416666667 0.08984375 0.04296875
6 0.91455078125 0.314453125 0.0498046875 0.01953125
6 0.9560546875 0.314453125 0.033203125 0.01953125
2 0.04345703125 0.4029947916666667 0.0400390625 0.032552083333333336
7 0.08544921875 0.4029947916666667 0.0322265625 0.01953125
4 0.11572265625 0.4010416666666667 0.0166015625 0.020833333333333332
7 0.13916015625 0.40234375 0.0185546875 0.018229166666666668
7 0.14990234375 0.40234375 0.0048828125 0.018229166666666668
7 0.15966796875 0.40234375 0.0185546875 0.018229166666666668
6 0.24560546875 0.400390625 0.0576171875 0.022135416666666668
6 0.3095703125 0.400390625 0.041015625 0.022135416666666668
6 0.375 0.400390625 0.05859375 0.022135416666666668
6 0.43994140625 0.400390625 0.0439453125 0.022135416666666668
6 0.525390625 0.400390625 0.09765625 0.022135416666666668
6 0.6298828125 0.400390625 0.080078125 0.022135416666666668
6 0.712890625 0.400390625 0.056640625 0.022135416666666668
6 0.775390625 0.400390625 0.0390625 0.022135416666666668
1 0.95751953125 0.4010416666666667 0.0849609375 0.049479166666666664
0 0.966796875 0.4010416666666667 0.01953125 0.049479166666666664
2 0.5 0.4694010416666667 0.921875 0.04296875
7 0.06396484375 0.5221354166666666 0.0732421875 0.015625
4 0.17724609375 0.6888020833333334 0.3076171875 0.3072916666666667
0 0.17724609375 0.6888020833333334 0.3076171875 0.3072916666666667
2 0.16650390625 0.9244791666666666 0.2861328125 0.15104166666666666
6 0.35205078125 0.5221354166666666 0.0126953125 0.015625
2 0.49560546875 0.5494791666666666 0.2998046875 0.026041666666666668
4 0.39501953125 0.6236979166666666 0.0986328125 0.09895833333333333
0 0.39501953125 0.6236979166666666 0.0986328125 0.09895833333333333
7 0.5517578125 0.6295572916666666 0.185546875 0.10807291666666667
7 0.369140625 0.740234375 0.046875 0.022135416666666668
2 0.48828125 0.767578125 0.28515625 0.02734375
4 0.39501953125 0.8411458333333334 0.0986328125 0.09895833333333333
0 0.39501953125 0.8411458333333334 0.0986328125 0.09895833333333333
7 0.5556640625 0.84765625 0.193359375 0.109375
6 0.41015625 0.9576822916666666 0.12890625 0.016927083333333332
7 0.5146484375 0.9576822916666666 0.07421875 0.016927083333333332
2 0.4775390625 0.9850260416666666 0.263671875 0.02734375