3 0.1220703125 0.07421875 0.224609375 0.14322916666666666
3 0.1220703125 0.4505208333333333 0.224609375 0.026041666666666668
4 0.5 0.07486979166666667 0.294921875 0.14973958333333334
0 0.798828125 0.07682291666666667 0.060546875 0.03125
0 0.87255859375 0.08138020833333333 0.0380859375 0.024739583333333332
0 0.92578125 0.078125 0.029296875 0.03125
4 0.96875 0.07291666666666667 0.017578125 0.0234375
0 0.96875 0.07747395833333333 0.017578125 0.032552083333333336
0 0.03662109375 0.18229166666666666 0.0322265625 0.0625
0 0.12548828125 0.18229166666666666 0.0908203125 0.0625
0 0.24267578125 0.18229166666666666 0.0888671875 0.0625
0 0.36669921875 0.18229166666666666 0.1044921875 0.0625
0 0.47412109375 0.18229166666666666 0.0556640625 0.0625
0 0.560546875 0.18229166666666666 0.0625 0.0625
0 0.63623046875 0.18229166666666666 0.0322265625 0.0625
0 0.70654296875 0.18229166666666666 0.0517578125 0.0625
0 0.78173828125 0.18229166666666666 0.0439453125 0.0625
0 0.86083984375 0.18229166666666666 0.0595703125 0.0625
3 0.958984375 0.18294270833333334 0.08203125 0.040364583333333336
3 0.5 0.28515625 0.7109375 0.1171875
4 0.150390625 0.4134114583333333 0.06640625 0.08984375
0 0.150390625 0.4134114583333333 0.06640625 0.08984375
7 0.25390625 0.4134114583333333 0.12109375 0.02734375
7 0.3701171875 0.4134114583333333 0.1015625 0.02734375
6 0.57568359375 0.4134114583333333 0.3095703125 0.02734375
7 0.806640625 0.4134114583333333 0.15234375 0.02734375
0 0.4892578125 0.9635416666666666 0.421875 0.046875
4 0.4990234375 0.720703125 0.44140625 0.44140625
0 0.4990234375 0.720703125 0.44140625 0.44140625
2 0.4990234375 0.9993489583333334 0.44140625 0.0013020833333333333
0 0.4990234375 0.9993489583333334 0.44140625 0.0013020833333333333
0 0.10986328125 0.72265625 0.1806640625 0.046875
4 0.11962890625 0.6002604166666666 0.2001953125 0.20052083333333334
0 0.11962890625 0.6002604166666666 0.2001953125 0.20052083333333334
2 0.11962890625 0.8313802083333334 0.2001953125 0.14713541666666666
0 0.11962890625 0.8430989583333334 0.2001953125 0.17057291666666666
7 0.029296875 0.9388020833333334 0.01953125 0.026041666666666668
6 0.0869140625 0.9388020833333334 0.095703125 0.026041666666666668
2 0.875 0.5162760416666666 0.19140625 0.032552083333333336
4 0.9296875 0.640625 0.08203125 0.109375
0 0.9296875 0.640625 0.08203125 0.109375
2 0.875 0.6725260416666666 0.19140625 0.17317708333333334
0 0.875 0.6725260416666666 0.19140625 0.17317708333333334
7 0.7890625 0.787109375 0.01953125 0.024739583333333332
6 0.8359375 0.787109375 0.07421875 0.024739583333333332
4 0.9296875 0.9270833333333334 0.08203125 0.109375
0 0.9296875 0.9270833333333334 0.08203125 0.109375
2 0.875 0.9361979166666666 0.19140625 0.12760416666666666
0 0.875 0.9361979166666666 0.19140625 0.12760416666666666