4 0.046875 0.041666666666666664 0.03125 0.041666666666666664
0 0.046875 0.041666666666666664 0.03125 0.041666666666666664
7 0.11328125 0.040364583333333336 0.0390625 0.020833333333333332
7 0.1748046875 0.040364583333333336 0.052734375 0.020833333333333332
7 0.251953125 0.040364583333333336 0.0703125 0.020833333333333332
7 0.32275390625 0.040364583333333336 0.0400390625 0.020833333333333332
7 0.380859375 0.040364583333333336 0.044921875 0.020833333333333332
7 0.44873046875 0.040364583333333336 0.0595703125 0.020833333333333332
7 0.51513671875 0.040364583333333336 0.0419921875 0.020833333333333332
7 0.59033203125 0.040364583333333336 0.0771484375 0.020833333333333332
7 0.666015625 0.040364583333333336 0.04296875 0.020833333333333332
7 0.765625 0.040364583333333336 0.060546875 0.020833333333333332
7 0.8388671875 0.040364583333333336 0.0546875 0.020833333333333332
7 0.900390625 0.040364583333333336 0.037109375 0.020833333333333332
7 0.95947265625 0.040364583333333336 0.0498046875 0.020833333333333332
3 0.5 0.17317708333333334 0.7109375 0.1171875
4 0.33740234375 0.4986979166666667 0.6279296875 0.4713541666666667
6 0.33740234375 0.7688802083333334 0.5654296875 0.016927083333333332
0 0.33740234375 0.6197916666666666 0.6279296875 0.7135416666666666
2 0.33740234375 0.8209635416666666 0.5654296875 0.048177083333333336
6 0.33740234375 0.91015625 0.5654296875 0.09114583333333333
0 0.72607421875 0.29296875 0.0361328125 0.0390625
0 0.82861328125 0.2916666666666667 0.0517578125 0.036458333333333336
6 0.82421875 0.3671875 0.26953125 0.044270833333333336
6 0.80908203125 0.4375 0.2392578125 0.044270833333333336
6 0.822265625 0.5078125 0.265625 0.044270833333333336
6 0.82373046875 0.578125 0.2685546875 0.044270833333333336
6 0.8017578125 0.6484375 0.224609375 0.044270833333333336
6 0.81005859375 0.71875 0.2412109375 0.044270833333333336
6 0.81005859375 0.7890625 0.2412109375 0.044270833333333336
6 0.8251953125 0.859375 0.271484375 0.044270833333333336
6 0.8251953125 0.9296875 0.271484375 0.044270833333333336
0 0.8251953125 0.9856770833333334 0.0703125 0.020833333333333332