0 0.0146484375 0.0234375 0.029296875 0.046875
7 0.05126953125 0.0234375 0.0478515625 0.018229166666666668
0 0.05126953125 0.0234375 0.0478515625 0.046875
7 0.09814453125 0.0234375 0.0517578125 0.018229166666666668
0 0.09814453125 0.0234375 0.0517578125 0.046875
7 0.13818359375 0.0234375 0.0341796875 0.018229166666666668
0 0.13818359375 0.0234375 0.0341796875 0.046875
7 0.1806640625 0.0234375 0.056640625 0.018229166666666668
0 0.1806640625 0.0234375 0.056640625 0.046875
7 0.23583984375 0.0234375 0.0595703125 0.018229166666666668
0 0.23583984375 0.0234375 0.0595703125 0.046875
7 0.28173828125 0.0234375 0.0380859375 0.018229166666666668
0 0.28173828125 0.0234375 0.0380859375 0.046875
7 0.31787109375 0.0234375 0.0400390625 0.018229166666666668
0 0.3173828125 0.0234375 0.0390625 0.046875
7 0.35888671875 0.0234375 0.0498046875 0.018229166666666668
0 0.359375 0.0234375 0.05078125 0.046875
7 0.7333984375 0.0234375 0.041015625 0.018229166666666668
0 0.7333984375 0.0234375 0.041015625 0.046875
7 0.77880859375 0.0234375 0.0556640625 0.018229166666666668
0 0.77880859375 0.0234375 0.0556640625 0.046875
7 0.845703125 0.0234375 0.083984375 0.018229166666666668
0 0.845703125 0.0234375 0.083984375 0.046875
7 0.91845703125 0.0234375 0.0673828125 0.018229166666666668
0 0.91845703125 0.0234375 0.0673828125 0.046875
7 0.974609375 0.0234375 0.05078125 0.018229166666666668
0 0.974609375 0.0234375 0.05078125 0.046875
2 0.087890625 0.07552083333333333 0.17578125 0.036458333333333336
2 0.087890625 0.07552083333333333 0.17578125 0.036458333333333336
7 0.0322265625 0.125 0.0546875 0.028645833333333332
7 0.0908203125 0.125 0.0546875 0.028645833333333332
7 0.1494140625 0.125 0.0546875 0.028645833333333332
1 0.322265625 0.125 0.28125 0.041666666666666664
4 0.470703125 0.11458333333333333 0.00390625 0.018229166666666668
3 0.771484375 0.10677083333333333 0.45703125 0.078125
2 0.15625 0.18489583333333334 0.3125 0.026041666666666668
2 0.15625 0.22916666666666666 0.3125 0.0625
2 0.15625 0.2766927083333333 0.3125 0.032552083333333336
4 0.11181640625 0.3235677083333333 0.0068359375 0.01171875
7 0.16064453125 0.32421875 0.0888671875 0.018229166666666668
4 0.07861328125 0.4225260416666667 0.1572265625 0.11848958333333333
0 0.15625 0.421875 0.3125 0.1171875
7 0.017578125 0.37890625 0.02734375 0.020833333333333332
7 0.23828125 0.421875 0.1484375 0.049479166666666664
4 0.07861328125 0.560546875 0.1572265625 0.11848958333333333
0 0.15625 0.5598958333333334 0.3125 0.1171875
7 0.017578125 0.5169270833333334 0.02734375 0.020833333333333332
7 0.23828125 0.5598958333333334 0.1484375 0.07552083333333333
4 0.07861328125 0.6985677083333334 0.1572265625 0.11848958333333333
0 0.15625 0.6979166666666666 0.3125 0.1171875
7 0.017578125 0.6549479166666666 0.02734375 0.020833333333333332
7 0.23828125 0.6979166666666666 0.1484375 0.049479166666666664
4 0.07861328125 0.8365885416666666 0.1572265625 0.11848958333333333
0 0.15625 0.8359375 0.3125 0.1171875
7 0.017578125 0.79296875 0.02734375 0.020833333333333332
7 0.23828125 0.8359375 0.1484375 0.026041666666666668
4 0.07861328125 0.9576822916666666 0.1572265625 0.08463541666666667
0 0.15625 0.9576822916666666 0.3125 0.08463541666666667
7 0.0224609375 0.9309895833333334 0.037109375 0.020833333333333332
7 0.23828125 0.9739583333333334 0.1484375 0.049479166666666664
4 0.49951171875 0.2897135416666667 0.3134765625 0.23567708333333334
0 0.5 0.3190104166666667 0.3125 0.2942708333333333
7 0.3623046875 0.1875 0.029296875 0.020833333333333332
7 0.5 0.44140625 0.3125 0.049479166666666664
4 0.42236328125 0.5462239583333334 0.1572265625 0.11848958333333333
0 0.5 0.5455729166666666 0.3125 0.1171875
7 0.3623046875 0.5026041666666666 0.029296875 0.020833333333333332
7 0.58203125 0.5455729166666666 0.1484375 0.09895833333333333
4 0.42236328125 0.6842447916666666 0.1572265625 0.11848958333333333
0 0.5 0.68359375 0.3125 0.1171875
7 0.3623046875 0.640625 0.029296875 0.020833333333333332
7 0.58203125 0.68359375 0.1484375 0.026041666666666668
4 0.42236328125 0.822265625 0.1572265625 0.11848958333333333
0 0.5 0.8216145833333334 0.3125 0.1171875
7 0.3623046875 0.7786458333333334 0.029296875 0.020833333333333332
7 0.58203125 0.8216145833333334 0.1484375 0.07552083333333333
6 0.48828125 0.9186197916666666 0.2890625 0.01953125
6 0.48779296875 0.9772135416666666 0.2880859375 0.01953125
3 0.8427734375 0.3463541666666667 0.29296875 0.3255208333333333
2 0.84375 0.5755208333333334 0.287109375 0.028645833333333332
4 0.96044921875 0.5735677083333334 0.0068359375 0.01171875
7 0.97607421875 0.57421875 0.0224609375 0.018229166666666668
6 0.85009765625 0.6217447916666666 0.2998046875 0.01953125
6 0.85009765625 0.6673177083333334 0.2998046875 0.01953125
6 0.77099609375 0.712890625 0.1416015625 0.01953125
6 0.7783203125 0.7584635416666666 0.15625 0.01953125
7 0.81591796875 0.8111979166666666 0.0810546875 0.018229166666666668
7 0.93798828125 0.8111979166666666 0.0986328125 0.018229166666666668
3 0.84375 0.9140625 0.29296875 0.078125
7 0.84375 0.982421875 0.310546875 0.03515625