4 0.30712890625 0.06901041666666667 0.1708984375 0.09114583333333333
7 0.5126953125 0.064453125 0.05078125 0.03515625
7 0.599609375 0.06315104166666667 0.125 0.040364583333333336
7 0.70751953125 0.064453125 0.0908203125 0.03515625
7 0.5 0.14778645833333334 0.55859375 0.01953125
1 0.4453125 0.17513020833333334 0.4453125 0.029947916666666668
1 0.7314453125 0.1796875 0.091796875 0.0390625
7 0.29638671875 0.21419270833333334 0.1396484375 0.014322916666666666
7 0.46875 0.21419270833333334 0.20703125 0.014322916666666666
1 0.23681640625 0.24153645833333334 0.0126953125 0.016927083333333332
7 0.36279296875 0.24544270833333334 0.2333984375 0.014322916666666666
6 0.5400390625 0.24544270833333334 0.123046875 0.014322916666666666
7 0.3486328125 0.3131510416666667 0.14453125 0.01953125
7 0.4638671875 0.3131510416666667 0.0859375 0.01953125
1 0.6201171875 0.310546875 0.169921875 0.029947916666666668
7 0.28515625 0.390625 0.09765625 0.026041666666666668
7 0.2734375 0.4401041666666667 0.07421875 0.015625
7 0.3828125 0.4609375 0.29296875 0.015625
7 0.26806640625 0.5026041666666666 0.0634765625 0.015625
7 0.28271484375 0.5234375 0.0927734375 0.015625
7 0.28515625 0.61328125 0.09765625 0.026041666666666668
7 0.56591796875 0.6927083333333334 0.6591796875 0.12239583333333333
7 0.56591796875 0.7923177083333334 0.6591796875 0.03515625
7 0.56591796875 0.8444010416666666 0.6591796875 0.06901041666666667
6 0.453125 0.9108072916666666 0.095703125 0.022135416666666668
6 0.548828125 0.9108072916666666 0.08984375 0.022135416666666668