7 0.4287109375 0.034505208333333336 0.83203125 0.048177083333333336
6 0.0830078125 0.046875 0.087890625 0.0234375
7 0.12890625 0.046875 0.00390625 0.0234375
0 0.93408203125 0.03515625 0.1064453125 0.044270833333333336
2 0.5 0.15755208333333334 0.107421875 0.11197916666666667
0 0.5 0.1640625 0.107421875 0.125
6 0.10498046875 0.279296875 0.1787109375 0.024739583333333332
6 0.2861328125 0.279296875 0.0859375 0.024739583333333332
6 0.42529296875 0.279296875 0.0947265625 0.024739583333333332
6 0.57666015625 0.279296875 0.1123046875 0.024739583333333332
6 0.7060546875 0.279296875 0.048828125 0.024739583333333332
6 0.84765625 0.279296875 0.13671875 0.024739583333333332
4 0.97412109375 0.2799479166666667 0.0205078125 0.026041666666666668
4 0.5 0.56640625 1 0.5
2 0.5 0.8561197916666666 0.96875 0.03515625
3 0.5 0.9524739583333334 0.48828125 0.09505208333333333