0 0.5 0.0006510416666666666 1 0.0013020833333333333
4 0.14111328125 0.18619791666666666 0.1982421875 0.2604166666666667
0 0.140625 0.30859375 0.197265625 0.0234375
6 0.1181640625 0.3515625 0.15234375 0.0234375
0 0.1181640625 0.3522135416666667 0.15234375 0.024739583333333332
7 0.099609375 0.4244791666666667 0.04296875 0.0234375
0 0.14111328125 0.4251302083333333 0.1982421875 0.04296875
7 0.11474609375 0.4674479166666667 0.0732421875 0.0234375
0 0.14111328125 0.4674479166666667 0.1982421875 0.0234375
7 0.0986328125 0.5 0.041015625 0.0234375
0 0.14111328125 0.5 0.1982421875 0.0234375
7 0.12109375 0.53125 0.0859375 0.0234375
0 0.14111328125 0.53125 0.1982421875 0.0234375
7 0.11767578125 0.5638020833333334 0.0791015625 0.0234375
0 0.14111328125 0.5638020833333334 0.1982421875 0.0234375
7 0.09423828125 0.5963541666666666 0.0322265625 0.0234375
0 0.14111328125 0.5963541666666666 0.1982421875 0.0234375
7 0.1044921875 0.62890625 0.052734375 0.0234375
0 0.14111328125 0.62890625 0.1982421875 0.0234375
7 0.103515625 0.66015625 0.05078125 0.0234375
0 0.14111328125 0.66015625 0.1982421875 0.0234375
4 0.099609375 0.8014322916666666 0.115234375 0.11848958333333333
0 0.14111328125 0.802734375 0.1982421875 0.12109375
0 0.14111328125 0.8971354166666666 0.1982421875 0.059895833333333336
0 0.14111328125 0.9381510416666666 0.1982421875 0.01171875
2 0.64208984375 0.08463541666666667 0.6318359375 0.057291666666666664
7 0.6357421875 0.22591145833333334 0.619140625 0.10546875
0 0.89013671875 0.2643229166666667 0.0380859375 0.03125
7 0.36181640625 0.3014322916666667 0.0712890625 0.029947916666666668
7 0.50341796875 0.357421875 0.3544921875 0.029947916666666668
0 0.7119140625 0.3580729166666667 0.06640625 0.03125
7 0.6376953125 0.470703125 0.623046875 0.2565104166666667
4 0.54931640625 0.8203125 0.4462890625 0.359375