4 0.0341796875 0.052083333333333336 0.029296875 0.0390625
0 0.06201171875 0.052083333333333336 0.0849609375 0.0390625
7 0.08154296875 0.052083333333333336 0.0458984375 0.03125
7 0.45361328125 0.052083333333333336 0.0517578125 0.028645833333333332
0 0.46044921875 0.052083333333333336 0.0849609375 0.0390625
4 0.48779296875 0.052734375 0.0107421875 0.014322916666666666
7 0.548828125 0.052083333333333336 0.06640625 0.028645833333333332
0 0.5556640625 0.052083333333333336 0.099609375 0.0390625
4 0.59033203125 0.052734375 0.0107421875 0.014322916666666666
7 0.65380859375 0.052083333333333336 0.0908203125 0.0390625
0 0.65380859375 0.052083333333333336 0.0947265625 0.0390625
7 0.73486328125 0.052083333333333336 0.0654296875 0.0390625
0 0.73486328125 0.052083333333333336 0.0693359375 0.0390625
7 0.79638671875 0.052083333333333336 0.0517578125 0.0390625
0 0.79638671875 0.052083333333333336 0.0556640625 0.0390625
7 0.8759765625 0.052083333333333336 0.060546875 0.0390625
0 0.8759765625 0.052083333333333336 0.064453125 0.0390625
7 0.94384765625 0.052083333333333336 0.0693359375 0.0390625
0 0.94384765625 0.052083333333333336 0.0732421875 0.0390625
2 0.5 0.2610677083333333 0.732421875 0.10546875
2 0.5 0.3463541666666667 0.55859375 0.0390625
1 0.4580078125 0.4108072916666667 0.248046875 0.03515625
7 0.6376953125 0.4108072916666667 0.076171875 0.048177083333333336
7 0.5 0.4609375 0.35546875 0.028645833333333332
4 0.28515625 0.748046875 0.17578125 0.23567708333333334
0 0.28515625 0.7779947916666666 0.21484375 0.2955729166666667
7 0.28515625 0.8977864583333334 0.095703125 0.03515625
4 0.5 0.748046875 0.17578125 0.23567708333333334
0 0.5 0.7779947916666666 0.21484375 0.2955729166666667
7 0.5 0.8977864583333334 0.0390625 0.03515625
4 0.71484375 0.748046875 0.17578125 0.23567708333333334
0 0.71484375 0.7779947916666666 0.21484375 0.2955729166666667
7 0.71484375 0.8977864583333334 0.115234375 0.03515625
4 0.5 0.9752604166666666 0.91796875 0.049479166666666664