7 0.53271484375 0.11197916666666667 0.1123046875 0.036458333333333336
0 0.5693359375 0.11197916666666667 0.185546875 0.036458333333333336
7 0.6162109375 0.11197916666666667 0.04296875 0.018229166666666668
2 0.232421875 0.10091145833333333 0.3828125 0.09244791666666667
0 0.88671875 0.0703125 0.060546875 0.026041666666666668
0 0.93896484375 0.0703125 0.0400390625 0.026041666666666668
1 0.7998046875 0.11197916666666667 0.255859375 0.0390625
0 0.9423828125 0.11197916666666667 0.033203125 0.0390625
0 0.060546875 0.22330729166666666 0.0390625 0.06901041666666667
0 0.16845703125 0.22395833333333334 0.1767578125 0.0703125
0 0.3203125 0.22395833333333334 0.126953125 0.0703125
0 0.4443359375 0.22395833333333334 0.12109375 0.0703125
0 0.60400390625 0.22395833333333334 0.1982421875 0.0703125
0 0.7568359375 0.22395833333333334 0.107421875 0.0703125
0 0.884765625 0.22395833333333334 0.1484375 0.0703125
7 0.5 0.3098958333333333 0.91796875 0.049479166666666664
6 0.25830078125 0.37890625 0.3955078125 0.020833333333333332
0 0.9453125 0.3033854166666667 0.015625 0.020833333333333332
0 0.048828125 0.4518229166666667 0.015625 0.0078125
7 0.84521484375 0.7688802083333334 0.0126953125 0.016927083333333332
7 0.86083984375 0.7688802083333334 0.0126953125 0.016927083333333332
7 0.87646484375 0.7688802083333334 0.0126953125 0.016927083333333332
7 0.89208984375 0.7688802083333334 0.0126953125 0.016927083333333332
7 0.9072265625 0.7688802083333334 0.01171875 0.016927083333333332
0 0.05859375 0.6256510416666666 0.03515625 0.07682291666666667
0 0.94140625 0.6256510416666666 0.03515625 0.07682291666666667
0 0.30859375 0.8684895833333334 0.20703125 0.052083333333333336
0 0.50830078125 0.8684895833333334 0.1943359375 0.052083333333333336
0 0.69970703125 0.8684895833333334 0.1904296875 0.052083333333333336
4 0.12451171875 0.9928385416666666 0.1669921875 0.014322916666666666
0 0.2705078125 0.9928385416666666 0.458984375 0.014322916666666666
7 0.3544921875 0.994140625 0.234375 0.01171875
4 0.58349609375 0.9928385416666666 0.1669921875 0.014322916666666666
0 0.7294921875 0.9928385416666666 0.458984375 0.014322916666666666
7 0.8232421875 0.994140625 0.25390625 0.01171875