3 0.5 0.17838541666666666 1 0.3567708333333333
4 0.04638671875 0.3841145833333333 0.0166015625 0.020833333333333332
0 0.04638671875 0.384765625 0.0341796875 0.04296875
4 0.08740234375 0.3841145833333333 0.0166015625 0.020833333333333332
0 0.08740234375 0.384765625 0.0341796875 0.04296875
0 0.150390625 0.375 0.025390625 0.026041666666666668
0 0.150390625 0.375 0.025390625 0.026041666666666668
0 0.45166015625 0.380859375 0.0595703125 0.029947916666666668
0 0.51123046875 0.380859375 0.0615234375 0.029947916666666668
0 0.5595703125 0.380859375 0.037109375 0.029947916666666668
0 0.83447265625 0.3841145833333333 0.1181640625 0.041666666666666664
0 0.83447265625 0.3841145833333333 0.1181640625 0.041666666666666664
0 0.931640625 0.3841145833333333 0.064453125 0.041666666666666664
0 0.931640625 0.3841145833333333 0.064453125 0.041666666666666664
7 0.0888671875 0.4609375 0.119140625 0.015625
0 0.93359375 0.4596354166666667 0.07421875 0.028645833333333332
4 0.5 0.439453125 0.419921875 0.07682291666666667
0 0.5 0.4388020833333333 0.419921875 0.07552083333333333
0 0.1064453125 0.5078125 0.037109375 0.03125
0 0.1416015625 0.5078125 0.029296875 0.03125
0 0.1806640625 0.5078125 0.044921875 0.03125
0 0.21875 0.5078125 0.02734375 0.03125
0 0.26123046875 0.5078125 0.0517578125 0.03125
0 0.31201171875 0.5078125 0.0458984375 0.03125
0 0.3525390625 0.5078125 0.03125 0.03125
0 0.39404296875 0.5078125 0.0478515625 0.03125
0 0.4404296875 0.5078125 0.041015625 0.03125
0 0.48291015625 0.5078125 0.0400390625 0.03125
0 0.51904296875 0.5078125 0.0283203125 0.03125
0 0.5546875 0.5078125 0.0390625 0.03125
0 0.5927734375 0.5078125 0.033203125 0.03125
0 0.626953125 0.5078125 0.03125 0.03125
0 0.6630859375 0.5078125 0.037109375 0.03125
0 0.71142578125 0.5078125 0.0556640625 0.03125
0 0.7734375 0.5078125 0.064453125 0.03125
0 0.84130859375 0.5078125 0.0654296875 0.03125
0 0.89404296875 0.5078125 0.0361328125 0.03125
4 0.056640625 0.5826822916666666 0.0546875 0.07161458333333333
0 0.056640625 0.5826822916666666 0.0546875 0.07161458333333333
2 0.15673828125 0.56640625 0.1279296875 0.018229166666666668
0 0.18603515625 0.5826822916666666 0.1865234375 0.06380208333333333
6 0.18603515625 0.5944010416666666 0.1865234375 0.040364583333333336
2 0.3837890625 0.576171875 0.150390625 0.016927083333333332
0 0.40234375 0.5826822916666666 0.1875 0.04296875
6 0.40234375 0.5944010416666666 0.1875 0.01953125
4 0.552734375 0.5826822916666666 0.0546875 0.07161458333333333
0 0.552734375 0.5826822916666666 0.0546875 0.07161458333333333
2 0.65869140625 0.56640625 0.1396484375 0.018229166666666668
0 0.681640625 0.5826822916666666 0.185546875 0.06380208333333333
6 0.681640625 0.5944010416666666 0.185546875 0.040364583333333336
4 0.82080078125 0.580078125 0.0341796875 0.029947916666666668
7 0.8564453125 0.5696614583333334 0.03125 0.01953125
7 0.888671875 0.5709635416666666 0.01953125 0.014322916666666666
7 0.908203125 0.5709635416666666 0.017578125 0.014322916666666666
7 0.88671875 0.5911458333333334 0.091796875 0.020833333333333332
2 0.125 0.71484375 0.19140625 0.109375
0 0.1435546875 0.830078125 0.228515625 0.33984375
6 0.1435546875 0.849609375 0.228515625 0.12369791666666667
6 0.1435546875 0.9596354166666666 0.228515625 0.08072916666666667
2 0.50927734375 0.984375 0.4365234375 0.03125
4 0.49951171875 0.8365885416666666 0.4560546875 0.3268229166666667
0 0.49951171875 0.8365885416666666 0.4560546875 0.3268229166666667
2 0.79541015625 0.6744791666666666 0.0673828125 0.020833333333333332
7 0.875 0.6744791666666666 0.07421875 0.020833333333333332
2 0.78173828125 0.7239583333333334 0.0400390625 0.018229166666666668
0 0.78662109375 0.7239583333333334 0.0498046875 0.018229166666666668
2 0.85888671875 0.77734375 0.1806640625 0.06510416666666667
2 0.8681640625 0.8567708333333334 0.19921875 0.06510416666666667
2 0.8564453125 0.9361979166666666 0.17578125 0.06510416666666667
2 0.79052734375 0.9934895833333334 0.0576171875 0.013020833333333334
0 0.79541015625 0.9934895833333334 0.0673828125 0.013020833333333334