7 0.0732421875 0.041666666666666664 0.048828125 0.06510416666666667
2 0.0244140625 0.036458333333333336 0.021484375 0.033854166666666664
0 0.0244140625 0.041666666666666664 0.048828125 0.06510416666666667
7 0.05126953125 0.042317708333333336 0.1025390625 0.08463541666666667
0 0.5185546875 0.042317708333333336 0.83203125 0.040364583333333336
4 0.96826171875 0.042317708333333336 0.0634765625 0.08463541666666667
4 0.205078125 0.039713541666666664 0.17578125 0.02734375
0 0.205078125 0.042317708333333336 0.17578125 0.08463541666666667
7 0.90625 0.030598958333333332 0.08984375 0.022135416666666668
0 0.75 0.03515625 0.5 0.0703125
7 0.90625 0.052083333333333336 0.08984375 0.020833333333333332
0 0.0927734375 0.11783854166666667 0.123046875 0.045572916666666664
1 0.8125 0.12565104166666666 0.29296875 0.061197916666666664
1 0.94287109375 0.11393229166666667 0.0322265625 0.04296875
7 0.50146484375 0.18033854166666666 0.0771484375 0.01953125
3 0.5 0.2604166666666667 0.7109375 0.1171875
6 0.5 0.333984375 0.080078125 0.016927083333333332
4 0.18798828125 0.5813802083333334 0.2939453125 0.4622395833333333
7 0.06640625 0.5397135416666666 0.03125 0.016927083333333332
2 0.18212890625 0.6640625 0.2626953125 0.20572916666666666
7 0.10107421875 0.7923177083333334 0.1005859375 0.01953125
4 0.23095703125 0.7936197916666666 0.0107421875 0.014322916666666666
7 0.27978515625 0.7923177083333334 0.0888671875 0.01953125
4 0.49951171875 0.4602864583333333 0.2939453125 0.22005208333333334
7 0.39306640625 0.4459635416666667 0.0615234375 0.016927083333333332
2 0.4921875 0.490234375 0.259765625 0.048177083333333336
7 0.41357421875 0.5397135416666666 0.1025390625 0.01953125
4 0.53369140625 0.541015625 0.0107421875 0.014322916666666666
7 0.58251953125 0.5397135416666666 0.0888671875 0.01953125
4 0.49951171875 0.712890625 0.2939453125 0.22005208333333334
7 0.38525390625 0.673828125 0.0458984375 0.016927083333333332
2 0.4736328125 0.73046875 0.22265625 0.07291666666666667
7 0.4130859375 0.7923177083333334 0.1015625 0.01953125
4 0.53369140625 0.7936197916666666 0.0107421875 0.014322916666666666
7 0.58251953125 0.7923177083333334 0.0888671875 0.01953125
7 0.68896484375 0.3561197916666667 0.0458984375 0.016927083333333332
2 0.79541015625 0.3828125 0.2587890625 0.020833333333333332
7 0.716796875 0.4108072916666667 0.1015625 0.01953125
4 0.89599609375 0.412109375 0.0107421875 0.014322916666666666
7 0.9296875 0.4108072916666667 0.05859375 0.01953125
7 0.69677734375 0.4544270833333333 0.0615234375 0.018229166666666668
2 0.81201171875 0.4934895833333333 0.2919921875 0.046875
7 0.716796875 0.5338541666666666 0.1015625 0.020833333333333332
4 0.89599609375 0.5345052083333334 0.0107421875 0.014322916666666666
7 0.9296875 0.5338541666666666 0.05859375 0.020833333333333332
7 0.68212890625 0.5768229166666666 0.0322265625 0.018229166666666668
2 0.81103515625 0.6158854166666666 0.2900390625 0.046875
7 0.716796875 0.65625 0.1015625 0.020833333333333332
4 0.89599609375 0.6569010416666666 0.0107421875 0.014322916666666666
7 0.9296875 0.65625 0.05859375 0.020833333333333332
7 0.68896484375 0.7005208333333334 0.0458984375 0.018229166666666668
2 0.80712890625 0.7395833333333334 0.2822265625 0.046875
7 0.716796875 0.7799479166666666 0.1015625 0.020833333333333332
4 0.89599609375 0.7805989583333334 0.0107421875 0.014322916666666666
7 0.9296875 0.7799479166666666 0.05859375 0.020833333333333332
7 0.69677734375 0.8229166666666666 0.0615234375 0.018229166666666668
2 0.8095703125 0.8619791666666666 0.287109375 0.046875
7 0.716796875 0.90234375 0.1015625 0.020833333333333332
4 0.89599609375 0.9029947916666666 0.0107421875 0.014322916666666666
7 0.9296875 0.90234375 0.05859375 0.020833333333333332
7 0.68896484375 0.9453125 0.0458984375 0.018229166666666668
2 0.80224609375 0.98046875 0.2724609375 0.0390625
4 0.109375 0.927734375 0.13671875 0.14453125
7 0.2119140625 0.861328125 0.03125 0.016927083333333332
2 0.26318359375 0.9251302083333334 0.1337890625 0.09505208333333333
7 0.2470703125 0.990234375 0.1015625 0.01953125
4 0.30419921875 0.9915364583333334 0.0107421875 0.014322916666666666
7 0.2568359375 0.990234375 0.12109375 0.01953125
4 0.42138671875 0.9283854166666666 0.1376953125 0.14322916666666666
7 0.5244140625 0.861328125 0.03125 0.016927083333333332
2 0.5771484375 0.9251302083333334 0.13671875 0.09505208333333333
7 0.5595703125 0.990234375 0.1015625 0.01953125
4 0.501953125 0.955078125 0.0390625 0.08984375
2 0.5009765625 0.9583333333333334 0.998046875 0.03125
2 0.11181640625 0.9485677083333334 0.1416015625 0.02734375
7 0.11181640625 0.9739583333333334 0.1416015625 0.0234375
0 0.8056640625 0.953125 0.119140625 0.041666666666666664
4 0.970703125 0.9544270833333334 0.05859375 0.08072916666666667