4 0.138671875 0.07161458333333333 0.23828125 0.078125
0 0.138671875 0.07161458333333333 0.23828125 0.078125
0 0.8984375 0.029947916666666668 0.068359375 0.059895833333333336
7 0.39990234375 0.078125 0.0791015625 0.03125
0 0.40576171875 0.07877604166666667 0.1025390625 0.07161458333333333
7 0.51708984375 0.078125 0.1083984375 0.03125
0 0.52294921875 0.07877604166666667 0.1318359375 0.07161458333333333
7 0.623046875 0.078125 0.056640625 0.03125
0 0.62890625 0.07877604166666667 0.080078125 0.07161458333333333
7 0.724609375 0.078125 0.099609375 0.03125
0 0.73046875 0.07877604166666667 0.123046875 0.07161458333333333
7 0.82958984375 0.078125 0.0634765625 0.03125
0 0.83544921875 0.07877604166666667 0.0869140625 0.07161458333333333
7 0.91455078125 0.078125 0.0595703125 0.03125
0 0.92041015625 0.07877604166666667 0.0830078125 0.07161458333333333
1 0.953125 0.08072916666666667 0.00390625 0.044270833333333336
0 0.9755859375 0.08072916666666667 0.0390625 0.044270833333333336
4 0.34228515625 0.3502604166666667 0.6025390625 0.359375
7 0.8154296875 0.181640625 0.287109375 0.022135416666666668
0 0.8154296875 0.2643229166666667 0.287109375 0.13541666666666666
7 0.8154296875 0.376953125 0.287109375 0.022135416666666668
0 0.8154296875 0.4427083333333333 0.287109375 0.1015625
7 0.8154296875 0.5384114583333334 0.287109375 0.022135416666666668
0 0.8154296875 0.5872395833333334 0.287109375 0.06770833333333333
2 0.392578125 0.7063802083333334 0.703125 0.055989583333333336
2 0.7548828125 0.6927083333333334 0.021484375 0.049479166666666664
7 0.34228515625 0.828125 0.6025390625 0.13541666666666666
0 0.830078125 0.8639322916666666 0.2578125 0.07682291666666667
4 0.8154296875 0.9817708333333334 0.287109375 0.036458333333333336