7 0.349609375 0.031901041666666664 0.669921875 0.024739583333333332
6 0.45458984375 0.044921875 0.8798828125 0.05078125
7 0.068359375 0.057942708333333336 0.00390625 0.024739583333333332
5 0.94384765625 0.045572916666666664 0.0517578125 0.026041666666666668
0 0.94384765625 0.045572916666666664 0.0830078125 0.049479166666666664
4 0.12548828125 0.162109375 0.2158203125 0.08723958333333333
0 0.1572265625 0.17578125 0.279296875 0.11458333333333333
7 0.1572265625 0.22265625 0.279296875 0.020833333333333332
7 0.8173828125 0.130859375 0.123046875 0.024739583333333332
0 0.8173828125 0.13151041666666666 0.154296875 0.046875
7 0.93017578125 0.13151041666666666 0.0498046875 0.046875
0 0.94091796875 0.13151041666666666 0.0947265625 0.046875
7 0.67822265625 0.20572916666666666 0.0771484375 0.036458333333333336
0 0.68408203125 0.20572916666666666 0.1123046875 0.0546875
1 0.84423828125 0.20572916666666666 0.2099609375 0.0546875
7 0.1171875 0.2994791666666667 0.1796875 0.03125
0 0.1171875 0.2994791666666667 0.2109375 0.078125
7 0.3408203125 0.2994791666666667 0.20703125 0.03125
0 0.3408203125 0.2994791666666667 0.23828125 0.078125
7 0.50830078125 0.2994791666666667 0.0673828125 0.03125
0 0.50830078125 0.2994791666666667 0.0986328125 0.078125
7 0.59716796875 0.2994791666666667 0.0498046875 0.03125
0 0.59716796875 0.2994791666666667 0.0810546875 0.078125
4 0.5 0.5572916666666666 0.0703125 0.09375
2 0.5 0.7369791666666666 0.96484375 0.21354166666666666
7 0.5 0.9270833333333334 0.9765625 0.14583333333333334