0 0.09375 0 0.16796875 0
6 0.5 0.028645833333333332 0.26171875 0.028645833333333332
4 0.1162109375 0.08072916666666667 0.193359375 0.046875
0 0.1162109375 0.08072916666666667 0.193359375 0.046875
4 0.966796875 0.08072916666666667 0.02734375 0.005208333333333333
0 0.966796875 0.080078125 0.06640625 0.09765625
0 0.78955078125 0.07682291666666667 0.0537109375 0.0390625
0 0.8828125 0.08138020833333333 0.103515625 0.04296875
2 0.16748046875 0.23567708333333334 0.2958984375 0.0625
2 0.4384765625 0.23567708333333334 0.24609375 0.0625
7 0.29345703125 0.3151041666666667 0.5478515625 0.041666666666666664
7 0.1318359375 0.3684895833333333 0.224609375 0.041666666666666664
0 0.12109375 0.4505208333333333 0.203125 0.057291666666666664
7 0.4443359375 0.6627604166666666 0.849609375 0.08333333333333333
7 0.09765625 0.7272135416666666 0.15625 0.040364583333333336
7 0.4453125 0.8658854166666666 0.8515625 0.16927083333333334
6 0.44677734375 0.9537760416666666 0.8544921875 0.07942708333333333