0 0.07275390625 0.041015625 0.1220703125 0.040364583333333336
4 0.978515625 0.038411458333333336 0.01953125 0.02734375
0 0.978515625 0.038411458333333336 0.01953125 0.02734375
0 1 0.24934895833333334 0 0.12890625
0 1 0.3795572916666667 0 0.12890625
0 1 0.509765625 0 0.12890625
0 1 0.6399739583333334 0 0.12890625
0 1 0.7701822916666666 0 0.12890625
0 1 0.9674479166666666 0 0.06510416666666667
4 0.5 0.3001302083333333 0.267578125 0.11588541666666667
2 0.5 0.4192708333333333 0.4609375 0.078125
2 0.5 0.4895833333333333 0.435546875 0.078125
7 0.5 0.5755208333333334 0.9140625 0.0390625
0 0.42578125 0.66015625 0.19921875 0.06770833333333333
7 0.54052734375 0.65625 0.0322265625 0.033854166666666664
0 0.61474609375 0.66015625 0.1181640625 0.06770833333333333
2 0.38525390625 0.9088541666666666 0.2431640625 0.0546875
2 0.62109375 0.9088541666666666 0.23046875 0.0546875
2 0.265625 0.9993489583333334 0.4453125 0.0013020833333333333
2 0.734375 0.9993489583333334 0.4453125 0.0013020833333333333
2 0.1474609375 0.72265625 0.177734375 0.0703125
7 0.91943359375 0.7330729166666666 0.0439453125 0.0390625
0 0.91943359375 0.72265625 0.0439453125 0.059895833333333336
4 0.91943359375 0.703125 0.0166015625 0.020833333333333332
7 0.4990234375 0.8470052083333334 0.880859375 0.11067708333333333
6 0.24755859375 0.8860677083333334 0.1103515625 0.032552083333333336
7 0.30517578125 0.8860677083333334 0.0048828125 0.032552083333333336