4 0.07763671875 0.045572916666666664 0.1240234375 0.049479166666666664
0 0.07763671875 0.032552083333333336 0.1552734375 0.06510416666666667
7 0.95751953125 0.046875 0.0849609375 0.09375
0 0.16357421875 0.11197916666666667 0.0908203125 0.09375
0 0.251953125 0.11197916666666667 0.0859375 0.09375
0 0.35595703125 0.11197916666666667 0.1220703125 0.09375
0 0.4990234375 0.11197916666666667 0.1640625 0.09375
0 0.64599609375 0.11197916666666667 0.1298828125 0.09375
0 0.78125 0.11197916666666667 0.140625 0.09375
0 0.890625 0.11197916666666667 0.078125 0.09375
4 0.5 0.3333333333333333 1 0.3489583333333333
7 0.69970703125 0.20768229166666666 0.5009765625 0.029947916666666668
0 0.69970703125 0.3294270833333333 0.5009765625 0.2734375
7 0.7001953125 0.3391927083333333 0.466796875 0.25390625
0 0.69970703125 0.501953125 0.2646484375 0.05859375
7 0.5 0.6920572916666666 1 0.02734375
4 0.31494140625 0.8782552083333334 0.6005859375 0.24348958333333334
6 0.62841796875 0.7897135416666666 0.1435546875 0.03515625
7 0.62890625 0.9114583333333334 0.212890625 0.17708333333333334
4 0.8798828125 0.8678385416666666 0.22265625 0.22265625
0 0.88037109375 0.978515625 0.0009765625 0.0013020833333333333
0 0.88037109375 0.978515625 0.2080078125 0.022135416666666668
4 0.2646484375 0.2942708333333333 0.109375 0.14583333333333334
7 0.5615234375 0.4095052083333333 0.703125 0.032552083333333336
7 0.5615234375 0.4524739583333333 0.703125 0.029947916666666668
7 0.85302734375 0.3502604166666667 0.0673828125 0.044270833333333336
7 0.896484375 0.3502604166666667 0.01953125 0.044270833333333336
7 0.90966796875 0.3502604166666667 0.0068359375 0.044270833333333336