0 0.05322265625 0.013671875 0.1064453125 0.02734375
4 0.02734375 0.041666666666666664 0.0234375 0.03125
0 0.03515625 0.041666666666666664 0.0390625 0.07291666666666667
7 0.08447265625 0.042317708333333336 0.0517578125 0.022135416666666668
0 0.10302734375 0.041666666666666664 0.0966796875 0.0390625
4 0.1240234375 0.043619791666666664 0.01171875 0.016927083333333332
7 0.201171875 0.042317708333333336 0.080078125 0.022135416666666668
0 0.216796875 0.041666666666666664 0.130859375 0.0390625
4 0.2548828125 0.043619791666666664 0.01171875 0.016927083333333332
0 0.31005859375 0.041666666666666664 0.0439453125 0.028645833333333332
7 0.39501953125 0.042317708333333336 0.0712890625 0.022135416666666668
0 0.41064453125 0.041666666666666664 0.1220703125 0.0390625
4 0.4443359375 0.043619791666666664 0.01171875 0.016927083333333332
0 0.51318359375 0.041666666666666664 0.0712890625 0.028645833333333332
4 0.5166015625 0.042317708333333336 0.015625 0.022135416666666668
0 0.751953125 0.042317708333333336 0 0.04296875
1 0.63232421875 0.042317708333333336 0.2158203125 0.024739583333333332
0 0.7939453125 0.041666666666666664 0.0390625 0.028645833333333332
7 0.9091796875 0.041666666666666664 0.150390625 0.041666666666666664
0 0.9091796875 0.041666666666666664 0.150390625 0.08333333333333333
7 0.4384765625 0.19140625 0.591796875 0.028645833333333332
7 0.80322265625 0.19140625 0.0751953125 0.0234375
0 0.80322265625 0.19140625 0.1083984375 0.044270833333333336
4 0.01953125 0.2747395833333333 0.015625 0.020833333333333332
7 0.24267578125 0.2727864583333333 0.4150390625 0.02734375
0 0.51611328125 0.2734375 0.1240234375 0.03125
7 0.9482421875 0.2747395833333333 0.046875 0.0234375
0 0.9482421875 0.2747395833333333 0.080078125 0.044270833333333336
2 0.24609375 0.5638020833333334 0.4140625 0.2734375
7 0.23193359375 0.7662760416666666 0.3857421875 0.07942708333333333
7 0.10546875 0.8854166666666666 0.083984375 0.028645833333333332
0 0.10546875 0.8854166666666666 0.1328125 0.0625
4 0.75390625 0.60546875 0.076171875 0.1015625
0 0.75390625 0.6061197916666666 0.4140625 0.31640625