7 0.5 0.026041666666666668 1 0.052083333333333336
4 0.123046875 0.13932291666666666 0.1640625 0.10677083333333333
0 0.72998046875 0.15885416666666666 0.0830078125 0.0390625
0 0.83349609375 0.15885416666666666 0.0947265625 0.0390625
7 0.91357421875 0.15755208333333334 0.0380859375 0.020833333333333332
7 0.94677734375 0.12890625 0.0244140625 0.028645833333333332
0 0.123046875 0.23893229166666666 0.1640625 0.022135416666666668
0 0.28564453125 0.23893229166666666 0.1611328125 0.022135416666666668
0 0.45166015625 0.23893229166666666 0.1708984375 0.022135416666666668
0 0.6181640625 0.23893229166666666 0.162109375 0.022135416666666668
1 0.845703125 0.23828125 0.251953125 0.036458333333333336
1 0.95166015625 0.23828125 0.0322265625 0.052083333333333336
0 0.0361328125 0.5143229166666666 0.0234375 0.03125
4 0.080078125 0.5143229166666666 0.16015625 0.4036458333333333
7 0.01708984375 0.5143229166666666 0.0341796875 0.4036458333333333
7 0.5 0.5143229166666666 0.93359375 0.4036458333333333
7 0.98291015625 0.5143229166666666 0.0341796875 0.4036458333333333
0 0.9638671875 0.5143229166666666 0.0234375 0.03125
4 0.919921875 0.5143229166666666 0.16015625 0.4036458333333333
2 0.5 0.8072916666666666 0.974609375 0.057291666666666664
2 0.125 0.8938802083333334 0.18359375 0.04296875
2 0.3125 0.8938802083333334 0.18359375 0.04296875
2 0.5 0.8938802083333334 0.18359375 0.04296875
2 0.6875 0.8938802083333334 0.18359375 0.04296875
2 0.875 0.8938802083333334 0.18359375 0.04296875
4 0.0859375 0.9720052083333334 0.130859375 0.055989583333333336