0 0.98388671875 0.028645833333333332 0.0322265625 0.057291666666666664
4 0.025390625 0.028645833333333332 0.0390625 0.052083333333333336
0 0.076171875 0.028645833333333332 0.15234375 0.057291666666666664
7 0.099609375 0.02734375 0.09765625 0.03125
7 0.89697265625 0.028645833333333332 0.0341796875 0.0234375
0 0.89697265625 0.028645833333333332 0.0595703125 0.036458333333333336
7 0.09765625 0.09244791666666667 0.12890625 0.0234375
0 0.10009765625 0.09244791666666667 0.2001953125 0.0390625
7 0.08251953125 0.146484375 0.1416015625 0.022135416666666668
7 0.06982421875 0.18229166666666666 0.0732421875 0.0234375
0 0.10009765625 0.18229166666666666 0.2001953125 0.0390625
7 0.076171875 0.22135416666666666 0.0859375 0.0234375
0 0.10009765625 0.22135416666666666 0.2001953125 0.0390625
7 0.02880859375 0.275390625 0.0341796875 0.022135416666666668
7 0.08837890625 0.3111979166666667 0.1103515625 0.0234375
0 0.10009765625 0.3111979166666667 0.2001953125 0.0390625
7 0.08837890625 0.3502604166666667 0.1103515625 0.0234375
0 0.10009765625 0.3502604166666667 0.2001953125 0.0390625
7 0.0791015625 0.3893229166666667 0.091796875 0.0234375
0 0.10009765625 0.3893229166666667 0.2001953125 0.0390625
7 0.08984375 0.4283854166666667 0.11328125 0.0234375
0 0.10009765625 0.4283854166666667 0.2001953125 0.0390625
7 0.0546875 0.482421875 0.0859375 0.022135416666666668
7 0.10595703125 0.5182291666666666 0.1455078125 0.0234375
0 0.10009765625 0.5182291666666666 0.2001953125 0.0390625
7 0.09326171875 0.5572916666666666 0.1201171875 0.0234375
0 0.10009765625 0.5572916666666666 0.2001953125 0.0390625
7 0.07568359375 0.5963541666666666 0.0849609375 0.0234375
0 0.10009765625 0.5963541666666666 0.2001953125 0.0390625
7 0.076171875 0.6354166666666666 0.0859375 0.0234375
0 0.10009765625 0.6354166666666666 0.2001953125 0.0390625
7 0.06591796875 0.6744791666666666 0.0654296875 0.0234375
0 0.10009765625 0.6744791666666666 0.2001953125 0.0390625
7 0.052734375 0.7135416666666666 0.0390625 0.0234375
0 0.10009765625 0.7135416666666666 0.2001953125 0.0390625
7 0.03515625 0.767578125 0.046875 0.022135416666666668
7 0.10400390625 0.8033854166666666 0.1416015625 0.0234375
0 0.10009765625 0.8033854166666666 0.2001953125 0.0390625
7 0.0986328125 0.8424479166666666 0.130859375 0.0234375
0 0.10009765625 0.8424479166666666 0.2001953125 0.0390625
7 0.06591796875 0.8815104166666666 0.0654296875 0.0234375
0 0.10009765625 0.8815104166666666 0.2001953125 0.0390625
7 0.0732421875 0.9205729166666666 0.080078125 0.0234375
0 0.10009765625 0.9205729166666666 0.2001953125 0.0390625
7 0.08349609375 0.9817708333333334 0.1005859375 0.0234375
0 0.10009765625 0.9811197916666666 0.2001953125 0.037760416666666664
2 0.3671875 0.115234375 0.25390625 0.029947916666666668
7 0.2822265625 0.17447916666666666 0.060546875 0.0234375
0 0.2822265625 0.17447916666666666 0.091796875 0.041666666666666664
7 0.27294921875 0.23177083333333334 0.0654296875 0.0234375
7 0.59765625 0.24609375 0.71484375 0.052083333333333336
2 0.37451171875 0.3118489583333333 0.2275390625 0.032552083333333336
2 0.490234375 0.3118489583333333 0.00390625 0.032552083333333336
2 0.42529296875 0.3580729166666667 0.3349609375 0.033854166666666664
2 0.42041015625 0.404296875 0.3193359375 0.032552083333333336
2 0.58447265625 0.404296875 0.0087890625 0.032552083333333336
2 0.63037109375 0.404296875 0.0830078125 0.032552083333333336
2 0.67626953125 0.404296875 0.0087890625 0.032552083333333336
2 0.37744140625 0.4505208333333333 0.2333984375 0.033854166666666664
2 0.49609375 0.4505208333333333 0.00390625 0.033854166666666664
7 0.4462890625 0.4973958333333333 0.353515625 0.0234375
6 0.67578125 0.4973958333333333 0.10546875 0.0234375
7 0.72998046875 0.4973958333333333 0.0029296875 0.0234375
7 0.47314453125 0.5260416666666666 0.4072265625 0.0234375
6 0.70458984375 0.5260416666666666 0.0556640625 0.0234375
7 0.73388671875 0.5260416666666666 0.0029296875 0.0234375
7 0.43017578125 0.5546875 0.3212890625 0.0234375
6 0.6396484375 0.5546875 0.09765625 0.0234375
7 0.68994140625 0.5546875 0.0029296875 0.0234375
2 0.30029296875 0.662109375 0.1201171875 0.029947916666666668
2 0.92626953125 0.6627604166666666 0.0458984375 0.0234375
0 0.91845703125 0.6634114583333334 0.0908203125 0.037760416666666664
7 0.2822265625 0.7317708333333334 0.029296875 0.0234375
6 0.4072265625 0.7317708333333334 0.21484375 0.0234375
7 0.28271484375 0.7604166666666666 0.0302734375 0.0234375
6 0.34765625 0.7604166666666666 0.099609375 0.0234375
7 0.8828125 0.7317708333333334 0.115234375 0.020833333333333332
7 0.2822265625 0.8098958333333334 0.029296875 0.0234375
6 0.35302734375 0.8098958333333334 0.1064453125 0.0234375
7 0.28271484375 0.8385416666666666 0.0302734375 0.0234375
6 0.365234375 0.8385416666666666 0.134765625 0.0234375
7 0.88623046875 0.8098958333333334 0.1083984375 0.020833333333333332
7 0.2822265625 0.8880208333333334 0.029296875 0.0234375
6 0.4189453125 0.8880208333333334 0.23828125 0.0234375
7 0.28271484375 0.9166666666666666 0.0302734375 0.0234375
6 0.34765625 0.9166666666666666 0.099609375 0.0234375
7 0.8818359375 0.8880208333333334 0.1171875 0.020833333333333332
7 0.2822265625 0.9661458333333334 0.029296875 0.0234375
6 0.3837890625 0.9661458333333334 0.16796875 0.0234375
7 0.28271484375 0.9915364583333334 0.0302734375 0.016927083333333332
6 0.35302734375 0.9915364583333334 0.1103515625 0.016927083333333332
7 0.8818359375 0.9661458333333334 0.1171875 0.020833333333333332