4 0.0390625 0.046223958333333336 0.041015625 0.053385416666666664
0 0.0390625 0.046223958333333336 0.041015625 0.053385416666666664
4 0.0390625 0.11588541666666667 0.041015625 0.0546875
0 0.0390625 0.11588541666666667 0.041015625 0.0546875
4 0.0390625 0.185546875 0.041015625 0.053385416666666664
0 0.0390625 0.185546875 0.041015625 0.053385416666666664
4 0.5 0.09114583333333333 0.224609375 0.052083333333333336
0 0.5 0.060546875 0.224609375 0.12109375
0 0.20458984375 0.18033854166666666 0.0673828125 0.10286458333333333
0 0.2802734375 0.18033854166666666 0.0859375 0.10286458333333333
0 0.39111328125 0.18033854166666666 0.1376953125 0.10286458333333333
0 0.50537109375 0.18033854166666666 0.0927734375 0.10286458333333333
0 0.5986328125 0.18033854166666666 0.095703125 0.10286458333333333
0 0.69921875 0.18033854166666666 0.107421875 0.10286458333333333
0 0.79052734375 0.18033854166666666 0.0771484375 0.10286458333333333
4 0.96826171875 0.042317708333333336 0.0244140625 0.032552083333333336
0 0.96826171875 0.042317708333333336 0.0439453125 0.05859375
4 0.96826171875 0.11588541666666667 0.0244140625 0.033854166666666664
0 0.96826171875 0.11588541666666667 0.0439453125 0.059895833333333336
4 0.96826171875 0.189453125 0.0244140625 0.032552083333333336
0 0.96826171875 0.189453125 0.0439453125 0.05859375
3 0.5 0.4205729166666667 0.947265625 0.3255208333333333
4 0.259765625 0.8307291666666666 0.44140625 0.3385416666666667
0 0.259765625 0.8307291666666666 0.44140625 0.3385416666666667
4 0.259765625 0.8307291666666666 0.44140625 0.3385416666666667
2 0.259765625 0.9388020833333334 0.337890625 0.12239583333333333
4 0.6201171875 0.728515625 0.201171875 0.13411458333333334
0 0.6201171875 0.728515625 0.201171875 0.13411458333333334
2 0.6201171875 0.89453125 0.154296875 0.13541666666666666
0 0.6201171875 0.8977864583333334 0.201171875 0.20442708333333334
4 0.8603515625 0.728515625 0.201171875 0.13411458333333334
0 0.8603515625 0.728515625 0.201171875 0.13411458333333334
2 0.8603515625 0.8776041666666666 0.13671875 0.09895833333333333
0 0.8603515625 0.8977864583333334 0.201171875 0.20442708333333334
2 0.8291015625 0.9453125 0.080078125 0.03125
2 0.8623046875 0.96484375 0.138671875 0.0703125
4 0.5 0.4166666666666667 0.0390625 0.052083333333333336
0 0.5 0.4166666666666667 1 0.052083333333333336
7 0.3623046875 0.5286458333333334 0.15625 0.015625
0 0.4697265625 0.5286458333333334 0.052734375 0.015625
7 0.5009765625 0.5286458333333334 0.01171875 0.015625
0 0.52001953125 0.5286458333333334 0.0302734375 0.015625
7 0.5400390625 0.5286458333333334 0.01171875 0.015625
0 0.5625 0.5286458333333334 0.037109375 0.015625
0 0.66796875 0.5286458333333334 0.095703125 0.015625
0 0.15380859375 0.5963541666666666 0.0693359375 0.015625
0 0.26171875 0.5963541666666666 0.0703125 0.015625
0 0.36376953125 0.5963541666666666 0.0576171875 0.015625
0 0.455078125 0.5963541666666666 0.048828125 0.015625
0 0.54296875 0.5963541666666666 0.05078125 0.015625
0 0.66162109375 0.5963541666666666 0.1083984375 0.015625
0 0.8173828125 0.5963541666666666 0.126953125 0.015625
4 0.42236328125 0.6829427083333334 0.0400390625 0.053385416666666664
0 0.42236328125 0.6829427083333334 0.0400390625 0.053385416666666664
4 0.47412109375 0.6829427083333334 0.0400390625 0.053385416666666664
0 0.47412109375 0.6829427083333334 0.0400390625 0.053385416666666664
4 0.52587890625 0.6829427083333334 0.0400390625 0.053385416666666664
0 0.52587890625 0.6829427083333334 0.0400390625 0.053385416666666664
4 0.57763671875 0.6829427083333334 0.0400390625 0.053385416666666664
0 0.57763671875 0.6829427083333334 0.0400390625 0.053385416666666664
4 0.23583984375 0.8079427083333334 0.1689453125 0.05859375
7 0.36376953125 0.806640625 0.0107421875 0.01953125
7 0.5966796875 0.822265625 0.4765625 0.05078125
6 0.556640625 0.837890625 0.08203125 0.01953125
7 0.65478515625 0.837890625 0.1103515625 0.01953125
6 0.6025390625 0.853515625 0.48828125 0.05078125
7 0.45947265625 0.869140625 0.0908203125 0.01953125
6 0.58544921875 0.869140625 0.1572265625 0.01953125
0 0.7109375 0.8697916666666666 0.08984375 0.0234375
7 0.609375 0.900390625 0.501953125 0.08203125
6 0.57080078125 0.931640625 0.0634765625 0.01953125
7 0.65283203125 0.931640625 0.0966796875 0.01953125
7 0.3291015625 0.955078125 0.263671875 0.05859375
0 0.5830078125 0.9563802083333334 0.13671875 0.048177083333333336
0 0.7294921875 0.9563802083333334 0.13671875 0.048177083333333336