4 0.0615234375 0.08203125 0.0390625 0.078125
6 0.38720703125 0.07421875 0.5947265625 0.06770833333333333
7 0.13623046875 0.18229166666666666 0.0693359375 0.046875
0 0.12744140625 0.18229166666666666 0.0888671875 0.046875
7 0.23681640625 0.18229166666666666 0.0576171875 0.046875
0 0.22900390625 0.18229166666666666 0.0751953125 0.046875
7 0.36279296875 0.18229166666666666 0.1142578125 0.046875
0 0.353515625 0.18229166666666666 0.134765625 0.046875
2 0.24951171875 0.306640625 0.4111328125 0.048177083333333336
1 0.24951171875 0.37890625 0.4111328125 0.059895833333333336
7 0.251953125 0.4453125 0.0703125 0.0234375
0 0.24658203125 0.4453125 0.1357421875 0.0390625
2 0.73583984375 0.306640625 0.4111328125 0.048177083333333336
7 0.74755859375 0.3782552083333333 0.1513671875 0.032552083333333336
0 0.73583984375 0.3782552083333333 0.4111328125 0.05859375
7 0.61962890625 0.4459635416666667 0.0712890625 0.024739583333333332
0 0.61376953125 0.4459635416666667 0.1083984375 0.040364583333333336
7 0.7314453125 0.4459635416666667 0.052734375 0.024739583333333332
0 0.72265625 0.4459635416666667 0.095703125 0.040364583333333336
7 0.8505859375 0.4459635416666667 0.087890625 0.024739583333333332
0 0.84228515625 0.4459635416666667 0.1298828125 0.040364583333333336
7 0.5 0.6295572916666666 0.8515625 0.07682291666666667
7 0.12353515625 0.70703125 0.0986328125 0.026041666666666668
7 0.22509765625 0.70703125 0.0986328125 0.026041666666666668
6 0.779296875 0.70703125 0.060546875 0.026041666666666668
7 0.81396484375 0.70703125 0.0107421875 0.026041666666666668
6 0.865234375 0.70703125 0.09375 0.026041666666666668
2 0.5 0.8138020833333334 0.912109375 0.028645833333333332
7 0.51953125 0.8580729166666666 0.873046875 0.026041666666666668
7 0.51953125 0.9055989583333334 0.873046875 0.053385416666666664
7 0.51953125 0.9537760416666666 0.873046875 0.02734375
7 0.51953125 0.9876302083333334 0.873046875 0.024739583333333332