7 0.3896484375 0.024088541666666668 0.072265625 0.022135416666666668
6 0.47900390625 0.024088541666666668 0.1064453125 0.022135416666666668
7 0.6240234375 0.024088541666666668 0.138671875 0.022135416666666668
0 0.62451171875 0.025390625 0.1494140625 0.014322916666666666
7 0.7548828125 0.024088541666666668 0.1015625 0.022135416666666668
0 0.75537109375 0.025390625 0.1123046875 0.014322916666666666
7 0.830078125 0.024088541666666668 0.02734375 0.022135416666666668
0 0.83056640625 0.025390625 0.0380859375 0.014322916666666666
7 0.88720703125 0.024088541666666668 0.0654296875 0.022135416666666668
0 0.8876953125 0.025390625 0.076171875 0.014322916666666666
7 0.9580078125 0.024088541666666668 0.0546875 0.022135416666666668
0 0.9580078125 0.025390625 0.064453125 0.014322916666666666
4 0.9619140625 0.09635416666666667 0.017578125 0.005208333333333333
4 0.9619140625 0.10416666666666667 0.017578125 0.005208333333333333
4 0.9619140625 0.11197916666666667 0.017578125 0.005208333333333333
4 0.0634765625 0.10546875 0.087890625 0.1171875
0 0.01953125 0.10546875 0 0.1171875
4 0.5 0.3763020833333333 1 0.4244791666666667
4 0.1025390625 0.5670572916666666 0.10546875 0.04296875
7 0.552734375 0.556640625 0.89453125 0.024739583333333332
4 0.64453125 0.396484375 0.54296875 0.3841145833333333
7 0.2021484375 0.4635416666666667 0.10546875 0.049479166666666664
4 0.2021484375 0.4635416666666667 0.10546875 0.049479166666666664
7 0.55029296875 0.3502604166666667 0.2216796875 0.026041666666666668
7 0.5498046875 0.3763020833333333 0.154296875 0.026041666666666668
4 0.20458984375 0.2942708333333333 0.2177734375 0.059895833333333336
0 0.1103515625 0.6549479166666666 0.15234375 0.0546875
0 0.23291015625 0.6549479166666666 0.0908203125 0.0546875
0 0.35205078125 0.6549479166666666 0.1455078125 0.0546875
0 0.5068359375 0.6549479166666666 0.162109375 0.0546875
0 0.6513671875 0.6549479166666666 0.125 0.0546875
0 0.78076171875 0.6549479166666666 0.1318359375 0.0546875
2 0.3876953125 0.7330729166666666 0.646484375 0.033854166666666664
7 0.09765625 0.7727864583333334 0.06640625 0.024739583333333332
7 0.205078125 0.7727864583333334 0.1484375 0.024739583333333332
7 0.3701171875 0.7897135416666666 0.611328125 0.05859375
4 0.83740234375 0.77734375 0.1962890625 0.1484375
2 0.4638671875 0.939453125 0.25390625 0.029947916666666668
2 0.6103515625 0.939453125 0.041015625 0.029947916666666668
2 0.64794921875 0.943359375 0.0302734375 0.040364583333333336
2 0.46875 0.9934895833333334 0.25390625 0.013020833333333334
2 0.615234375 0.9934895833333334 0.041015625 0.013020833333333334
2 0.64794921875 0.9954427083333334 0.0205078125 0.009114583333333334