7 0.1435546875 0.06380208333333333 0.017578125 0.11458333333333333
3 0.5078125 0.06510416666666667 0.7109375 0.1171875
0 0.75 0.15755208333333334 0.078125 0.052083333333333336
0 0.849609375 0.15755208333333334 0.115234375 0.052083333333333336
0 0.9443359375 0.15755208333333334 0.068359375 0.052083333333333336
2 0.509765625 0.2734375 0.95703125 0.052083333333333336
7 0.54443359375 0.23111979166666666 0.0576171875 0.024739583333333332
7 0.63427734375 0.23111979166666666 0.0458984375 0.024739583333333332
0 0.63427734375 0.3313802083333333 0.0810546875 0.14713541666666666
0 0.63427734375 0.4375 0.0810546875 0.06510416666666667
0 0.63427734375 0.5026041666666666 0.0810546875 0.06510416666666667
0 0.63427734375 0.5677083333333334 0.0810546875 0.06510416666666667
0 0.63427734375 0.6328125 0.0810546875 0.06510416666666667
0 0.63427734375 0.6979166666666666 0.0810546875 0.06510416666666667
0 0.63427734375 0.7903645833333334 0.0810546875 0.11979166666666667
0 0.63427734375 0.8828125 0.0810546875 0.06510416666666667
0 0.63427734375 0.9479166666666666 0.0810546875 0.06510416666666667
0 0.63427734375 0.990234375 0.0810546875 0.01953125
7 0.7236328125 0.23372395833333334 0.091796875 0.055989583333333336
1 0.873046875 0.23307291666666666 0.146484375 0.036458333333333336
0 0.88427734375 0.2786458333333333 0.1884765625 0.041666666666666664
4 0.5 0.5625 0.9375 0.4739583333333333
0 0.5 0.5611979166666666 0.9375 0.0234375
7 0.265625 0.6888020833333334 0.4296875 0.026041666666666668
2 0.15576171875 0.7135416666666666 0.2099609375 0.03125
7 0.265625 0.76171875 0.4296875 0.026041666666666668
2 0.501953125 0.8567708333333334 0.912109375 0.046875
2 0.501953125 0.896484375 0.912109375 0.024739583333333332
0 0.88330078125 0.875 0.1318359375 0.052083333333333336
7 0.44482421875 0.9713541666666666 0.0595703125 0.020833333333333332
7 0.16943359375 0.9733072916666666 0.0986328125 0.01953125
2 0.2265625 0.9973958333333334 0.212890625 0.005208333333333333
4 0.0712890625 0.9837239583333334 0.068359375 0.032552083333333336
0 0.076171875 0.9837239583333334 0.078125 0.032552083333333336
7 0.92333984375 0.9713541666666666 0.0595703125 0.020833333333333332
7 0.77587890625 0.9733072916666666 0.3544921875 0.024739583333333332
2 0.7734375 0.9973958333333334 0.349609375 0.005208333333333333
4 0.5498046875 0.9837239583333334 0.068359375 0.032552083333333336
0 0.5546875 0.9837239583333334 0.078125 0.032552083333333336