4 0.06494140625 0.0390625 0.0712890625 0.0234375
4 0.154296875 0.0390625 0.0703125 0.044270833333333336
7 0.52880859375 0.0390625 0.3271484375 0.020833333333333332
7 0.72216796875 0.0390625 0.0634765625 0.020833333333333332
0 0.86181640625 0.0390625 0.1572265625 0.026041666666666668
0 0.86181640625 0.0390625 0.1689453125 0.0546875
7 0.5 0.4713541666666667 1 0.7604166666666666
0 0.5 0.4713541666666667 1 0.7604166666666666
7 0.5 0.6412760416666666 0.2265625 0.040364583333333336
2 0.5 0.7337239583333334 0.8828125 0.10546875
4 0.1259765625 0.8834635416666666 0.1171875 0.037760416666666664
0 0.1259765625 0.8834635416666666 0.1171875 0.037760416666666664
0 0.8544921875 0.8860677083333334 0.099609375 0.040364583333333336
7 0.93798828125 0.88671875 0.0458984375 0.018229166666666668
0 0.93798828125 0.88671875 0.0458984375 0.018229166666666668
3 0.5 0.9700520833333334 0.7109375 0.059895833333333336