2 0.08984375 0.01953125 0.126953125 0.026041666666666668
0 0.08984375 0.032552083333333336 0.126953125 0.052083333333333336
2 0.08984375 0.045572916666666664 0.126953125 0.026041666666666668
7 0.21435546875 0.030598958333333332 0.0322265625 0.02734375
6 0.3544921875 0.030598958333333332 0.03125 0.014322916666666666
7 0.869140625 0.03125 0.205078125 0.033854166666666664
4 0.69677734375 0.031901041666666664 0.0185546875 0.024739583333333332
0 0.69677734375 0.030598958333333332 0.0185546875 0.02734375
4 0.720703125 0.031901041666666664 0.009765625 0.024739583333333332
0 0.720703125 0.030598958333333332 0.009765625 0.02734375
7 0.392578125 0.2584635416666667 0.18359375 0.053385416666666664
7 0.62255859375 0.2578125 0.2119140625 0.026041666666666668
3 0.5 0.4765625 0.947265625 0.1171875
7 0.18994140625 0.6197916666666666 0.3251953125 0.026041666666666668
7 0.189453125 0.65625 0.130859375 0.026041666666666668
7 0.18994140625 0.6888020833333334 0.3251953125 0.026041666666666668
3 0.14697265625 0.734375 0.0595703125 0.026041666666666668
3 0.220703125 0.734375 0.083984375 0.026041666666666668
3 0.197265625 0.9029947916666666 0.29296875 0.19401041666666666
7 0.74169921875 0.59375 0.4638671875 0.026041666666666668
7 0.74169921875 0.6197916666666666 0.4638671875 0.026041666666666668
4 0.4697265625 0.6927083333333334 0.046875 0.0625
0 0.509765625 0.6614583333333334 0 0
7 0.5205078125 0.6809895833333334 0.021484375 0.020833333333333332
6 0.5703125 0.6809895833333334 0.078125 0.020833333333333332
7 0.68115234375 0.6809895833333334 0.1474609375 0.020833333333333332
6 0.78515625 0.6809895833333334 0.060546875 0.020833333333333332
7 0.73779296875 0.6940104166666666 0.4560546875 0.046875
7 0.54638671875 0.734375 0.0732421875 0.018229166666666668
7 0.60595703125 0.734375 0.0458984375 0.018229166666666668
4 0.4697265625 0.80078125 0.046875 0.0625
0 0.509765625 0.76953125 0 0
7 0.5205078125 0.7890625 0.021484375 0.020833333333333332
6 0.57080078125 0.7890625 0.0791015625 0.020833333333333332
7 0.68310546875 0.7890625 0.1474609375 0.020833333333333332
6 0.79541015625 0.7890625 0.0810546875 0.020833333333333332
7 0.8671875 0.7890625 0.0625 0.020833333333333332
6 0.55517578125 0.8151041666666666 0.0908203125 0.020833333333333332
7 0.607421875 0.8151041666666666 0.015625 0.020833333333333332
6 0.68212890625 0.8151041666666666 0.1337890625 0.020833333333333332
6 0.82763671875 0.8151041666666666 0.1533203125 0.020833333333333332
7 0.5498046875 0.8424479166666666 0.080078125 0.018229166666666668
7 0.63232421875 0.8424479166666666 0.0849609375 0.018229166666666668
4 0.4697265625 0.9088541666666666 0.046875 0.0625
0 0.509765625 0.8776041666666666 0 0
7 0.5205078125 0.8971354166666666 0.021484375 0.020833333333333332
6 0.57080078125 0.8971354166666666 0.0791015625 0.020833333333333332
7 0.68310546875 0.8971354166666666 0.1474609375 0.020833333333333332
6 0.79541015625 0.8971354166666666 0.0810546875 0.020833333333333332
7 0.8671875 0.8971354166666666 0.0625 0.020833333333333332
6 0.55517578125 0.9231770833333334 0.0908203125 0.020833333333333332
7 0.607421875 0.9231770833333334 0.015625 0.020833333333333332
6 0.68212890625 0.9231770833333334 0.1337890625 0.020833333333333332
6 0.82763671875 0.9231770833333334 0.1533203125 0.020833333333333332
7 0.5498046875 0.9505208333333334 0.080078125 0.018229166666666668
7 0.67578125 0.9505208333333334 0.171875 0.018229166666666668
4 0.4697265625 0.9928385416666666 0.046875 0.014322916666666666
0 0.509765625 0.9856770833333334 0 0
7 0.57958984375 0.9973958333333334 0.1396484375 0.005208333333333333
6 0.67822265625 0.9973958333333334 0.0595703125 0.005208333333333333
7 0.73291015625 0.9973958333333334 0.4462890625 0.005208333333333333