7 0.203125 0.958984375 0.376953125 0.024739583333333332
0 0.43017578125 0.958984375 0.0791015625 0.024739583333333332
0 0.9501953125 0.958984375 0.0703125 0.04296875
7 0.06982421875 0.039713541666666664 0.0751953125 0.024739583333333332
0 0.06103515625 0.040364583333333336 0.0927734375 0.036458333333333336
7 0.15380859375 0.039713541666666664 0.0283203125 0.024739583333333332
0 0.14501953125 0.040364583333333336 0.0458984375 0.036458333333333336
7 0.21923828125 0.039713541666666664 0.0380859375 0.024739583333333332
0 0.21044921875 0.040364583333333336 0.0556640625 0.036458333333333336
7 0.28857421875 0.039713541666666664 0.0361328125 0.024739583333333332
0 0.27978515625 0.040364583333333336 0.0537109375 0.036458333333333336
7 0.3544921875 0.039713541666666664 0.03125 0.024739583333333332
0 0.345703125 0.040364583333333336 0.048828125 0.036458333333333336
7 0.41796875 0.039713541666666664 0.03125 0.024739583333333332
0 0.4091796875 0.040364583333333336 0.048828125 0.036458333333333336
7 0.9658203125 0.039713541666666664 0.0390625 0.024739583333333332
0 0.95703125 0.040364583333333336 0.056640625 0.036458333333333336
7 0.88623046875 0.039713541666666664 0.0556640625 0.024739583333333332
0 0.87744140625 0.040364583333333336 0.0732421875 0.036458333333333336
4 0.29296875 0.326171875 0.48828125 0.22786458333333334
0 0.29296875 0.326171875 0.48828125 0.22786458333333334
7 0.11279296875 0.5618489583333334 0.0830078125 0.024739583333333332
0 0.10400390625 0.5625 0.1005859375 0.036458333333333336
7 0.48681640625 0.6627604166666666 0.8466796875 0.0546875
7 0.4111328125 0.7076822916666666 0.6953125 0.024739583333333332
2 0.19189453125 0.7604166666666666 0.2763671875 0.0234375
6 0.130859375 0.83984375 0.125 0.020833333333333332
6 0.26025390625 0.90234375 0.2314453125 0.026041666666666668
7 0.291015625 0.92578125 0.29296875 0.020833333333333332
7 0.48876953125 0.90625 0.0185546875 0.0234375
7 0.03515625 0.90625 0.0703125 0.044270833333333336
7 0.58203125 0.90625 0.044921875 0.0234375
7 0.03515625 0.90625 0.0703125 0.044270833333333336
7 0.03515625 0.89453125 0.0703125 0.020833333333333332
0 0.7353515625 0.89453125 0.205078125 0.020833333333333332
7 0.64208984375 0.9153645833333334 0.0185546875 0.020833333333333332
0 0.685546875 0.9153645833333334 0.0703125 0.020833333333333332
0 0.7294921875 0.9153645833333334 0.013671875 0.020833333333333332
7 0.69140625 0.9361979166666666 0.1171875 0.020833333333333332
6 0.22802734375 0.9993489583333334 0.1669921875 0.0013020833333333333
7 0.03515625 0.9967447916666666 0.0703125 0.006510416666666667
7 0.03515625 0.9967447916666666 0.0703125 0.006510416666666667
7 0.03515625 0.9967447916666666 0.0703125 0.006510416666666667
0 0.73291015625 0.9967447916666666 0.2001953125 0.006510416666666667