6 0.599609375 0.027994791666666668 0.115234375 0.024739583333333332
7 0.12744140625 0.07552083333333333 0.1552734375 0.06770833333333333
0 0.12744140625 0.07552083333333333 0.1552734375 0.06770833333333333
0 0.3759765625 0.087890625 0.05859375 0.03515625
0 0.498046875 0.087890625 0.138671875 0.03515625
0 0.6171875 0.087890625 0.052734375 0.03515625
0 0.91748046875 0.030598958333333332 0.0654296875 0.03515625
0 0.84130859375 0.030598958333333332 0.0693359375 0.03515625
0 0.83740234375 0.09309895833333333 0.2255859375 0.048177083333333336
1 0.83740234375 0.16536458333333334 0.2255859375 0.036458333333333336
4 0.93505859375 0.16536458333333334 0.0205078125 0.026041666666666668
0 0.09521484375 0.16731770833333334 0.0732421875 0.02734375
0 0.19677734375 0.16731770833333334 0.0908203125 0.02734375
0 0.30126953125 0.16731770833333334 0.0791015625 0.02734375
0 0.38623046875 0.16731770833333334 0.0517578125 0.02734375
0 0.46826171875 0.16731770833333334 0.0732421875 0.02734375
4 0.5 0.19986979166666666 1 0.00390625
2 0.24755859375 0.3997395833333333 0.4111328125 0.4296875
7 0.74658203125 0.3587239583333333 0.4130859375 0.13671875
0 0.71337890625 0.4986979166666667 0.3466796875 0.057291666666666664
7 0.22119140625 0.6497395833333334 0.3427734375 0.057291666666666664
7 0.03076171875 0.7584635416666666 0.0615234375 0.13671875
7 0.03076171875 0.9205729166666666 0.0615234375 0.15885416666666666
4 0.12109375 0.765625 0.11328125 0.15104166666666666
7 0.283203125 0.7174479166666666 0.181640625 0.0546875
7 0.283203125 0.8795572916666666 0.181640625 0.24088541666666666
4 0.43359375 0.765625 0.11328125 0.15104166666666666
7 0.595703125 0.7174479166666666 0.181640625 0.0546875
7 0.595703125 0.8795572916666666 0.181640625 0.24088541666666666
4 0.74609375 0.765625 0.11328125 0.15104166666666666
7 0.908203125 0.7584635416666666 0.181640625 0.13671875
7 0.908203125 0.9205729166666666 0.181640625 0.15885416666666666
7 0.53564453125 0.6497395833333334 0.2529296875 0.057291666666666664
7 0.53564453125 0.7135416666666666 0.2236328125 0.0546875
4 0.46435546875 0.798828125 0.0810546875 0.10807291666666667
7 0.58154296875 0.8795572916666666 0.1298828125 0.24088541666666666
7 0.80615234375 0.6497395833333334 0.2529296875 0.057291666666666664
3 0.80615234375 0.8430989583333334 0.2236328125 0.3138020833333333
4 0.974609375 0.061197916666666664 0.021484375 0.028645833333333332
7 0.3037109375 0.061197916666666664 0.509765625 0.07552083333333333
6 0.45703125 0.08854166666666667 0.087890625 0.020833333333333332
6 0.86767578125 0.061848958333333336 0.1123046875 0.01953125
0 0.70654296875 0.064453125 0.0966796875 0.022135416666666668