0 0.08349609375 0.031901041666666664 0.1650390625 0.055989583333333336
0 0.25 0.031901041666666664 0.166015625 0.055989583333333336
0 0.41650390625 0.031901041666666664 0.1650390625 0.055989583333333336
0 0.5830078125 0.031901041666666664 0.166015625 0.055989583333333336
0 0.75 0.031901041666666664 0.166015625 0.055989583333333336
0 0.91650390625 0.031901041666666664 0.1650390625 0.055989583333333336
2 0.1572265625 0.13997395833333334 0.283203125 0.10807291666666667
0 0.1572265625 0.13997395833333334 0.283203125 0.10807291666666667
0 0.5146484375 0.14322916666666666 0.07421875 0.041666666666666664
1 0.72021484375 0.14127604166666666 0.2197265625 0.05078125
0 0.86328125 0.138671875 0.046875 0.053385416666666664
0 0.93896484375 0.14388020833333334 0.0888671875 0.061197916666666664
0 0.11669921875 0.24674479166666666 0.0908203125 0.06901041666666667
0 0.2275390625 0.24674479166666666 0.130859375 0.06901041666666667
0 0.3740234375 0.24674479166666666 0.162109375 0.06901041666666667
0 0.521484375 0.24674479166666666 0.1328125 0.06901041666666667
0 0.66943359375 0.24674479166666666 0.1630859375 0.06901041666666667
0 0.7939453125 0.24674479166666666 0.0859375 0.06901041666666667
0 0.884765625 0.24674479166666666 0.095703125 0.06901041666666667
7 0.45263671875 0.3404947916666667 0.0146484375 0.029947916666666668
0 0.4521484375 0.3385416666666667 0.044921875 0.059895833333333336
7 0.2236328125 0.3248697916666667 0.337890625 0.024739583333333332
7 0.22314453125 0.4654947916666667 0.3369140625 0.24348958333333334
7 0.265625 0.5904947916666666 0.421875 0.055989583333333336
2 0.72265625 0.3229166666666667 0.3828125 0.028645833333333332
7 0.720703125 0.400390625 0.37890625 0.09244791666666667
0 0.6689453125 0.46875 0.275390625 0.026041666666666668
0 0.64453125 0.5983072916666666 0.033203125 0.040364583333333336
0 0.685546875 0.5983072916666666 0.033203125 0.040364583333333336
0 0.7265625 0.5983072916666666 0.033203125 0.040364583333333336
0 0.767578125 0.5983072916666666 0.033203125 0.040364583333333336
0 0.80859375 0.5983072916666666 0.033203125 0.040364583333333336
7 0.5 0.6966145833333334 0.595703125 0.036458333333333336
7 0.4296875 0.7421875 0.38671875 0.036458333333333336
6 0.6923828125 0.7421875 0.140625 0.036458333333333336
2 0.11962890625 0.89453125 0.1005859375 0.0390625
7 0.13525390625 0.958984375 0.1845703125 0.08203125
2 0.35546875 0.89453125 0.0859375 0.0390625
7 0.37841796875 0.958984375 0.1845703125 0.08203125
2 0.5771484375 0.89453125 0.04296875 0.0390625
7 0.62158203125 0.958984375 0.1845703125 0.08203125
2 0.818359375 0.89453125 0.0390625 0.0390625
7 0.8583984375 0.9609375 0.171875 0.078125