4 0.5 0.5 1 1
7 0.5 0.18684895833333334 0.21875 0.10807291666666667
2 0.5 0.267578125 0.634765625 0.03515625
7 0.36083984375 0.3919270833333333 0.1494140625 0.0234375
0 0.345703125 0.3938802083333333 0.263671875 0.053385416666666664
7 0.36181640625 0.46484375 0.1689453125 0.0234375
0 0.345703125 0.466796875 0.263671875 0.053385416666666664
6 0.2685546875 0.5247395833333334 0.109375 0.020833333333333332
7 0.326171875 0.5247395833333334 0.0078125 0.020833333333333332
7 0.32763671875 0.5481770833333334 0.2275390625 0.06770833333333333
6 0.30810546875 0.5716145833333334 0.0947265625 0.020833333333333332
7 0.3701171875 0.5716145833333334 0.029296875 0.020833333333333332
6 0.42333984375 0.5716145833333334 0.0791015625 0.020833333333333332
7 0.46435546875 0.5716145833333334 0.0048828125 0.020833333333333332
7 0.65869140625 0.3795572916666667 0.2548828125 0.024739583333333332
1 0.65869140625 0.4225260416666667 0.2548828125 0.04296875
1 0.65869140625 0.4954427083333333 0.2548828125 0.04296875
6 0.5830078125 0.5377604166666666 0.103515625 0.020833333333333332
1 0.76025390625 0.5462239583333334 0.0517578125 0.040364583333333336
7 0.31201171875 0.6510416666666666 0.0322265625 0.020833333333333332
6 0.3466796875 0.6510416666666666 0.037109375 0.020833333333333332
7 0.36865234375 0.6510416666666666 0.0087890625 0.020833333333333332
6 0.39306640625 0.6510416666666666 0.0439453125 0.020833333333333332
7 0.41796875 0.6510416666666666 0.0078125 0.020833333333333332
6 0.4384765625 0.6510416666666666 0.03515625 0.020833333333333332
7 0.46044921875 0.6510416666666666 0.0087890625 0.020833333333333332
6 0.4853515625 0.6510416666666666 0.044921875 0.020833333333333332
7 0.51171875 0.6510416666666666 0.0078125 0.020833333333333332
6 0.54052734375 0.6510416666666666 0.0517578125 0.020833333333333332
7 0.56982421875 0.6510416666666666 0.0087890625 0.020833333333333332
6 0.60302734375 0.6510416666666666 0.0615234375 0.020833333333333332
7 0.650390625 0.6510416666666666 0.033203125 0.020833333333333332
6 0.68408203125 0.6510416666666666 0.0380859375 0.020833333333333332
6 0.25927734375 0.70703125 0.0341796875 0.020833333333333332
6 0.32275390625 0.70703125 0.0634765625 0.020833333333333332
6 0.39306640625 0.70703125 0.0458984375 0.020833333333333332
6 0.4638671875 0.70703125 0.06640625 0.020833333333333332
6 0.5322265625 0.70703125 0.04296875 0.020833333333333332
6 0.5859375 0.70703125 0.03515625 0.020833333333333332
6 0.64990234375 0.70703125 0.0634765625 0.020833333333333332
6 0.7197265625 0.70703125 0.044921875 0.020833333333333332
7 0.5 0.7311197916666666 0.10546875 0.024739583333333332