4 0.79296875 0.099609375 0.29296875 0.13411458333333334
4 0.46875 0.4765625 0.9375 0.6927083333333334
5 0.71630859375 0.23697916666666666 0.0927734375 0.026041666666666668
1 0.84423828125 0.23828125 0.1630859375 0.028645833333333332
5 0.71630859375 0.2942708333333333 0.0927734375 0.026041666666666668
1 0.84423828125 0.2955729166666667 0.1630859375 0.028645833333333332
6 0.69189453125 0.3424479166666667 0.0341796875 0.015625
0 0.9052734375 0.3424479166666667 0.05859375 0.0390625
1 0.76513671875 0.3391927083333333 0.0126953125 0.016927083333333332
5 0.81640625 0.3411458333333333 0.083984375 0.020833333333333332
4 0.71484375 0.4290364583333333 0.09375 0.05078125
6 0.71435546875 0.46484375 0.0595703125 0.020833333333333332
7 0.85693359375 0.4244791666666667 0.1494140625 0.041666666666666664
4 0.5 0.9166666666666666 1 0.16666666666666666