7 0.806640625 0.02734375 0.091796875 0.033854166666666664
7 0.89013671875 0.02734375 0.0439453125 0.033854166666666664
7 0.9560546875 0.02734375 0.056640625 0.033854166666666664
1 0.517578125 0.11197916666666667 0.58203125 0.07291666666666667
4 0.828125 0.11197916666666667 0.0234375 0.03125
4 0.119140625 0.11197916666666667 0.17578125 0.049479166666666664
0 0.119140625 0.11197916666666667 0.17578125 0.049479166666666664
4 0.89453125 0.11197916666666667 0.0234375 0.03125
4 0.9453125 0.11197916666666667 0.0234375 0.03125
0 0.0654296875 0.203125 0.068359375 0.06770833333333333
0 0.146484375 0.203125 0.0625 0.06770833333333333
0 0.244140625 0.203125 0.1015625 0.06770833333333333
0 0.3408203125 0.203125 0.060546875 0.06770833333333333
0 0.44384765625 0.203125 0.1142578125 0.06770833333333333
0 0.56884765625 0.203125 0.1044921875 0.06770833333333333
0 0.68212890625 0.203125 0.0908203125 0.06770833333333333
0 0.78369140625 0.203125 0.0810546875 0.06770833333333333
0 0.857421875 0.203125 0.03515625 0.06770833333333333
0 0.9453125 0.203125 0.109375 0.06770833333333333
4 0.5 0.5546875 0.96875 0.5885416666666666
4 0.5 0.4817708333333333 0.90625 0.234375
7 0.5 0.6614583333333334 0.46875 0.08333333333333333
7 0.4697265625 0.7291666666666666 0.083984375 0.0234375
7 0.53759765625 0.7291666666666666 0.0537109375 0.0234375
2 0.14013671875 0.9108072916666666 0.2490234375 0.037760416666666664
4 0.1669921875 0.9817708333333334 0.302734375 0.036458333333333336
0 0.1669921875 0.9817708333333334 0.302734375 0.036458333333333336
4 0.5 0.9817708333333334 0.302734375 0.036458333333333336
0 0.5 0.9817708333333334 0.302734375 0.036458333333333336
4 0.8330078125 0.9817708333333334 0.302734375 0.036458333333333336
0 0.8330078125 0.9817708333333334 0.302734375 0.036458333333333336