4 0.4853515625 0.16927083333333334 0.8828125 0.10416666666666667
0 0.162109375 0.15234375 0.244140625 0.13020833333333334
2 0.3076171875 0.14973958333333334 0.0703125 0.06510416666666667
0 0.31884765625 0.2109375 0.0478515625 0.020833333333333332
7 0.49365234375 0.20833333333333334 0.8662109375 0.026041666666666668
2 0.35986328125 0.451171875 0.6025390625 0.08203125
7 0.15478515625 0.5130208333333334 0.1923828125 0.026041666666666668
7 0.3564453125 0.5703125 0.595703125 0.046875
7 0.34423828125 0.6484375 0.5712890625 0.049479166666666664
6 0.55078125 0.6614583333333334 0.212890625 0.0234375
7 0.35986328125 0.6744791666666666 0.6025390625 0.049479166666666664
6 0.2373046875 0.6875 0.10546875 0.0234375
7 0.3603515625 0.7135416666666666 0.603515625 0.07552083333333333
7 0.3603515625 0.8899739583333334 0.603515625 0.22005208333333334
1 0.8203125 0.4518229166666667 0.208984375 0.044270833333333336
4 0.7275390625 0.5319010416666666 0.0234375 0.032552083333333336
2 0.77392578125 0.5299479166666666 0.0400390625 0.03125
7 0.9130859375 0.5299479166666666 0.0234375 0.03125
7 0.7265625 0.6022135416666666 0.0234375 0.032552083333333336
2 0.7763671875 0.6009114583333334 0.044921875 0.032552083333333336
7 0.9130859375 0.6009114583333334 0.0234375 0.032552083333333336
4 0.7275390625 0.6712239583333334 0.0234375 0.032552083333333336
0 0.74951171875 0.666015625 0.0673828125 0.032552083333333336
2 0.7685546875 0.6712239583333334 0.029296875 0.032552083333333336
7 0.82080078125 0.755859375 0.1103515625 0.016927083333333332
0 0.8203125 0.755859375 0.123046875 0.029947916666666668
7 0.7958984375 0.822265625 0.142578125 0.022135416666666668
6 0.85546875 0.8346354166666666 0.12109375 0.046875
7 0.84375 0.8470052083333334 0.00390625 0.022135416666666668