0 0.892578125 0.015625 0.0234375 0.03125
0 0.91796875 0.015625 0.0234375 0.03125
0 0.943359375 0.015625 0.0234375 0.03125
0 0.96875 0.015625 0.0234375 0.03125
6 0.779296875 0.015625 0.06640625 0.018229166666666668
6 0.84765625 0.015625 0.025390625 0.018229166666666668
7 0.67431640625 0.015625 0.0478515625 0.03125
0 0.68896484375 0.014322916666666666 0.0771484375 0.015625
4 0.7177734375 0.015625 0.01953125 0.020833333333333332
6 0.04345703125 0.015625 0.0478515625 0.018229166666666668
6 0.09375 0.015625 0.0234375 0.018229166666666668
6 0.1318359375 0.015625 0.0234375 0.018229166666666668
6 0.1669921875 0.015625 0.017578125 0.018229166666666668
6 0.19775390625 0.015625 0.0166015625 0.018229166666666668
6 0.32177734375 0.015625 0.0419921875 0.018229166666666668
6 0.369140625 0.015625 0.025390625 0.018229166666666668
6 0.41796875 0.015625 0.046875 0.018229166666666668
7 0.05859375 0.08463541666666667 0.078125 0.10416666666666667
0 0.1875 0.09309895833333333 0.3359375 0.014322916666666666
7 0.2265625 0.08463541666666667 0.2578125 0.041666666666666664
0 0.4140625 0.083984375 0.064453125 0.045572916666666664
4 0.48486328125 0.08528645833333333 0.0244140625 0.032552083333333336
0 0.5595703125 0.08528645833333333 0.173828125 0.032552083333333336
7 0.57373046875 0.08528645833333333 0.1455078125 0.032552083333333336
1 0.8701171875 0.07421875 0.16015625 0.0234375
1 0.96337890625 0.07421875 0.0302734375 0.0390625
7 0.88232421875 0.1015625 0.1962890625 0.018229166666666668
0 0.060546875 0.15950520833333334 0.08203125 0.04296875
0 0.13916015625 0.15950520833333334 0.0771484375 0.04296875
0 0.2109375 0.15950520833333334 0.068359375 0.04296875
0 0.28466796875 0.15950520833333334 0.0810546875 0.04296875
0 0.369140625 0.15950520833333334 0.08984375 0.04296875
0 0.46533203125 0.15950520833333334 0.1044921875 0.04296875
0 0.5595703125 0.15950520833333334 0.0859375 0.04296875
0 0.64599609375 0.15950520833333334 0.0888671875 0.04296875
0 0.734375 0.15950520833333334 0.08984375 0.04296875
0 0.82763671875 0.15950520833333334 0.0986328125 0.04296875
0 0.9287109375 0.15950520833333334 0.10546875 0.04296875
6 0.5546875 0.23958333333333334 0.3046875 0.08072916666666667
4 0.2080078125 0.3404947916666667 0.376953125 0.2825520833333333
0 0.01953125 0.19921875 0 0
6 0.5693359375 0.3463541666666667 0.333984375 0.08072916666666667
4 0.2080078125 0.3404947916666667 0.376953125 0.2825520833333333
0 0.01953125 0.19921875 0 0
6 0.55908203125 0.453125 0.3134765625 0.08072916666666667
4 0.2080078125 0.3404947916666667 0.376953125 0.2825520833333333
0 0.01953125 0.19921875 0 0
6 0.56591796875 0.5735677083333334 0.3271484375 0.10807291666666667
7 0.4853515625 0.6139322916666666 0.04296875 0.022135416666666668
4 0.2080078125 0.3404947916666667 0.376953125 0.2825520833333333
0 0.01953125 0.19921875 0 0
6 0.56884765625 0.6803385416666666 0.3330078125 0.053385416666666664
7 0.6962890625 0.693359375 0.04296875 0.022135416666666668
4 0.2080078125 0.3404947916666667 0.376953125 0.2825520833333333
0 0.01953125 0.19921875 0 0
2 0.79443359375 0.228515625 0.0439453125 0.01953125
4 0.8662109375 0.322265625 0.20703125 0.15494791666666666
0 0.8662109375 0.322265625 0.20703125 0.15494791666666666
6 0.86279296875 0.4759114583333333 0.2001953125 0.11588541666666667
6 0.0576171875 0.7578125 0.0625 0.020833333333333332
6 0.36474609375 0.7571614583333334 0.5126953125 0.022135416666666668
6 0.365234375 0.7884114583333334 0.513671875 0.022135416666666668
6 0.3544921875 0.8196614583333334 0.4921875 0.022135416666666668
6 0.35791015625 0.8665364583333334 0.4990234375 0.053385416666666664
6 0.38330078125 0.8977864583333334 0.5498046875 0.053385416666666664
6 0.375 0.9134114583333334 0.533203125 0.022135416666666668
6 0.36865234375 0.9602864583333334 0.5205078125 0.053385416666666664
0 0.810546875 0.7578125 0.111328125 0.036458333333333336
0 0.8095703125 0.7578125 0.109375 0.036458333333333336
0 0.92431640625 0.7578125 0.1103515625 0.036458333333333336
0 0.92333984375 0.7578125 0.1083984375 0.036458333333333336
4 0.17333984375 0.9108072916666666 0.3076171875 0.17838541666666666
0 0.01953125 0.8216145833333334 0 0
4 0.5 0.9108072916666666 0.30859375 0.17838541666666666
0 0.34619140625 0.8216145833333334 0.0009765625 0
4 0.82666015625 0.9108072916666666 0.3076171875 0.17838541666666666
0 0.67333984375 0.8216145833333334 0.0009765625 0
7 0.29638671875 0.9537760416666666 0.2900390625 0.02734375
6 0.49365234375 0.9537760416666666 0.1083984375 0.02734375
7 0.61328125 0.9537760416666666 0.1328125 0.02734375
0 0.7734375 0.9544270833333334 0.150390625 0.052083333333333336