4 0.0263671875 0.024088541666666668 0.029296875 0.040364583333333336
7 0.1865234375 0.022135416666666668 0.28125 0.020833333333333332
4 0.1337890625 0.12825520833333334 0.244140625 0.11067708333333333
1 0.78564453125 0.1484375 0.2607421875 0.049479166666666664
0 0.9443359375 0.1484375 0.078125 0.049479166666666664
0 0.7998046875 0.1015625 0.056640625 0.03125
0 0.8642578125 0.1015625 0.07421875 0.03125
0 0.9443359375 0.1015625 0.087890625 0.03125
7 0.07470703125 0.244140625 0.1025390625 0.022135416666666668
0 0.07470703125 0.244140625 0.1259765625 0.053385416666666664
7 0.21875 0.244140625 0.140625 0.022135416666666668
0 0.21875 0.244140625 0.1640625 0.053385416666666664
7 0.36767578125 0.244140625 0.1123046875 0.022135416666666668
0 0.3681640625 0.244140625 0.13671875 0.053385416666666664
7 0.47021484375 0.244140625 0.0458984375 0.022135416666666668
0 0.4697265625 0.244140625 0.068359375 0.053385416666666664
7 0.53076171875 0.244140625 0.0322265625 0.022135416666666668
0 0.53076171875 0.244140625 0.0556640625 0.053385416666666664
7 0.6015625 0.244140625 0.064453125 0.022135416666666668
0 0.60205078125 0.244140625 0.0888671875 0.053385416666666664
7 0.69384765625 0.244140625 0.0732421875 0.022135416666666668
0 0.69384765625 0.244140625 0.0966796875 0.053385416666666664
7 0.78564453125 0.244140625 0.0654296875 0.022135416666666668
0 0.78515625 0.244140625 0.087890625 0.053385416666666664
0 0.8818359375 0.244140625 0.107421875 0.053385416666666664
2 0.5 0.3190104166666667 0.91796875 0.046875
4 0.1240234375 0.4986979166666667 0.126953125 0.16927083333333334
2 0.251953125 0.4583333333333333 0.109375 0.0859375
4 0.42138671875 0.4986979166666667 0.1279296875 0.16927083333333334
2 0.564453125 0.4583333333333333 0.140625 0.0859375
4 0.71826171875 0.4986979166666667 0.1279296875 0.16927083333333334
2 0.861328125 0.5032552083333334 0.140625 0.17578125
4 0.1240234375 0.7115885416666666 0.126953125 0.17057291666666666
2 0.267578125 0.701171875 0.140625 0.14713541666666666
4 0.42138671875 0.7109375 0.1279296875 0.16927083333333334
2 0.5556640625 0.6712239583333334 0.123046875 0.08723958333333333
4 0.71826171875 0.7115885416666666 0.1279296875 0.17057291666666666
2 0.8466796875 0.701171875 0.111328125 0.14713541666666666
4 0.1240234375 0.904296875 0.126953125 0.17057291666666666
2 0.26708984375 0.87890625 0.1396484375 0.1171875
2 0.30908203125 0.9225260416666666 0.0107421875 0.01953125
4 0.42138671875 0.904296875 0.1279296875 0.17057291666666666
2 0.56396484375 0.8639322916666666 0.1396484375 0.08723958333333333
4 0.71826171875 0.904296875 0.1279296875 0.17057291666666666
2 0.8583984375 0.8639322916666666 0.134765625 0.08723958333333333