4 0.1201171875 0.041666666666666664 0.064453125 0.041666666666666664
0 0.1201171875 0.041666666666666664 0.064453125 0.041666666666666664
0 0.75390625 0.041666666666666664 0.048828125 0.08333333333333333
0 0.802734375 0.041666666666666664 0.048828125 0.08333333333333333
0 0.8515625 0.041666666666666664 0.048828125 0.08333333333333333
4 0.900390625 0.041666666666666664 0.0234375 0.03125
0 0.900390625 0.041666666666666664 0.048828125 0.08333333333333333
7 0.50732421875 0.8684895833333334 0.9853515625 0.041666666666666664
0 0.77685546875 0.94140625 0.1318359375 0.0390625
0 0.92041015625 0.94140625 0.1396484375 0.0390625
6 0.05126953125 0.986328125 0.0732421875 0.01953125
7 0.12646484375 0.986328125 0.0791015625 0.01953125
4 0.21435546875 0.9869791666666666 0.0986328125 0.026041666666666668
7 0.94091796875 0.5201822916666666 0.0693359375 0.022135416666666668
2 0.3271484375 0.3203125 0.435546875 0.08333333333333333
7 0.3271484375 0.4837239583333333 0.435546875 0.17317708333333334
7 0.22216796875 0.6321614583333334 0.1943359375 0.01953125
0 0.22216796875 0.6321614583333334 0.2255859375 0.053385416666666664
4 0.14697265625 0.6321614583333334 0.0751953125 0.053385416666666664
4 0.22216796875 0.6321614583333334 0.0751953125 0.053385416666666664
4 0.29736328125 0.6321614583333334 0.0751953125 0.053385416666666664
7 0.49755859375 0.8229166666666666 0.0029296875 0.033854166666666664
6 0.5 0.974609375 0.830078125 0.05078125
6 0.93701171875 0.974609375 0.0830078125 0.05078125
4 0.1884765625 0.9778645833333334 0.07421875 0.044270833333333336
0 0.1884765625 0.974609375 0.158203125 0.05078125
4 0.3955078125 0.9778645833333334 0.07421875 0.044270833333333336
0 0.3955078125 0.974609375 0.158203125 0.05078125
4 0.6025390625 0.9778645833333334 0.07421875 0.044270833333333336
0 0.6025390625 0.974609375 0.158203125 0.05078125
4 0.8095703125 0.9778645833333334 0.07421875 0.044270833333333336
0 0.8095703125 0.974609375 0.158203125 0.05078125
4 0.98974609375 0.9778645833333334 0.0205078125 0.044270833333333336
0 0.96875 0.974609375 0.0625 0.05078125