4 0.1630859375 0.0390625 0.1171875 0.078125
0 0.041015625 0 0 0
2 0.1787109375 0.12239583333333333 0.255859375 0.03125
7 0.89111328125 0.123046875 0.1357421875 0.04296875
0 0.80859375 0.09765625 0 0
7 0.5 0.4752604166666667 1 0.6510416666666666
2 0.5 0.3157552083333333 0.560546875 0.09765625
2 0.5 0.44921875 0.6875 0.15625
7 0.5 0.630859375 0.1953125 0.07421875
0 0.5 0.6334635416666666 0.1953125 0.022135416666666668
7 0.5 0.8268229166666666 1 0.052083333333333336
7 0.5 0.8268229166666666 0.56640625 0.052083333333333336
0 0.50048828125 0.826171875 0.5673828125 0.022135416666666668
7 0.5 0.9270833333333334 1 0.14583333333333334
4 0.1328125 0.9479166666666666 0.03515625 0.046875
0 0.1328125 0.9270833333333334 0.1484375 0.14583333333333334
2 0.1328125 0.994140625 0.12890625 0.01171875
4 0.279296875 0.9479166666666666 0.03515625 0.046875
0 0.27978515625 0.9270833333333334 0.1474609375 0.14583333333333334
2 0.27978515625 0.994140625 0.1279296875 0.01171875
4 0.4267578125 0.9479166666666666 0.03515625 0.046875
0 0.42626953125 0.9270833333333334 0.1474609375 0.14583333333333334
2 0.42626953125 0.994140625 0.1279296875 0.01171875
4 0.5732421875 0.9479166666666666 0.03515625 0.046875
0 0.5732421875 0.9270833333333334 0.1484375 0.14583333333333334
2 0.5732421875 0.994140625 0.12890625 0.01171875
4 0.720703125 0.9290364583333334 0.03515625 0.045572916666666664
0 0.72021484375 0.9270833333333334 0.1474609375 0.14583333333333334
2 0.72021484375 0.9850260416666666 0.1279296875 0.029947916666666668
4 0.8671875 0.9479166666666666 0.03515625 0.046875
0 0.8671875 0.9270833333333334 0.1484375 0.14583333333333334
2 0.8671875 0.994140625 0.12890625 0.01171875
4 0.01806640625 0.4993489583333333 0.0302734375 0.17578125
0 0.01953125 0.5 0.0390625 0.1953125