4 0.10986328125 0.032552083333333336 0.1904296875 0.0390625
7 0.6005859375 0.03515625 0.060546875 0.026041666666666668
7 0.71240234375 0.03515625 0.0400390625 0.026041666666666668
7 0.82373046875 0.03515625 0.0595703125 0.026041666666666668
4 0.93505859375 0.037760416666666664 0.0283203125 0.036458333333333336
4 0.974609375 0.037109375 0.021484375 0.02734375
4 0.3330078125 0.2734375 0.615234375 0.3333333333333333
7 0.3330078125 0.4427083333333333 0.615234375 0.0078125
6 0.04736328125 0.4596354166666667 0.0400390625 0.020833333333333332
6 0.32861328125 0.5110677083333334 0.6025390625 0.08203125
7 0.3330078125 0.576171875 0.611328125 0.02734375
7 0.06298828125 0.6197916666666666 0.0712890625 0.026041666666666668
4 0.1640625 0.7610677083333334 0.27734375 0.14973958333333334
6 0.3369140625 0.6940104166666666 0.046875 0.020833333333333332
6 0.4609375 0.751953125 0.294921875 0.09244791666666667
7 0.34375 0.8157552083333334 0.060546875 0.024739583333333332
4 0.1640625 0.9453125 0.27734375 0.109375
6 0.33447265625 0.8984375 0.0419921875 0.020833333333333332
6 0.4482421875 0.955078125 0.26953125 0.08984375
7 0.830078125 0.24869791666666666 0.3203125 0.3255208333333333
7 0.787109375 0.4733072916666667 0.203125 0.032552083333333336
0 0.88818359375 0.45703125 0.0009765625 0
4 0.9599609375 0.474609375 0.029296875 0.024739583333333332
4 0.830078125 0.5872395833333334 0.2890625 0.15625
7 0.7001953125 0.6451822916666666 0.029296875 0.040364583333333336
7 0.830078125 0.66796875 0.2890625 0.0078125
6 0.826171875 0.7141927083333334 0.27734375 0.07682291666666667
4 0.830078125 0.8626302083333334 0.2890625 0.15755208333333334
7 0.7001953125 0.9212239583333334 0.029296875 0.040364583333333336
7 0.830078125 0.9440104166666666 0.2890625 0.0078125
6 0.80859375 0.9759114583333334 0.2421875 0.048177083333333336