4 0.0576171875 0.03125 0.052734375 0.041666666666666664
0 0.1103515625 0.03125 0.158203125 0.041666666666666664
7 0.5517578125 0.041666666666666664 0.72265625 0.08333333333333333
2 0.29833984375 0.11197916666666667 0.4873046875 0.026041666666666668
2 0.59375 0.11328125 0.09375 0.028645833333333332
2 0.67529296875 0.11197916666666667 0.0693359375 0.026041666666666668
1 0.216796875 0.17708333333333334 0.33203125 0.041666666666666664
1 0.556640625 0.17708333333333334 0.33203125 0.041666666666666664
1 0.1318359375 0.22916666666666666 0.162109375 0.041666666666666664
1 0.3017578125 0.22916666666666666 0.162109375 0.041666666666666664
1 0.4716796875 0.22916666666666666 0.162109375 0.041666666666666664
1 0.6220703125 0.22916666666666666 0.123046875 0.041666666666666664
4 0.70751953125 0.22916666666666666 0.0185546875 0.03125
0 0.70703125 0.22916666666666666 0.03125 0.041666666666666664
7 0.78759765625 0.24088541666666666 0.0908203125 0.020833333333333332
7 0.73828125 0.4895833333333333 0.4453125 0.09375
7 0.73828125 0.5677083333333334 0.4453125 0.0625
7 0.64501953125 0.654296875 0.2236328125 0.02734375
0 0.654296875 0.6510416666666666 0.27734375 0.0625
4 0.77001953125 0.654296875 0.0107421875 0.032552083333333336
2 0.5 0.91015625 0.953125 0.12239583333333333
0 0.16796875 0.9973958333333334 0.2890625 0.005208333333333333
0 0.37841796875 0.9973958333333334 0.1318359375 0.005208333333333333
0 0.5224609375 0.9973958333333334 0.15625 0.005208333333333333
0 0.74169921875 0.9973958333333334 0.2822265625 0.005208333333333333
3 0.87060546875 0.9778645833333334 0.2197265625 0.044270833333333336
0 0.87060546875 0.9778645833333334 0.2197265625 0.044270833333333336