4 0.974609375 0.061197916666666664 0.021484375 0.028645833333333332
7 0.3037109375 0.061197916666666664 0.509765625 0.07552083333333333
6 0.46044921875 0.08854166666666667 0.0908203125 0.020833333333333332
0 0.86572265625 0.061848958333333336 0.1162109375 0.01953125
0 0.70068359375 0.064453125 0.1005859375 0.022135416666666668
3 0.5 0.20833333333333334 0.7109375 0.1171875
0 0.103515625 0.3463541666666667 0.125 0.059895833333333336
0 0.103515625 0.3463541666666667 0.125 0.059895833333333336
0 0.248046875 0.3463541666666667 0.134765625 0.059895833333333336
0 0.24072265625 0.3463541666666667 0.1494140625 0.059895833333333336
0 0.49951171875 0.3463541666666667 0.1474609375 0.10416666666666667
7 0.71337890625 0.345703125 0.0322265625 0.024739583333333332
0 0.72900390625 0.34765625 0.0634765625 0.033854166666666664
7 0.74853515625 0.34765625 0.0244140625 0.033854166666666664
0 0.79931640625 0.3450520833333333 0.0458984375 0.0234375
7 0.8330078125 0.345703125 0.005859375 0.024739583333333332
0 0.88525390625 0.3463541666666667 0.1005859375 0.026041666666666668
0 0.95068359375 0.3470052083333333 0.0166015625 0.022135416666666668
6 0.162109375 0.44921875 0.1171875 0.018229166666666668
6 0.29052734375 0.44921875 0.1181640625 0.018229166666666668
6 0.3818359375 0.44921875 0.04296875 0.018229166666666668
6 0.4443359375 0.44921875 0.060546875 0.018229166666666668
6 0.50634765625 0.44921875 0.0419921875 0.018229166666666668
6 0.60595703125 0.44921875 0.1357421875 0.018229166666666668
6 0.7099609375 0.44921875 0.05078125 0.018229166666666668
6 0.7890625 0.44921875 0.0859375 0.018229166666666668
6 0.86962890625 0.44921875 0.0537109375 0.018229166666666668
6 0.505859375 0.5546875 0.119140625 0.018229166666666668
7 0.4423828125 0.5559895833333334 0.232421875 0.028645833333333332
0 0.62548828125 0.5559895833333334 0.0966796875 0.06510416666666667
0 0.62548828125 0.5553385416666666 0.0966796875 0.02734375
4 0.984375 0.5559895833333334 0.01171875 0.015625
4 0.14990234375 0.7252604166666666 0.1982421875 0.16666666666666666
0 0.05078125 0.6419270833333334 0 0
7 0.14990234375 0.794921875 0.1474609375 0.02734375
2 0.14990234375 0.8587239583333334 0.1982421875 0.07942708333333333
7 0.14990234375 0.9127604166666666 0.1982421875 0.028645833333333332
7 0.14990234375 0.9986979166666666 0.1982421875 0.0026041666666666665
4 0.5048828125 0.8209635416666666 0.435546875 0.3580729166666667
0 0.5048828125 0.6419270833333334 0 0
7 0.85986328125 0.6510416666666666 0.1982421875 0.018229166666666668
2 0.85986328125 0.7063802083333334 0.1982421875 0.07942708333333333
7 0.85986328125 0.7727864583333334 0.1982421875 0.053385416666666664
7 0.85986328125 0.880859375 0.1982421875 0.01953125
2 0.85986328125 0.9225260416666666 0.1982421875 0.053385416666666664
7 0.85986328125 0.974609375 0.1982421875 0.05078125
0 0.91015625 0.08723958333333333 0.1796875 0.07291666666666667