4 0.1572265625 0.047526041666666664 0.25390625 0.055989583333333336
7 0.185546875 0.09244791666666667 0.306640625 0.026041666666666668
0 0.66748046875 0.051432291666666664 0.0615234375 0.040364583333333336
0 0.85205078125 0.051432291666666664 0.0830078125 0.040364583333333336
6 0.650390625 0.09244791666666667 0.029296875 0.020833333333333332
7 0.6669921875 0.09244791666666667 0.005859375 0.020833333333333332
6 0.7958984375 0.09244791666666667 0.234375 0.020833333333333332
6 0.81103515625 0.11848958333333333 0.2646484375 0.020833333333333332
6 0.8251953125 0.14453125 0.29296875 0.020833333333333332
6 0.82373046875 0.17057291666666666 0.2900390625 0.020833333333333332
6 0.80322265625 0.19661458333333334 0.2490234375 0.020833333333333332
6 0.82080078125 0.22265625 0.2841796875 0.020833333333333332
6 0.80908203125 0.24869791666666666 0.2607421875 0.020833333333333332
6 0.822265625 0.2747395833333333 0.287109375 0.020833333333333332
6 0.8017578125 0.30078125 0.24609375 0.020833333333333332
6 0.814453125 0.3268229166666667 0.271484375 0.020833333333333332
7 0.3857421875 0.12434895833333333 0.111328125 0.01171875
7 0.3857421875 0.20182291666666666 0.7109375 0.1171875
7 0.857421875 0.16536458333333334 0.1640625 0.020833333333333332
6 0.8427734375 0.19140625 0.134765625 0.020833333333333332
7 0.9228515625 0.19140625 0.02734375 0.020833333333333332
6 0.8466796875 0.21744791666666666 0.142578125 0.020833333333333332
7 0.9189453125 0.21744791666666666 0.00390625 0.020833333333333332
7 0.11572265625 0.3776041666666667 0.1708984375 0.036458333333333336
7 0.6103515625 0.3815104166666667 0.083984375 0.026041666666666668
4 0.09716796875 0.4856770833333333 0.1337890625 0.11979166666666667
0 0.09716796875 0.525390625 0.1337890625 0.19921875
2 0.09716796875 0.5911458333333334 0.1337890625 0.06770833333333333
4 0.259765625 0.4856770833333333 0.134765625 0.11979166666666667
0 0.259765625 0.525390625 0.134765625 0.19921875
2 0.259765625 0.5911458333333334 0.134765625 0.06770833333333333
4 0.42236328125 0.4856770833333333 0.1337890625 0.11979166666666667
0 0.42236328125 0.525390625 0.1337890625 0.19921875
2 0.42236328125 0.5911458333333334 0.1337890625 0.06770833333333333
4 0.5849609375 0.4856770833333333 0.134765625 0.11979166666666667
0 0.5849609375 0.525390625 0.134765625 0.19921875
2 0.5849609375 0.5911458333333334 0.134765625 0.06770833333333333
7 0.07666015625 0.6569010416666666 0.0927734375 0.022135416666666668
7 0.22705078125 0.6829427083333334 0.3935546875 0.07421875
6 0.30224609375 0.708984375 0.0673828125 0.022135416666666668
6 0.490234375 0.6595052083333334 0.052734375 0.022135416666666668
6 0.513671875 0.6907552083333334 0.099609375 0.022135416666666668
6 0.49072265625 0.7220052083333334 0.0537109375 0.022135416666666668
7 0.1083984375 0.7740885416666666 0.15625 0.022135416666666668
7 0.5869140625 0.779296875 0.130859375 0.02734375
4 0.08740234375 0.87890625 0.1142578125 0.1015625
0 0.08740234375 0.87890625 0.1142578125 0.1015625
2 0.21923828125 0.8802083333333334 0.1220703125 0.11197916666666667
7 0.08056640625 0.9615885416666666 0.1005859375 0.022135416666666668
7 0.158203125 0.9752604166666666 0.255859375 0.049479166666666664
6 0.3359375 0.837890625 0.0703125 0.022135416666666668
6 0.4326171875 0.880859375 0.234375 0.022135416666666668
6 0.44775390625 0.916015625 0.2646484375 0.022135416666666668
6 0.46044921875 0.951171875 0.2900390625 0.022135416666666668
6 0.45166015625 0.986328125 0.2724609375 0.022135416666666668
7 0.802734375 0.38671875 0.025390625 0.018229166666666668
0 0.7919921875 0.38671875 0.06640625 0.0390625
7 0.87060546875 0.38671875 0.0302734375 0.018229166666666668
0 0.85986328125 0.38671875 0.0732421875 0.0390625
7 0.94287109375 0.38671875 0.0322265625 0.018229166666666668
0 0.93212890625 0.38671875 0.0751953125 0.0390625
7 0.81982421875 0.4264322916666667 0.1123046875 0.01171875
7 0.8193359375 0.72265625 0.30078125 0.5546875
7 0.0361328125 0.3111979166666667 0.01171875 0.026041666666666668
0 0.04296875 0.3151041666666667 0.0546875 0.06510416666666667
7 0.048828125 0.3203125 0.013671875 0.026041666666666668
7 0.10595703125 0.3151041666666667 0.0439453125 0.020833333333333332
0 0.11083984375 0.3151041666666667 0.0830078125 0.06510416666666667
7 0.1826171875 0.3151041666666667 0.033203125 0.020833333333333332
0 0.1875 0.3151041666666667 0.072265625 0.06510416666666667
7 0.25927734375 0.3151041666666667 0.0439453125 0.020833333333333332
0 0.26416015625 0.3151041666666667 0.0830078125 0.06510416666666667
7 0.34423828125 0.3151041666666667 0.0498046875 0.020833333333333332
0 0.34912109375 0.3151041666666667 0.0888671875 0.06510416666666667
7 0.42919921875 0.3151041666666667 0.0439453125 0.020833333333333332
0 0.43408203125 0.3151041666666667 0.0830078125 0.06510416666666667
1 0.80078125 0.3151041666666667 0.263671875 0.044270833333333336