7 0.400390625 0.033203125 0.21484375 0.024739583333333332
7 0.517578125 0.033203125 0.021484375 0.024739583333333332
7 0.55908203125 0.033203125 0.0634765625 0.024739583333333332
0 0.63427734375 0.033203125 0.0498046875 0.032552083333333336
4 0.6943359375 0.031901041666666664 0.013671875 0.016927083333333332
3 0.5 0.18880208333333334 0.947265625 0.3255208333333333
4 0.14794921875 0.412109375 0.2333984375 0.06640625
0 0.1494140625 0.4446614583333333 0.244140625 0.06640625
0 0.8203125 0.4446614583333333 0.11328125 0.05078125
4 0.91015625 0.443359375 0.017578125 0.024739583333333332
0 0.91015625 0.4446614583333333 0.017578125 0.02734375
4 0.9521484375 0.443359375 0.017578125 0.01953125
7 0.06201171875 0.5260416666666666 0.0732421875 0.028645833333333332
0 0.06201171875 0.5266927083333334 0.0732421875 0.032552083333333336
7 0.14990234375 0.5260416666666666 0.1025390625 0.028645833333333332
0 0.14990234375 0.5266927083333334 0.1025390625 0.032552083333333336
7 0.248046875 0.5260416666666666 0.09375 0.028645833333333332
0 0.248046875 0.5266927083333334 0.09375 0.032552083333333336
7 0.33642578125 0.5260416666666666 0.0830078125 0.028645833333333332
7 0.43701171875 0.5260416666666666 0.1181640625 0.028645833333333332
0 0.43701171875 0.5266927083333334 0.1181640625 0.032552083333333336
7 0.8232421875 0.5247395833333334 0.044921875 0.026041666666666668
7 0.89111328125 0.5247395833333334 0.0810546875 0.026041666666666668
4 0.94921875 0.52734375 0.0078125 0.015625
4 0.50048828125 0.80078125 0.4638671875 0.3984375
0 0.50048828125 0.80078125 0.4638671875 0.3984375
4 0.50048828125 0.80078125 0.4638671875 0.3984375
4 0.50048828125 0.80078125 0.4638671875 0.3984375
7 0.80712890625 0.6158854166666666 0.0791015625 0.026041666666666668
7 0.86181640625 0.6588541666666666 0.1884765625 0.11197916666666667
4 0.7783203125 0.7630208333333334 0.021484375 0.028645833333333332
0 0.798828125 0.7923177083333334 0.0625 0.022135416666666668
4 0.923828125 0.7766927083333334 0.060546875 0.08984375
0 0.923828125 0.7760416666666666 0.06640625 0.08854166666666667
7 0.80908203125 0.8424479166666666 0.0830078125 0.018229166666666668
4 0.8671875 0.841796875 0.013671875 0.01171875
7 0.8115234375 0.9153645833333334 0.087890625 0.026041666666666668
7 0.8623046875 0.951171875 0.189453125 0.09765625
7 0.13720703125 0.6328125 0.1806640625 0.036458333333333336
0 0.13720703125 0.6477864583333334 0.2001953125 0.09244791666666667
7 0.1201171875 0.6686197916666666 0.146484375 0.024739583333333332
7 0.05322265625 0.7272135416666666 0.0322265625 0.024739583333333332
4 0.083984375 0.728515625 0.01953125 0.01171875
7 0.05078125 0.7942708333333334 0.02734375 0.018229166666666668
0 0.05078125 0.79296875 0.02734375 0.018229166666666668
0 0.13330078125 0.8359375 0.1923828125 0.046875
7 0.0751953125 0.8919270833333334 0.076171875 0.018229166666666668
4 0.0439453125 0.9596354166666666 0.013671875 0.013020833333333334
7 0.0888671875 0.9609375 0.0625 0.018229166666666668
0 0.13330078125 0.9895833333333334 0.1923828125 0.020833333333333332