0 0.0654296875 0.032552083333333336 0.068359375 0.06510416666666667
0 0.171875 0.032552083333333336 0.14453125 0.06510416666666667
0 0.32568359375 0.032552083333333336 0.1630859375 0.06510416666666667
0 0.43701171875 0.032552083333333336 0.0595703125 0.06510416666666667
7 0.82421875 0.031901041666666664 0.1015625 0.024739583333333332
0 0.927734375 0.032552083333333336 0.076171875 0.041666666666666664
2 0.177734375 0.13932291666666666 0.25390625 0.06770833333333333
2 0.52685546875 0.13606770833333334 0.3818359375 0.045572916666666664
7 0.244140625 0.2975260416666667 0.38671875 0.17578125
4 0.50341796875 0.2610677083333333 0.0654296875 0.08723958333333333
0 0.51953125 0.2955729166666667 0.068359375 0.11458333333333333
4 0.6455078125 0.3020833333333333 0.09765625 0.13020833333333334
2 0.73388671875 0.24609375 0.0341796875 0.026041666666666668
7 0.82421875 0.27734375 0.21484375 0.0234375
7 0.82421875 0.3489583333333333 0.21484375 0.09375
0 0.79296875 0.4270833333333333 0.15234375 0.036458333333333336
0 0.947265625 0.24934895833333334 0.046875 0.07942708333333333
7 0.185546875 0.6354166666666666 0.173828125 0.033854166666666664
4 0.31298828125 0.7682291666666666 0.4833984375 0.3619791666666667
1 0.73046875 0.65234375 0.263671875 0.078125
2 0.75390625 0.7233072916666666 0.310546875 0.022135416666666668
7 0.7490234375 0.7877604166666666 0.30078125 0.059895833333333336
6 0.74755859375 0.8190104166666666 0.2978515625 0.059895833333333336
7 0.7451171875 0.8502604166666666 0.29296875 0.059895833333333336
6 0.64501953125 0.8971354166666666 0.0927734375 0.028645833333333332
7 0.72509765625 0.9127604166666666 0.2529296875 0.059895833333333336
0 0.75390625 0.98046875 0.310546875 0.03125