2 0.3115234375 0.3932291666666667 0.564453125 0.09375
4 0.146484375 0.5299479166666666 0.234375 0.1484375
7 0.326171875 0.46484375 0.095703125 0.020833333333333332
7 0.39794921875 0.46484375 0.0498046875 0.020833333333333332
7 0.42919921875 0.46484375 0.0126953125 0.020833333333333332
4 0.4423828125 0.4661458333333333 0.017578125 0.018229166666666668
7 0.46435546875 0.46484375 0.0283203125 0.020833333333333332
7 0.2861328125 0.48828125 0.015625 0.018229166666666668
6 0.333984375 0.48828125 0.080078125 0.018229166666666668
4 0.3837890625 0.4895833333333333 0.015625 0.0234375
7 0.34375 0.59765625 0.62890625 0.17447916666666666
0 0.064453125 0.6979166666666666 0.0703125 0.015625
0 0.171875 0.6979166666666666 0.115234375 0.015625
0 0.34814453125 0.7467447916666666 0.0927734375 0.016927083333333332
2 0.16357421875 0.8203125 0.2607421875 0.07291666666666667
7 0.0810546875 0.8756510416666666 0.095703125 0.022135416666666668
7 0.15283203125 0.8756510416666666 0.0498046875 0.022135416666666668
7 0.18408203125 0.8756510416666666 0.0126953125 0.022135416666666668
4 0.197265625 0.8776041666666666 0.017578125 0.018229166666666668
7 0.2158203125 0.8756510416666666 0.021484375 0.022135416666666668
7 0.041015625 0.8990885416666666 0.015625 0.01953125
6 0.0888671875 0.8990885416666666 0.080078125 0.01953125
4 0.138671875 0.8997395833333334 0.015625 0.0234375
7 0.1796875 0.962890625 0.29296875 0.05078125
0 0.068359375 0.99609375 0.0703125 0.0078125
0 0.17529296875 0.99609375 0.1142578125 0.0078125
2 0.4775390625 0.8391927083333334 0.25 0.11067708333333333
7 0.400390625 0.9134114583333334 0.095703125 0.022135416666666668
7 0.47216796875 0.9134114583333334 0.0498046875 0.022135416666666668
7 0.50341796875 0.9134114583333334 0.0126953125 0.022135416666666668
4 0.5166015625 0.9153645833333334 0.017578125 0.018229166666666668
7 0.53515625 0.9134114583333334 0.021484375 0.022135416666666668
7 0.3603515625 0.9368489583333334 0.015625 0.01953125
6 0.408203125 0.9368489583333334 0.080078125 0.01953125
4 0.4580078125 0.9375 0.015625 0.0234375
7 0.4990234375 0.9850260416666666 0.29296875 0.029947916666666668
2 0.82958984375 0.3372395833333333 0.2978515625 0.020833333333333332
4 0.87158203125 0.3932291666666667 0.0341796875 0.044270833333333336
4 0.90869140625 0.3932291666666667 0.0341796875 0.044270833333333336
4 0.9462890625 0.3932291666666667 0.033203125 0.044270833333333336
2 0.8271484375 0.39453125 0.271484375 0.028645833333333332
1 0.7666015625 0.45703125 0.150390625 0.033854166666666664
1 0.900390625 0.4576822916666667 0.1171875 0.03515625
0 0.9052734375 0.505859375 0.115234375 0.014322916666666666
4 0.8291015625 0.7291666666666666 0.29296875 0.3255208333333333
2 0.9208984375 0.9375 0.08203125 0.0390625
0 0.9208984375 0.9361979166666666 0.08203125 0.041666666666666664
2 0.78076171875 0.9381510416666666 0.1767578125 0.022135416666666668
7 0.91748046875 0.978515625 0.0927734375 0.014322916666666666
3 0.83056640625 0.984375 0.2763671875 0.03125
4 0.13525390625 0.16731770833333334 0.1728515625 0.12890625
4 0.625 0.17447916666666666 0.7109375 0.1171875
6 0.47705078125 0.0625 0.1025390625 0.020833333333333332
6 0.58935546875 0.0625 0.0869140625 0.020833333333333332
6 0.67578125 0.0625 0.046875 0.020833333333333332
6 0.7451171875 0.0625 0.056640625 0.020833333333333332
6 0.810546875 0.0625 0.03515625 0.020833333333333332
6 0.8759765625 0.0625 0.05859375 0.020833333333333332
6 0.94677734375 0.0625 0.0478515625 0.020833333333333332
0 0.06298828125 0.28515625 0.0908203125 0.057291666666666664
0 0.14306640625 0.28515625 0.0693359375 0.057291666666666664
0 0.21923828125 0.28515625 0.0830078125 0.057291666666666664
0 0.29638671875 0.28515625 0.0712890625 0.057291666666666664
0 0.4287109375 0.28515625 0.193359375 0.057291666666666664
0 0.56982421875 0.28515625 0.0888671875 0.057291666666666664
1 0.78759765625 0.2858072916666667 0.2158203125 0.037760416666666664
1 0.94189453125 0.2845052083333333 0.0693359375 0.022135416666666668