4 0.5 0.08138020833333333 1 0.006510416666666667
4 0.060546875 0.042317708333333336 0.04296875 0.05859375
4 0.5 0.041666666666666664 0.2421875 0.036458333333333336
0 0.82421875 0.042317708333333336 0.1015625 0.045572916666666664
0 0.90087890625 0.042317708333333336 0.0341796875 0.024739583333333332
4 0.939453125 0.042317708333333336 0.04296875 0.05859375
0 0.0830078125 0.11458333333333333 0.087890625 0.018229166666666668
0 0.169921875 0.11458333333333333 0.0390625 0.018229166666666668
0 0.2294921875 0.11458333333333333 0.033203125 0.018229166666666668
0 0.2998046875 0.11458333333333333 0.060546875 0.018229166666666668
0 0.4072265625 0.11458333333333333 0.107421875 0.018229166666666668
0 0.51318359375 0.11458333333333333 0.0576171875 0.018229166666666668
0 0.60986328125 0.11458333333333333 0.0888671875 0.018229166666666668
0 0.7099609375 0.11458333333333333 0.064453125 0.018229166666666668
0 0.80322265625 0.11458333333333333 0.0751953125 0.018229166666666668
0 0.8916015625 0.11458333333333333 0.0546875 0.018229166666666668
0 0.97119140625 0.11458333333333333 0.0576171875 0.018229166666666668
7 0.0830078125 0.19401041666666666 0.087890625 0.06510416666666667
0 0.5185546875 0.19401041666666666 0.705078125 0.0625
0 0.916015625 0.1953125 0.091796875 0.041666666666666664
3 0.5 0.3697916666666667 0.7109375 0.1171875
7 0.0654296875 0.548828125 0.052734375 0.02734375
0 0.4365234375 0.5494791666666666 0.6640625 0.026041666666666668
7 0.13134765625 0.6158854166666666 0.1845703125 0.020833333333333332
0 0.138671875 0.6790364583333334 0.169921875 0.07421875
7 0.138671875 0.7317708333333334 0.169921875 0.018229166666666668
0 0.138671875 0.818359375 0.169921875 0.07421875
7 0.138671875 0.87109375 0.169921875 0.018229166666666668
0 0.138671875 0.9602864583333334 0.169921875 0.07942708333333333
4 0.6220703125 0.802734375 0.677734375 0.39453125
0 0.6220703125 0.802734375 0.677734375 0.39453125
4 0.7734375 0.3424479166666667 0.01953125 0.026041666666666668
0 0.7763671875 0.3385416666666667 0.033203125 0.044270833333333336
4 0.5 0.6419270833333334 0.5859375 0.6510416666666666
0 0.5 0.6419270833333334 0.5859375 0.6510416666666666