7 0.25146484375 0.03125 0.2705078125 0.028645833333333332
6 0.60888671875 0.03125 0.4462890625 0.028645833333333332
4 0.11328125 0.10416666666666667 0.109375 0.041666666666666664
0 0.11328125 0.10416666666666667 0.109375 0.041666666666666664
0 0.85546875 0.10416666666666667 0.048828125 0.078125
4 0.93115234375 0.10546875 0.0205078125 0.026041666666666668
0 0.93115234375 0.10416666666666667 0.0439453125 0.057291666666666664
2 0.3427734375 0.3873697916666667 0.568359375 0.23828125
1 0.25537109375 0.58203125 0.3935546875 0.06770833333333333
0 0.546875 0.58203125 0.16015625 0.06770833333333333
7 0.3427734375 0.6705729166666666 0.568359375 0.046875