7 0.3017578125 0.9388020833333334 0.505859375 0.07552083333333333
6 0.39306640625 0.9661458333333334 0.2685546875 0.020833333333333332
0 0.86767578125 0.939453125 0.1123046875 0.01953125
0 0.6953125 0.9420572916666666 0.119140625 0.022135416666666668
4 0.89111328125 0.020833333333333332 0.0654296875 0.020833333333333332
6 0.9619140625 0.020182291666666668 0.044921875 0.024739583333333332
4 0.0869140625 0.08854166666666667 0.142578125 0.041666666666666664
0 0.0869140625 0.08854166666666667 0.142578125 0.041666666666666664
0 0.400390625 0.08854166666666667 0.111328125 0.09375
0 0.5322265625 0.08854166666666667 0.15234375 0.09375
0 0.6669921875 0.08854166666666667 0.1171875 0.09375
0 0.78369140625 0.08854166666666667 0.1162109375 0.09375
0 0.9287109375 0.08854166666666667 0.111328125 0.052083333333333336
4 0.9755859375 0.16666666666666666 0.009765625 0.013020833333333334
0 0.9755859375 0.16536458333333334 0.009765625 0.0234375
6 0.4921875 0.1875 0.90625 0.0625
0 0.5 0.1875 0.953125 0.0625
2 0.25 0.5872395833333334 0.40625 0.10416666666666667
7 0.25 0.69140625 0.40625 0.041666666666666664
0 0.1796875 0.7903645833333334 0.265625 0.06510416666666667
3 0.5 0.6145833333333334 1 0.75