7 0.41943359375 0.02734375 0.4189453125 0.0234375
0 0.5 0.02734375 0.626953125 0.0546875
7 0.69091796875 0.02734375 0.1240234375 0.0234375
4 0.7607421875 0.02734375 0.015625 0.020833333333333332
4 0.978515625 0.02734375 0.015625 0.020833333333333332
4 0.0703125 0.10677083333333333 0.1015625 0.06770833333333333
7 0.18603515625 0.10677083333333333 0.0498046875 0.026041666666666668
0 0.19384765625 0.10677083333333333 0.0654296875 0.026041666666666668
4 0.220703125 0.107421875 0.01171875 0.016927083333333332
6 0.81884765625 0.10677083333333333 0.0771484375 0.0234375
0 0.92333984375 0.10677083333333333 0.0966796875 0.052083333333333336
4 0.5 0.5234375 1 0.9375
2 0.4912109375 0.4186197916666667 0.701171875 0.11328125
2 0.849609375 0.4186197916666667 0.017578125 0.11328125
2 0.5 0.5234375 0.8515625 0.041666666666666664
0 0.5 0.6354166666666666 0.265625 0.06770833333333333