4 0.5 0.041666666666666664 0.158203125 0.046875
2 0.34619140625 0.13736979166666666 0.1279296875 0.040364583333333336
2 0.50634765625 0.13736979166666666 0.1923828125 0.040364583333333336
7 0.49365234375 0.20182291666666666 0.4228515625 0.044270833333333336
7 0.494140625 0.2760416666666667 0.423828125 0.044270833333333336
7 0.4638671875 0.3502604166666667 0.36328125 0.044270833333333336
5 0.5 0.4069010416666667 0.435546875 0.02734375
1 0.5 0.4407552083333333 0.435546875 0.040364583333333336
1 0.5 0.4993489583333333 0.43359375 0.037760416666666664
7 0.3818359375 0.5546875 0.19921875 0.018229166666666668
6 0.52685546875 0.5546875 0.0927734375 0.018229166666666668
7 0.5869140625 0.5546875 0.02734375 0.018229166666666668
6 0.6376953125 0.5546875 0.076171875 0.018229166666666668
7 0.67578125 0.5546875 0.00390625 0.018229166666666668
4 0.28564453125 0.6067708333333334 0.0068359375 0.010416666666666666
0 0.3203125 0.607421875 0.076171875 0.024739583333333332
7 0.32568359375 0.607421875 0.0654296875 0.01953125
2 0.49951171875 0.6875 0.0888671875 0.015625
0 0.5 0.7311197916666666 0.486328125 0.037760416666666664
4 0.5 0.8138020833333334 0.96484375 0.057291666666666664
6 0.18212890625 0.8294270833333334 0.1572265625 0.015625
6 0.33544921875 0.8294270833333334 0.1044921875 0.015625
6 0.55224609375 0.8294270833333334 0.2861328125 0.015625
6 0.7607421875 0.8294270833333334 0.087890625 0.015625
6 0.8623046875 0.8294270833333334 0.072265625 0.015625
7 0.50048828125 0.8658854166666666 0.2236328125 0.015625