7 0.96630859375 0.044921875 0.0419921875 0.055989583333333336
2 0.23095703125 0.18098958333333334 0.3447265625 0.15364583333333334
7 0.23681640625 0.2734375 0.3330078125 0.03125
7 0.0576171875 0.3639322916666667 0.04296875 0.024739583333333332
0 0.0576171875 0.3626302083333333 0.046875 0.06901041666666667
7 0.1240234375 0.3639322916666667 0.0546875 0.024739583333333332
0 0.130859375 0.3626302083333333 0.072265625 0.06901041666666667
7 0.2060546875 0.3639322916666667 0.046875 0.024739583333333332
0 0.212890625 0.3626302083333333 0.064453125 0.06901041666666667
7 0.30859375 0.365234375 0.0625 0.022135416666666668
0 0.30859375 0.3645833333333333 0.1015625 0.041666666666666664
7 0.3984375 0.3639322916666667 0.046875 0.024739583333333332
0 0.4052734375 0.3626302083333333 0.064453125 0.06901041666666667
7 0.4931640625 0.3639322916666667 0.080078125 0.024739583333333332
0 0.4931640625 0.3626302083333333 0.083984375 0.06901041666666667
7 0.57275390625 0.3639322916666667 0.0439453125 0.024739583333333332
0 0.5791015625 0.3626302083333333 0.060546875 0.06901041666666667
1 0.83740234375 0.3645833333333333 0.1650390625 0.0234375
7 0.921875 0.3645833333333333 0.00390625 0.0234375
4 0.94970703125 0.3665364583333333 0.0126953125 0.016927083333333332
0 0.94970703125 0.3665364583333333 0.0244140625 0.032552083333333336
4 0.62744140625 0.16731770833333334 0.2255859375 0.20442708333333334
0 0.72509765625 0.06510416666666667 0.0009765625 0
7 0.84765625 0.10677083333333333 0.1875 0.033854166666666664
7 0.84765625 0.13802083333333334 0.1875 0.028645833333333332
0 0.84814453125 0.19010416666666666 0.1416015625 0.044270833333333336
2 0.322265625 0.59375 0.453125 0.15104166666666666
7 0.322265625 0.6920572916666666 0.453125 0.045572916666666664
7 0.22607421875 0.7643229166666666 0.2509765625 0.026041666666666668
7 0.42626953125 0.7643229166666666 0.1513671875 0.026041666666666668
7 0.29931640625 0.83203125 0.3974609375 0.09375
7 0.4375 0.8658854166666666 0.07421875 0.026041666666666668
7 0.3017578125 0.8997395833333334 0.40234375 0.09375
7 0.7421875 0.5201822916666666 0.201171875 0.03515625
7 0.68994140625 0.5514322916666666 0.0341796875 0.03515625
7 0.7587890625 0.5514322916666666 0.10546875 0.03515625
1 0.7421875 0.6497395833333334 0.259765625 0.07291666666666667
1 0.7421875 0.7421875 0.259765625 0.07291666666666667
1 0.7421875 0.8352864583333334 0.259765625 0.07421875