4 0.5 0.07552083333333333 0.1796875 0.046875
0 0.5 0.07552083333333333 0.1796875 0.046875
7 0.09619140625 0.14713541666666666 0.1005859375 0.046875
0 0.1025390625 0.14713541666666666 0.13671875 0.046875
7 0.2158203125 0.14713541666666666 0.05859375 0.046875
0 0.22216796875 0.14713541666666666 0.0947265625 0.046875
7 0.310546875 0.14713541666666666 0.05078125 0.046875
0 0.31689453125 0.14713541666666666 0.0869140625 0.046875
7 0.40478515625 0.14713541666666666 0.0576171875 0.046875
7 0.49072265625 0.14713541666666666 0.0341796875 0.046875
6 0.5888671875 0.14713541666666666 0.08203125 0.046875
7 0.68408203125 0.14713541666666666 0.0537109375 0.046875
0 0.6904296875 0.14713541666666666 0.08984375 0.046875
7 0.7958984375 0.14713541666666666 0.08984375 0.046875
0 0.8203125 0.14713541666666666 0.162109375 0.046875
7 0.8701171875 0.14713541666666666 0.0390625 0.026041666666666668
1 0.935546875 0.14713541666666666 0.060546875 0.046875
2 0.5 0.357421875 0.9609375 0.19401041666666666
2 0.5 0.494140625 0.9609375 0.055989583333333336
1 0.4287109375 0.6484375 0.5859375 0.07291666666666667
7 0.7470703125 0.6477864583333334 0.109375 0.02734375
0 0.763671875 0.6484375 0.201171875 0.07291666666666667
0 0.28369140625 0.7473958333333334 0.1123046875 0.041666666666666664
0 0.40185546875 0.7473958333333334 0.1142578125 0.041666666666666664
0 0.52197265625 0.7473958333333334 0.1162109375 0.041666666666666664
0 0.64208984375 0.7473958333333334 0.1142578125 0.041666666666666664
0 0.73828125 0.7473958333333334 0.068359375 0.041666666666666664
0 0.27783203125 0.7955729166666666 0.1259765625 0.041666666666666664
0 0.3955078125 0.7955729166666666 0.099609375 0.041666666666666664
0 0.4912109375 0.7955729166666666 0.08203125 0.041666666666666664
0 0.59765625 0.7955729166666666 0.12109375 0.041666666666666664
0 0.72412109375 0.7955729166666666 0.1220703125 0.041666666666666664
4 0.5 0.9388020833333334 1 0.06510416666666667
7 0.38818359375 0.9348958333333334 0.7373046875 0.07552083333333333
6 0.39453125 0.9609375 0.1171875 0.0234375
7 0.55419921875 0.9609375 0.2021484375 0.0234375
0 0.88427734375 0.9348958333333334 0.1923828125 0.049479166666666664