4 0.10546875 0.045572916666666664 0.162109375 0.020833333333333332
0 0.10546875 0.046875 0.162109375 0.09375
7 0.255859375 0.13932291666666666 0.17578125 0.0234375
0 0.255859375 0.140625 0.19140625 0.09375
7 0.45556640625 0.13932291666666666 0.1865234375 0.0234375
0 0.45556640625 0.140625 0.2021484375 0.09375
7 0.62548828125 0.13932291666666666 0.1162109375 0.0234375
0 0.62548828125 0.140625 0.1318359375 0.09375
7 0.76953125 0.13932291666666666 0.134765625 0.0234375
0 0.76953125 0.140625 0.150390625 0.09375
0 0.91162109375 0.13932291666666666 0.1181640625 0.0546875
2 0.49951171875 0.2623697916666667 0.4638671875 0.07942708333333333
2 0.49951171875 0.333984375 0.6669921875 0.07942708333333333
7 0.5 0.4153645833333333 0.95703125 0.0390625
2 0.18115234375 0.7584635416666666 0.3193359375 0.037760416666666664
7 0.18115234375 0.83203125 0.1318359375 0.0234375
0 0.18115234375 0.845703125 0.2392578125 0.08463541666666667
7 0.18115234375 0.8606770833333334 0.1982421875 0.0234375
2 0.49951171875 0.791015625 0.3193359375 0.037760416666666664
0 0.4990234375 0.8639322916666666 0.208984375 0.055989583333333336
2 0.81787109375 0.7584635416666666 0.3193359375 0.037760416666666664
0 0.818359375 0.8313802083333334 0.119140625 0.055989583333333336
0 0.5 0.9485677083333334 0.16015625 0.02734375