6 0.9794921875 0.037109375 0.009765625 0.022135416666666668
7 0.5 0.036458333333333336 0.96875 0.03125
0 0.5 0.09375 0.96875 0.03125
4 0.0625 0.17838541666666666 0.09375 0.0546875
0 0.0625 0.17838541666666666 0.09375 0.0546875
6 0.18212890625 0.1875 0.0673828125 0.03125
6 0.27001953125 0.1875 0.0771484375 0.03125
0 0.7548828125 0.17838541666666666 0.169921875 0.052083333333333336
0 0.923828125 0.17838541666666666 0.12109375 0.052083333333333336
2 0.5 0.3268229166666667 0.9453125 0.07291666666666667
1 0.5 0.4309895833333333 0.9453125 0.052083333333333336
0 0.951171875 0.4309895833333333 0.03125 0.041666666666666664
2 0.5 0.58984375 0.96875 0.036458333333333336
7 0.5 0.6373697916666666 0.96875 0.032552083333333336
4 0.0625 0.751953125 0.046875 0.06380208333333333
2 0.06982421875 0.8111979166666666 0.0615234375 0.028645833333333332
7 0.2158203125 0.8411458333333334 0.353515625 0.028645833333333332
4 0.47802734375 0.751953125 0.0478515625 0.06380208333333333
2 0.53759765625 0.8111979166666666 0.1669921875 0.028645833333333332
7 0.63134765625 0.8411458333333334 0.3544921875 0.028645833333333332
4 0.89404296875 0.751953125 0.0478515625 0.06380208333333333
2 0.93359375 0.8111979166666666 0.126953125 0.028645833333333332
7 0.93505859375 0.8411458333333334 0.1298828125 0.028645833333333332
2 0.5 0.9947916666666666 0.96875 0.010416666666666666