0 0.029296875 0.028645833333333332 0.03515625 0.057291666666666664
0 0.12451171875 0.028645833333333332 0.0458984375 0.057291666666666664
0 0.224609375 0.028645833333333332 0.046875 0.057291666666666664
0 0.33349609375 0.028645833333333332 0.0634765625 0.057291666666666664
0 0.44873046875 0.028645833333333332 0.0595703125 0.057291666666666664
0 0.55126953125 0.028645833333333332 0.0380859375 0.057291666666666664
0 0.65234375 0.028645833333333332 0.056640625 0.057291666666666664
0 0.77001953125 0.028645833333333332 0.0712890625 0.057291666666666664
4 0.87841796875 0.028645833333333332 0.0380859375 0.057291666666666664
0 0.9697265625 0.028645833333333332 0.037109375 0.057291666666666664
2 0.5 0.13541666666666666 0.564453125 0.0546875
1 0.5 0.2265625 0.564453125 0.06770833333333333
4 0.23779296875 0.22135416666666666 0.0400390625 0.057291666666666664
4 0.21337890625 0.7779947916666666 0.0673828125 0.08984375
0 0.21337890625 0.8053385416666666 0.0673828125 0.14453125
7 0.2138671875 0.8600260416666666 0.052734375 0.02734375
4 0.49951171875 0.7779947916666666 0.0673828125 0.08984375
0 0.49951171875 0.8053385416666666 0.0673828125 0.14453125
7 0.5 0.8600260416666666 0.033203125 0.02734375
4 0.78662109375 0.7779947916666666 0.0673828125 0.08984375
0 0.78662109375 0.8053385416666666 0.0673828125 0.14453125
7 0.787109375 0.8600260416666666 0.033203125 0.02734375
4 0.21337890625 0.9694010416666666 0.0673828125 0.061197916666666664
0 0.21337890625 0.9694010416666666 0.0673828125 0.061197916666666664
4 0.49951171875 0.9694010416666666 0.0673828125 0.061197916666666664
0 0.49951171875 0.9694010416666666 0.0673828125 0.061197916666666664
4 0.78662109375 0.9694010416666666 0.0673828125 0.061197916666666664
0 0.78662109375 0.9694010416666666 0.0673828125 0.061197916666666664