4 0.04833984375 0.026041666666666668 0.0146484375 0.015625
6 0.15234375 0.024739583333333332 0.173828125 0.018229166666666668
0 0.943359375 0.030598958333333332 0.03125 0.03515625
4 0.9052734375 0.11458333333333333 0.029296875 0.0390625
0 0.958984375 0.09505208333333333 0 0
4 0.9443359375 0.11458333333333333 0.029296875 0.0390625
0 0.958984375 0.09505208333333333 0 0
4 0.1640625 0.11783854166666667 0.24609375 0.07161458333333333
0 0.041015625 0.049479166666666664 0 0
7 0.06689453125 0.19596354166666666 0.0517578125 0.032552083333333336
0 0.9287109375 0.1796875 0 0
7 0.12744140625 0.19596354166666666 0.0693359375 0.032552083333333336
0 0.9287109375 0.1796875 0 0
7 0.1953125 0.19596354166666666 0.06640625 0.032552083333333336
0 0.9287109375 0.1796875 0 0
7 0.267578125 0.19596354166666666 0.078125 0.032552083333333336
0 0.9287109375 0.1796875 0 0
7 0.33935546875 0.19596354166666666 0.0654296875 0.032552083333333336
0 0.9287109375 0.1796875 0 0
7 0.42236328125 0.19596354166666666 0.1005859375 0.032552083333333336
0 0.9287109375 0.1796875 0 0
7 0.53369140625 0.19596354166666666 0.1220703125 0.032552083333333336
0 0.9287109375 0.1796875 0 0
7 0.63427734375 0.19596354166666666 0.0791015625 0.032552083333333336
0 0.9287109375 0.1796875 0 0
7 0.73388671875 0.19596354166666666 0.1201171875 0.032552083333333336
0 0.9287109375 0.1796875 0 0
7 0.84619140625 0.19596354166666666 0.1044921875 0.032552083333333336
0 0.9287109375 0.1796875 0 0
7 0.0791015625 0.228515625 0.076171875 0.032552083333333336
0 0.9287109375 0.1796875 0 0
4 0.5 0.22395833333333334 1 0.0078125
4 0.1689453125 0.4303385416666667 0.337890625 0.4830729166666667
7 0.6904296875 0.3919270833333333 0.5078125 0.328125
2 0.65771484375 0.677734375 0.3603515625 0.17057291666666666
2 0.69921875 0.6907552083333334 0.443359375 0.061197916666666664
0 0.8662109375 0.6171875 0.083984375 0.044270833333333336
7 0.49462890625 0.8157552083333334 0.0224609375 0.053385416666666664
7 0.49462890625 0.8580729166666666 0.0478515625 0.033854166666666664
7 0.6220703125 0.8157552083333334 0.03515625 0.053385416666666664
7 0.6220703125 0.8580729166666666 0.083984375 0.033854166666666664
7 0.74951171875 0.8157552083333334 0.0224609375 0.053385416666666664
7 0.7490234375 0.8580729166666666 0.080078125 0.033854166666666664
7 0.87646484375 0.8157552083333334 0.0224609375 0.053385416666666664
7 0.87646484375 0.8580729166666666 0.0732421875 0.033854166666666664
2 0.1484375 0.9759114583333334 0.205078125 0.022135416666666668
6 0.1455078125 1 0.19921875 0
2 0.3828125 0.9759114583333334 0.205078125 0.022135416666666668
6 0.3740234375 1 0.1875 0
2 0.6171875 0.9759114583333334 0.205078125 0.022135416666666668
6 0.55224609375 1 0.0751953125 0
2 0.8515625 0.982421875 0.205078125 0.03515625