4 0.033203125 0.078125 0.05078125 0.06770833333333333
0 0.033203125 0.078125 0.05078125 0.07291666666666667
7 0.1044921875 0.078125 0.037109375 0.03125
0 0.11474609375 0.078125 0.0576171875 0.03125
7 0.21728515625 0.078125 0.1181640625 0.03125
0 0.2275390625 0.078125 0.138671875 0.03125
7 0.330078125 0.078125 0.037109375 0.03125
0 0.34033203125 0.078125 0.0576171875 0.03125
7 0.41552734375 0.078125 0.0634765625 0.03125
0 0.42578125 0.078125 0.083984375 0.03125
7 0.53515625 0.078125 0.10546875 0.03125
0 0.54541015625 0.078125 0.1259765625 0.03125
6 0.68701171875 0.078125 0.0263671875 0.03125
7 0.7275390625 0.078125 0.025390625 0.03125
6 0.79443359375 0.078125 0.0263671875 0.03125
6 0.8349609375 0.078125 0.025390625 0.03125
7 0.916015625 0.078125 0.076171875 0.028645833333333332
0 0.927734375 0.078125 0.130859375 0.07291666666666667
2 0.36181640625 0.1796875 0.3603515625 0.03125
0 0.69189453125 0.1796875 0.2529296875 0.0625
4 0.2646484375 0.546875 0.412109375 0.5494791666666666
7 0.720703125 0.3235677083333333 0.44140625 0.032552083333333336
2 0.5419921875 0.4016927083333333 0.083984375 0.08463541666666667
2 0.6884765625 0.4016927083333333 0.2109375 0.08463541666666667
2 0.57177734375 0.474609375 0.1435546875 0.08463541666666667
7 0.7060546875 0.5559895833333334 0.412109375 0.0234375
6 0.55517578125 0.5872395833333334 0.1103515625 0.0234375
0 0.55517578125 0.673828125 0.1103515625 0.06380208333333333
7 0.70556640625 0.75390625 0.4111328125 0.03125
7 0.74755859375 0.76171875 0.2744140625 0.015625
6 0.708984375 0.76953125 0.41796875 0.03125
2 0.5 0.9596354166666666 0.921875 0.08072916666666667