2 0.283203125 0.11328125 0.390625 0.049479166666666664
2 0.72607421875 0.484375 0.2685546875 0.484375
3 0.7841796875 0.47265625 0.384765625 0.4296875
4 0.3251953125 0.9244791666666666 0.021484375 0.15104166666666666
0 0.34423828125 0.8639322916666666 0.0595703125 0.02734375
7 0.35546875 0.86328125 0.037109375 0.018229166666666668
4 0.4345703125 0.9244791666666666 0.021484375 0.15104166666666666
0 0.45556640625 0.8639322916666666 0.0634765625 0.02734375
7 0.46728515625 0.86328125 0.0419921875 0.018229166666666668
4 0.5478515625 0.9244791666666666 0.021484375 0.15104166666666666
0 0.5576171875 0.8639322916666666 0.041015625 0.02734375
7 0.5693359375 0.86328125 0.01953125 0.018229166666666668
4 0.638671875 0.9244791666666666 0.021484375 0.15104166666666666
0 0.65673828125 0.8639322916666666 0.0576171875 0.02734375
7 0.66796875 0.86328125 0.03515625 0.018229166666666668
6 0.23291015625 0.9075520833333334 0.0537109375 0.018229166666666668
7 0.2646484375 0.9075520833333334 0.00390625 0.018229166666666668
6 0.29248046875 0.9075520833333334 0.0439453125 0.018229166666666668
7 0.3203125 0.9075520833333334 0.00390625 0.018229166666666668
6 0.35546875 0.9075520833333334 0.05859375 0.018229166666666668
7 0.390625 0.9075520833333334 0.00390625 0.018229166666666668
6 0.42041015625 0.9075520833333334 0.0478515625 0.018229166666666668
7 0.4501953125 0.9075520833333334 0.00390625 0.018229166666666668
6 0.47998046875 0.9075520833333334 0.0478515625 0.018229166666666668
7 0.509765625 0.9075520833333334 0.00390625 0.018229166666666668
6 0.5537109375 0.9075520833333334 0.076171875 0.018229166666666668
7 0.5986328125 0.9075520833333334 0.00390625 0.018229166666666668
6 0.62841796875 0.9075520833333334 0.0478515625 0.018229166666666668
7 0.65869140625 0.9075520833333334 0.0048828125 0.018229166666666668
6 0.69287109375 0.9075520833333334 0.0576171875 0.018229166666666668
7 0.728515625 0.9075520833333334 0.00390625 0.018229166666666668
7 0.7607421875 0.9075520833333334 0.052734375 0.018229166666666668
6 0.79248046875 0.9049479166666666 0.0126953125 0.018229166666666668
7 0.5 0.935546875 0.9765625 0.02734375