4 0.044921875 0.048828125 0.04296875 0.05859375
0 0.044921875 0.048828125 0.06640625 0.08463541666666667
7 0.13525390625 0.048828125 0.0908203125 0.032552083333333336
0 0.14208984375 0.048828125 0.1044921875 0.08463541666666667
4 0.189453125 0.064453125 0.009765625 0.032552083333333336
7 0.2373046875 0.048828125 0.046875 0.032552083333333336
0 0.244140625 0.048828125 0.060546875 0.08463541666666667
4 0.26953125 0.064453125 0.009765625 0.032552083333333336
7 0.34326171875 0.048828125 0.0986328125 0.032552083333333336
0 0.35009765625 0.048828125 0.1123046875 0.08463541666666667
4 0.4013671875 0.064453125 0.009765625 0.032552083333333336
7 0.46435546875 0.048177083333333336 0.0830078125 0.028645833333333332
1 0.67431640625 0.049479166666666664 0.2978515625 0.0546875
4 0.884765625 0.041015625 0.029296875 0.040364583333333336
0 0.8837890625 0.048828125 0.05859375 0.08463541666666667
4 0.908203125 0.055989583333333336 0.009765625 0.03125
7 0.8837890625 0.0703125 0.037109375 0.0234375
4 0.95849609375 0.051432291666666664 0.0283203125 0.037760416666666664
0 0.95849609375 0.048828125 0.0517578125 0.08463541666666667
7 0.0634765625 0.11588541666666667 0.0859375 0.020833333333333332
0 0.10498046875 0.12825520833333334 0.1708984375 0.045572916666666664
7 0.146484375 0.11588541666666667 0.080078125 0.020833333333333332
7 0.18798828125 0.11653645833333333 0.0029296875 0.009114583333333334
7 0.0791015625 0.13671875 0.1171875 0.0234375
4 0.146484375 0.14908854166666666 0.009765625 0.032552083333333336
0 0.41357421875 0.12825520833333334 0.1357421875 0.048177083333333336
0 0.525390625 0.12825520833333334 0.087890625 0.048177083333333336
0 0.60791015625 0.12825520833333334 0.0771484375 0.048177083333333336
0 0.689453125 0.12825520833333334 0.0859375 0.048177083333333336
0 0.779296875 0.12825520833333334 0.09375 0.048177083333333336
0 0.85693359375 0.12825520833333334 0.0615234375 0.048177083333333336
4 0.90185546875 0.126953125 0.0146484375 0.01953125
0 0.90380859375 0.12825520833333334 0.0322265625 0.048177083333333336
4 0.93212890625 0.142578125 0.0107421875 0.032552083333333336
7 0.958984375 0.12825520833333334 0.037109375 0.02734375
4 0.5 0.22135416666666666 1 0.12239583333333333
0 0.5 0.22135416666666666 1 0.12239583333333333
2 0.5 0.19856770833333334 1 0.024739583333333332
7 0.462890625 0.23307291666666666 0.68359375 0.0234375
7 0.841796875 0.23307291666666666 0.07421875 0.0234375
4 0.5 0.5807291666666666 1 0.5572916666666666
0 0.5 0.5807291666666666 1 0.5572916666666666
7 0.5 0.6790364583333334 0.193359375 0.17578125
7 0.5 0.64453125 0.1328125 0.046875
7 0.49951171875 0.7141927083333334 0.1884765625 0.06380208333333333
4 0.17724609375 0.9498697916666666 0.2919921875 0.10026041666666667
0 0.17724609375 0.939453125 0.3232421875 0.12109375
2 0.11376953125 0.9583333333333334 0.1123046875 0.041666666666666664
2 0.10009765625 0.986328125 0.0849609375 0.02734375
4 0.5 0.9498697916666666 0.29296875 0.10026041666666667
0 0.5 0.939453125 0.32421875 0.12109375
2 0.44287109375 0.9583333333333334 0.1259765625 0.041666666666666664
2 0.4140625 0.986328125 0.068359375 0.02734375
4 0.82275390625 0.9498697916666666 0.2919921875 0.10026041666666667
0 0.82275390625 0.939453125 0.3232421875 0.12109375
2 0.7294921875 0.9583333333333334 0.052734375 0.041666666666666664
2 0.74755859375 0.986328125 0.0888671875 0.02734375