7 0.7958984375 0.034505208333333336 0.041015625 0.01953125
0 0.7802734375 0.03515625 0.083984375 0.06510416666666667
7 0.81884765625 0.034505208333333336 0.0068359375 0.01953125
0 0.87548828125 0.03515625 0.0791015625 0.06510416666666667
0 0.95458984375 0.03515625 0.0322265625 0.06510416666666667
0 0.13330078125 0.032552083333333336 0.1982421875 0.06510416666666667
0 0.06640625 0.091796875 0.09375 0.048177083333333336
0 0.15625 0.091796875 0.091796875 0.048177083333333336
0 0.2412109375 0.091796875 0.083984375 0.048177083333333336
0 0.32470703125 0.091796875 0.0888671875 0.048177083333333336
0 0.42138671875 0.091796875 0.1103515625 0.048177083333333336
0 0.541015625 0.091796875 0.134765625 0.048177083333333336
0 0.646484375 0.091796875 0.08203125 0.048177083333333336
3 0.5 0.19140625 0.7109375 0.1171875
2 0.1650390625 0.61328125 0.30078125 0.018229166666666668
0 0.1669921875 0.537109375 0.333984375 0.53515625
2 0.1455078125 0.6549479166666666 0.26171875 0.041666666666666664
2 0.12353515625 0.7330729166666666 0.2177734375 0.09375
2 0.1650390625 0.9674479166666666 0.30078125 0.018229166666666668
0 0.1669921875 0.9029947916666666 0.333984375 0.19401041666666666
2 0.14892578125 0.9934895833333334 0.2685546875 0.013020833333333334
2 0.498046875 0.4661458333333333 0.30078125 0.018229166666666668
0 0.5 0.4029947916666667 0.333984375 0.2669270833333333
2 0.4873046875 0.4993489583333333 0.279296875 0.02734375
2 0.498046875 0.69921875 0.30078125 0.018229166666666668
0 0.5 0.6712239583333334 0.333984375 0.2669270833333333
2 0.47900390625 0.75 0.2626953125 0.0625
2 0.498046875 0.9674479166666666 0.30078125 0.018229166666666668
0 0.5 0.9029947916666666 0.333984375 0.19401041666666666
2 0.49658203125 0.9934895833333334 0.2978515625 0.013020833333333334
2 0.8310546875 0.4309895833333333 0.30078125 0.018229166666666668
0 0.8330078125 0.4029947916666667 0.333984375 0.2669270833333333
2 0.81201171875 0.4817708333333333 0.2626953125 0.0625
2 0.8310546875 0.93359375 0.30078125 0.018229166666666668
0 0.8330078125 0.7688802083333334 0.333984375 0.4622395833333333
2 0.81884765625 0.9752604166666666 0.2763671875 0.041666666666666664