4 0.11474609375 0.041015625 0.1455078125 0.032552083333333336
7 0.3154296875 0.043619791666666664 0.23046875 0.016927083333333332
0 0.11474609375 0.038411458333333336 0.1455078125 0.04296875
7 0.916015625 0.039713541666666664 0.052734375 0.07942708333333333
7 0.81591796875 0.038411458333333336 0.0576171875 0.022135416666666668
4 0.85400390625 0.038411458333333336 0.0087890625 0.01171875
6 0.75146484375 0.038411458333333336 0.0244140625 0.024739583333333332
0 0.75146484375 0.0390625 0.0244140625 0.03125
4 0.6513671875 0.0390625 0.0234375 0.03125
4 0.6845703125 0.0390625 0.0234375 0.03125
4 0.7177734375 0.0390625 0.0234375 0.03125
7 0.55615234375 0.0390625 0.0478515625 0.036458333333333336
4 0.599609375 0.039713541666666664 0.01953125 0.01953125
4 0.61572265625 0.039713541666666664 0.0068359375 0.009114583333333334
0 0.12158203125 0.10807291666666667 0.0869140625 0.057291666666666664
0 0.2099609375 0.10807291666666667 0.08984375 0.057291666666666664
0 0.29833984375 0.10807291666666667 0.0869140625 0.057291666666666664
0 0.37060546875 0.10807291666666667 0.0576171875 0.057291666666666664
0 0.44482421875 0.10807291666666667 0.0908203125 0.057291666666666664
0 0.53857421875 0.10807291666666667 0.0966796875 0.057291666666666664
0 0.623046875 0.10807291666666667 0.072265625 0.057291666666666664
7 0.6962890625 0.10807291666666667 0.04296875 0.028645833333333332
0 0.939453125 0.10807291666666667 0.068359375 0.057291666666666664
3 0.5 0.3255208333333333 0.947265625 0.3255208333333333
7 0.09912109375 0.5533854166666666 0.0791015625 0.052083333333333336
0 0.185546875 0.5533854166666666 0.09375 0.052083333333333336
0 0.26025390625 0.5533854166666666 0.0517578125 0.052083333333333336
0 0.3525390625 0.5533854166666666 0.12890625 0.052083333333333336
0 0.458984375 0.5533854166666666 0.080078125 0.052083333333333336
0 0.556640625 0.5533854166666666 0.111328125 0.052083333333333336
0 0.66845703125 0.5533854166666666 0.1083984375 0.052083333333333336
0 0.7763671875 0.5533854166666666 0.103515625 0.052083333333333336
0 0.85791015625 0.5533854166666666 0.0556640625 0.052083333333333336
7 0.40869140625 0.6171875 0.7177734375 0.0234375
6 0.80126953125 0.6171875 0.0673828125 0.0234375
2 0.76416015625 0.6927083333333334 0.1044921875 0.028645833333333332
2 0.8056640625 0.80859375 0.291015625 0.13541666666666666
0 0.8056640625 0.80859375 0.291015625 0.15625
2 0.8056640625 0.9453125 0.291015625 0.09375
0 0.8056640625 0.9440104166666666 0.291015625 0.11197916666666667
4 0.34765625 0.8274739583333334 0.595703125 0.3450520833333333
0 0.34765625 0.8274739583333334 0.595703125 0.3450520833333333
0 0.08740234375 0.677734375 0.0751953125 0.045572916666666664
4 0.9697265625 0.8489583333333334 0.03125 0.041666666666666664