0 0.8232421875 0.04296875 0.12890625 0.07291666666666667
6 0.92236328125 0.04296875 0.0380859375 0.020833333333333332
0 0.92236328125 0.04296875 0.0693359375 0.07291666666666667
4 0.0791015625 0.045572916666666664 0.041015625 0.0234375
0 0.1435546875 0.048177083333333336 0.169921875 0.08333333333333333
2 0.1494140625 0.045572916666666664 0.095703125 0.036458333333333336
6 0.083984375 0.12760416666666666 0.05078125 0.020833333333333332
6 0.1748046875 0.12760416666666666 0.080078125 0.020833333333333332
6 0.2587890625 0.12760416666666666 0.037109375 0.020833333333333332
6 0.34423828125 0.12760416666666666 0.0830078125 0.020833333333333332
6 0.44873046875 0.12760416666666666 0.0751953125 0.020833333333333332
6 0.529296875 0.12760416666666666 0.03515625 0.020833333333333332
6 0.26123046875 0.048177083333333336 0.0810546875 0.020833333333333332
6 0.373046875 0.048177083333333336 0.080078125 0.020833333333333332
6 0.4931640625 0.048177083333333336 0.09765625 0.020833333333333332
7 0.1103515625 0.19466145833333334 0.068359375 0.022135416666666668
7 0.3603515625 0.19466145833333334 0.431640625 0.022135416666666668
6 0.6142578125 0.19466145833333334 0.076171875 0.022135416666666668
4 0.5 0.626953125 1 0.74609375
2 0.21875 0.5631510416666666 0.28125 0.3346354166666667
2 0.298828125 0.5247395833333334 0.44140625 0.09114583333333333
7 0.2568359375 0.6204427083333334 0.357421875 0.07421875
0 0.14794921875 0.7037760416666666 0.1396484375 0.053385416666666664
4 0.2001953125 0.9498697916666666 0.283203125 0.10026041666666667
4 0.5 0.9498697916666666 0.283203125 0.10026041666666667
4 0.7998046875 0.9498697916666666 0.283203125 0.10026041666666667