2 0.068359375 0.032552083333333336 0.09765625 0.03125
0 0.068359375 0.033203125 0.09765625 0.06640625
0 0.26513671875 0.033854166666666664 0.0673828125 0.0234375
0 0.35205078125 0.033854166666666664 0.0673828125 0.0234375
0 0.43994140625 0.033854166666666664 0.0693359375 0.0234375
0 0.52880859375 0.033854166666666664 0.0693359375 0.0234375
0 0.6328125 0.033854166666666664 0.099609375 0.0234375
0 0.759765625 0.033854166666666664 0.115234375 0.0234375
4 0.5 0.5 1 1
4 0.5 0.921875 0.0078125 0.0234375
4 0.5 1 1 0