4 0.0859375 0.080078125 0.015625 0.022135416666666668
0 0.0859375 0.080078125 0.015625 0.037760416666666664
0 0.1494140625 0.07942708333333333 0.048828125 0.020833333333333332
0 0.224609375 0.07942708333333333 0.0390625 0.020833333333333332
4 0.5 0.12044270833333333 0.087890625 0.17578125
4 0.5 0.24934895833333334 0.171875 0.03515625
0 0.828125 0.07942708333333333 0.044921875 0.020833333333333332
7 0.93310546875 0.07942708333333333 0.0654296875 0.0234375
0 0.93310546875 0.080078125 0.1025390625 0.053385416666666664
4 0.5 0.5201822916666666 0.484375 0.36328125
0 0.5 0.5201822916666666 0.484375 0.36328125
7 0.7099609375 0.71484375 0.064453125 0.010416666666666666
2 0.5 0.7630208333333334 0.328125 0.0546875
7 0.5 0.8450520833333334 0.421875 0.0703125
6 0.5 0.9134114583333334 0.130859375 0.016927083333333332
2 0.84912109375 0.3541666666666667 0.1513671875 0.0234375
6 0.81884765625 0.3977864583333333 0.0908203125 0.016927083333333332
2 0.865234375 0.484375 0.18359375 0.0546875
6 0.82275390625 0.5436197916666666 0.0986328125 0.016927083333333332
2 0.857421875 0.6145833333333334 0.16796875 0.0234375
6 0.8154296875 0.658203125 0.083984375 0.016927083333333332
2 0.87890625 0.7447916666666666 0.2109375 0.0546875
6 0.82275390625 0.8040364583333334 0.0986328125 0.016927083333333332
7 0.87890625 0.8997395833333334 0.2109375 0.078125
0 0.87890625 0.974609375 0.2109375 0.05078125
4 0.12109375 0.41796875 0.2109375 0.15885416666666666
0 0.12109375 0.41796875 0.2109375 0.15885416666666666
7 0.20263671875 0.509765625 0.0478515625 0.01171875
2 0.0693359375 0.5572916666666666 0.107421875 0.06770833333333333
4 0.12109375 0.7135416666666666 0.2109375 0.15885416666666666
0 0.12109375 0.7135416666666666 0.2109375 0.15885416666666666
7 0.20263671875 0.8059895833333334 0.0478515625 0.010416666666666666
2 0.11669921875 0.853515625 0.2021484375 0.06640625
6 0.07666015625 0.9173177083333334 0.1220703125 0.016927083333333332