0 0 0.052083333333333336 0 0.10416666666666667
6 0.0361328125 0.020833333333333332 0.033203125 0.020833333333333332
6 0.08935546875 0.020833333333333332 0.0498046875 0.020833333333333332
6 0.15966796875 0.020833333333333332 0.0673828125 0.020833333333333332
6 0.22314453125 0.020833333333333332 0.0361328125 0.020833333333333332
6 0.2744140625 0.020833333333333332 0.04296875 0.020833333333333332
6 0.3671875 0.020833333333333332 0.119140625 0.020833333333333332
6 0.7939453125 0.020833333333333332 0.037109375 0.020833333333333332
6 0.8525390625 0.020833333333333332 0.056640625 0.020833333333333332
6 0.90673828125 0.020833333333333332 0.0283203125 0.020833333333333332
6 0.95654296875 0.020833333333333332 0.0478515625 0.020833333333333332
0 0.0390625 0.07291666666666667 0.078125 0.0625
0 0.1259765625 0.07291666666666667 0.09765625 0.0625
0 0.2158203125 0.07291666666666667 0.083984375 0.0625
0 0.29541015625 0.07291666666666667 0.0771484375 0.0625
0 0.408203125 0.07291666666666667 0.150390625 0.0625
4 0.9755859375 0.07291666666666667 0.015625 0.020833333333333332
0 0.9755859375 0.07291666666666667 0.046875 0.0625
7 0.5 0.12369791666666667 1 0.0390625
0 0.5 0.12369791666666667 1 0.0390625
4 0.3349609375 0.5 0.654296875 0.7083333333333334
4 0.3349609375 0.5 0.654296875 0.7083333333333334
4 0.3349609375 0.5 0.654296875 0.7083333333333334
4 0.19287109375 0.24479166666666666 0.3310546875 0.14583333333333334
7 0.56005859375 0.17513020833333334 0.1650390625 0.02734375
2 0.0439453125 0.5638020833333334 0.033203125 0.018229166666666668
2 0.33447265625 0.6868489583333334 0.6142578125 0.23567708333333334
7 0.03515625 0.8248697916666666 0.015625 0.01953125
6 0.07958984375 0.8248697916666666 0.0732421875 0.01953125
4 0.1328125 0.8255208333333334 0.015625 0.020833333333333332
7 0.1767578125 0.8248697916666666 0.064453125 0.01953125
4 0.2255859375 0.8255208333333334 0.015625 0.020833333333333332
7 0.24072265625 0.8248697916666666 0.0068359375 0.01953125
4 0.83056640625 0.3203125 0.3232421875 0.3489583333333333
4 0.83056640625 0.3203125 0.3232421875 0.3489583333333333
2 0.81982421875 0.3697916666666667 0.2626953125 0.20052083333333334
4 0.83056640625 0.6796875 0.3232421875 0.3489583333333333
4 0.83056640625 0.6796875 0.3232421875 0.3489583333333333
2 0.70556640625 0.6744791666666666 0.0341796875 0.018229166666666668
2 0.82568359375 0.7473958333333334 0.2744140625 0.12239583333333333
7 0.69677734375 0.8248697916666666 0.0166015625 0.01953125
6 0.74560546875 0.8248697916666666 0.0830078125 0.01953125
4 0.80322265625 0.8255208333333334 0.0166015625 0.020833333333333332
7 0.84716796875 0.8248697916666666 0.0654296875 0.01953125
4 0.89599609375 0.8255208333333334 0.0166015625 0.020833333333333332
7 0.9111328125 0.8248697916666666 0.0078125 0.01953125
3 0.5 0.9674479166666666 0.7109375 0.06510416666666667