0 0.41650390625 0.14322916666666666 0.7509765625 0.020833333333333332
6 0.86474609375 0.14453125 0.0849609375 0.020833333333333332
0 0.86474609375 0.14322916666666666 0.1259765625 0.044270833333333336
7 0.09912109375 0.25 0.1064453125 0.026041666666666668
7 0.09912109375 0.271484375 0.1064453125 0.01953125
4 0.5 0.2591145833333333 0.609375 0.06510416666666667
0 0.5 0.2591145833333333 0.609375 0.06510416666666667
7 0.0458984375 0.3723958333333333 0.04296875 0.026041666666666668
0 0.0458984375 0.3723958333333333 0.04296875 0.046875
7 0.13671875 0.3723958333333333 0.05859375 0.026041666666666668
0 0.13671875 0.3723958333333333 0.05859375 0.046875
7 0.23583984375 0.3723958333333333 0.0595703125 0.026041666666666668
0 0.23583984375 0.3723958333333333 0.0595703125 0.046875
7 0.330078125 0.3723958333333333 0.048828125 0.026041666666666668
0 0.330078125 0.3723958333333333 0.048828125 0.046875
7 0.42431640625 0.3723958333333333 0.0595703125 0.026041666666666668
0 0.42431640625 0.3723958333333333 0.0595703125 0.046875
7 0.5068359375 0.3723958333333333 0.025390625 0.026041666666666668
0 0.5068359375 0.3723958333333333 0.025390625 0.046875
7 0.5859375 0.3723958333333333 0.052734375 0.026041666666666668
0 0.5859375 0.3723958333333333 0.052734375 0.046875
7 0.71044921875 0.3723958333333333 0.1162109375 0.026041666666666668
0 0.71044921875 0.3723958333333333 0.1162109375 0.046875
7 0.8408203125 0.3723958333333333 0.064453125 0.026041666666666668
0 0.8408203125 0.3723958333333333 0.064453125 0.046875
7 0.94921875 0.3723958333333333 0.072265625 0.026041666666666668
0 0.94921875 0.3723958333333333 0.072265625 0.046875
2 0.1318359375 0.447265625 0.18359375 0.01953125
2 0.2353515625 0.447265625 0.0234375 0.01953125
0 0.1318359375 0.447265625 0.18359375 0.01953125
4 0.5 0.7447916666666666 0.919921875 0.5104166666666666
0 0.5 0.734375 0.919921875 0.53125