4 0.025390625 0.041666666666666664 0.015625 0.020833333333333332
0 0.025390625 0.041666666666666664 0.015625 0.020833333333333332
4 0.130859375 0.041666666666666664 0.16015625 0.028645833333333332
0 0.1220703125 0.041666666666666664 0.177734375 0.028645833333333332
1 0.7333984375 0.041666666666666664 0.166015625 0.026041666666666668
4 0.81201171875 0.041666666666666664 0.0087890625 0.0078125
4 0.84765625 0.041666666666666664 0.015625 0.020833333333333332
0 0.84765625 0.041666666666666664 0.015625 0.020833333333333332
0 0.927734375 0.041666666666666664 0.09765625 0.046875
2 0.5 0.19140625 0.9375 0.06770833333333333
7 0.5 0.24348958333333334 0.9375 0.026041666666666668
4 0.73876953125 0.6015625 0.4599609375 0.5442708333333334
0 0.73876953125 0.6015625 0.4599609375 0.5442708333333334
7 0.22119140625 0.4401041666666667 0.3798828125 0.020833333333333332
2 0.22119140625 0.53125 0.3798828125 0.140625
0 0.22119140625 0.6067708333333334 0.3798828125 0.2916666666666667
6 0.22119140625 0.6901041666666666 0.3798828125 0.125
2 0.2607421875 0.9993489583333334 0.458984375 0.0013020833333333333
4 0.04296875 0.9615885416666666 0.0234375 0.029947916666666668
7 0.14111328125 0.962890625 0.1533203125 0.032552083333333336
7 0.3486328125 0.962890625 0.255859375 0.032552083333333336
0 0.8408203125 0.9609375 0.09765625 0.046875
0 0.93603515625 0.9609375 0.0654296875 0.046875