7 0.333984375 0.16015625 0.5859375 0.033854166666666664
7 0.33203125 0.24479166666666666 0.58203125 0.10677083333333333
6 0.2783203125 0.2890625 0.1328125 0.018229166666666668
7 0.34716796875 0.2890625 0.0048828125 0.018229166666666668
7 0.14599609375 0.3528645833333333 0.2099609375 0.052083333333333336
0 0.15087890625 0.3528645833333333 0.2197265625 0.052083333333333336
7 0.3330078125 0.3528645833333333 0.126953125 0.052083333333333336
0 0.337890625 0.3528645833333333 0.13671875 0.052083333333333336
4 0.5 0.055338541666666664 1 0.11067708333333333
4 0.1484375 0.032552083333333336 0.21484375 0.03125
0 0.1484375 0.035807291666666664 0.21484375 0.037760416666666664
4 0.3759765625 0.032552083333333336 0.015625 0.020833333333333332
1 0.51513671875 0.032552083333333336 0.2626953125 0.020833333333333332
0 0.70947265625 0.032552083333333336 0.0400390625 0.052083333333333336
6 0.77490234375 0.032552083333333336 0.0537109375 0.052083333333333336
7 0.83837890625 0.032552083333333336 0.0361328125 0.018229166666666668
4 0.869140625 0.033854166666666664 0.013671875 0.018229166666666668
0 0.84814453125 0.032552083333333336 0.0556640625 0.052083333333333336
0 0.9267578125 0.032552083333333336 0.064453125 0.052083333333333336
7 0.1787109375 0.4036458333333333 0.255859375 0.028645833333333332
0 0.1875 0.4036458333333333 0.29296875 0.0390625
7 0.4912109375 0.4036458333333333 0.255859375 0.028645833333333332
0 0.5 0.4036458333333333 0.29296875 0.0390625
7 0.8037109375 0.4036458333333333 0.255859375 0.028645833333333332
0 0.8125 0.4036458333333333 0.29296875 0.0390625
4 0.06298828125 0.4609375 0.0244140625 0.033854166666666664
0 0.06298828125 0.4609375 0.0244140625 0.033854166666666664
7 0.1826171875 0.4609375 0.1953125 0.020833333333333332
4 0.1875 0.6321614583333334 0.29296875 0.29296875
0 0.1875 0.6321614583333334 0.29296875 0.29296875
4 0.09814453125 0.8287760416666666 0.0205078125 0.02734375
0 0.1396484375 0.8287760416666666 0.103515625 0.10026041666666667
7 0.15673828125 0.8287760416666666 0.0693359375 0.10026041666666667
4 0.25830078125 0.8033854166666666 0.0205078125 0.026041666666666668
0 0.28173828125 0.8033854166666666 0.0673828125 0.026041666666666668
7 0.298828125 0.8033854166666666 0.033203125 0.026041666666666668
4 0.25830078125 0.8541666666666666 0.0205078125 0.026041666666666668
0 0.275390625 0.8541666666666666 0.0546875 0.026041666666666668
7 0.29248046875 0.8541666666666666 0.0205078125 0.026041666666666668
4 0.37548828125 0.4609375 0.0244140625 0.033854166666666664
0 0.37548828125 0.4609375 0.0244140625 0.033854166666666664
7 0.4951171875 0.4609375 0.1953125 0.020833333333333332
4 0.5 0.6321614583333334 0.29296875 0.29296875
0 0.5 0.6321614583333334 0.29296875 0.29296875
4 0.41064453125 0.8287760416666666 0.0205078125 0.02734375
0 0.4521484375 0.8287760416666666 0.103515625 0.10026041666666667
7 0.46923828125 0.8287760416666666 0.0693359375 0.10026041666666667
4 0.57080078125 0.8033854166666666 0.0205078125 0.026041666666666668
0 0.59423828125 0.8033854166666666 0.0673828125 0.026041666666666668
7 0.611328125 0.8033854166666666 0.033203125 0.026041666666666668
4 0.57080078125 0.8541666666666666 0.0205078125 0.026041666666666668
0 0.587890625 0.8541666666666666 0.0546875 0.026041666666666668
7 0.60498046875 0.8541666666666666 0.0205078125 0.026041666666666668
4 0.685546875 0.4622395833333333 0.009765625 0.013020833333333334
7 0.77294921875 0.4622395833333333 0.1357421875 0.028645833333333332
3 0.8125 0.6510416666666666 0.29296875 0.3255208333333333
7 0.8125 0.8463541666666666 0.197265625 0.020833333333333332
4 0.06298828125 0.9296875 0.0244140625 0.033854166666666664
0 0.06298828125 0.9296875 0.0244140625 0.033854166666666664
7 0.1826171875 0.9296875 0.1953125 0.020833333333333332
4 0.1875 0.9772135416666666 0.29296875 0.045572916666666664
0 0.1875 0.9772135416666666 0.29296875 0.045572916666666664
4 0.37548828125 0.9296875 0.0244140625 0.033854166666666664
0 0.37548828125 0.9296875 0.0244140625 0.033854166666666664
7 0.4951171875 0.9296875 0.1953125 0.020833333333333332
4 0.5 0.9772135416666666 0.29296875 0.045572916666666664
0 0.5 0.9772135416666666 0.29296875 0.045572916666666664
4 0.68798828125 0.9296875 0.0244140625 0.033854166666666664
0 0.68798828125 0.9296875 0.0244140625 0.033854166666666664
7 0.8076171875 0.9296875 0.1953125 0.020833333333333332
4 0.8125 0.9772135416666666 0.29296875 0.045572916666666664
0 0.8125 0.9772135416666666 0.29296875 0.045572916666666664