2 0.05859375 0.030598958333333332 0.0859375 0.032552083333333336
2 0.1259765625 0.030598958333333332 0.037109375 0.024739583333333332
2 0.14599609375 0.10807291666666667 0.2607421875 0.033854166666666664
6 0.07275390625 0.14322916666666666 0.1142578125 0.026041666666666668
6 0.05078125 0.17708333333333334 0.0703125 0.026041666666666668
6 0.0419921875 0.2109375 0.052734375 0.026041666666666668
2 0.14599609375 0.2786458333333333 0.2607421875 0.033854166666666664
6 0.05517578125 0.3138020833333333 0.0791015625 0.026041666666666668
6 0.03759765625 0.34765625 0.0439453125 0.026041666666666668
6 0.04638671875 0.3815104166666667 0.0615234375 0.026041666666666668
6 0.03759765625 0.4153645833333333 0.0439453125 0.026041666666666668
6 0.04638671875 0.44921875 0.0615234375 0.026041666666666668
2 0.14599609375 0.5169270833333334 0.2607421875 0.033854166666666664
6 0.0419921875 0.5520833333333334 0.052734375 0.026041666666666668
6 0.05078125 0.5859375 0.0703125 0.026041666666666668
2 0.14599609375 0.6536458333333334 0.2607421875 0.033854166666666664
6 0.08154296875 0.6888020833333334 0.1318359375 0.026041666666666668
6 0.0859375 0.72265625 0.140625 0.026041666666666668
6 0.10791015625 0.7565104166666666 0.1845703125 0.026041666666666668
2 0.14599609375 0.82421875 0.2607421875 0.033854166666666664
6 0.09033203125 0.859375 0.1494140625 0.026041666666666668
6 0.0771484375 0.8932291666666666 0.123046875 0.026041666666666668
6 0.080078125 0.9270833333333334 0.12890625 0.026041666666666668
0 0.9033203125 0.947265625 0.162109375 0.06380208333333333
4 0.36376953125 0.07096354166666667 0.1416015625 0.14192708333333334
0 0.36376953125 0.07096354166666667 0.1416015625 0.14192708333333334
4 0.5048828125 0.07096354166666667 0.142578125 0.14192708333333334
0 0.5048828125 0.07096354166666667 0.142578125 0.14192708333333334
4 0.646484375 0.07096354166666667 0.142578125 0.14192708333333334
0 0.646484375 0.07096354166666667 0.142578125 0.14192708333333334
4 0.7880859375 0.07096354166666667 0.142578125 0.14192708333333334
0 0.7880859375 0.07096354166666667 0.142578125 0.14192708333333334
4 0.92919921875 0.07096354166666667 0.1416015625 0.14192708333333334
0 0.92919921875 0.07096354166666667 0.1416015625 0.14192708333333334
4 0.36376953125 0.21223958333333334 0.1416015625 0.14322916666666666
0 0.36376953125 0.21223958333333334 0.1416015625 0.14322916666666666
4 0.5048828125 0.21223958333333334 0.142578125 0.14322916666666666
0 0.5048828125 0.21223958333333334 0.142578125 0.14322916666666666
4 0.646484375 0.21223958333333334 0.142578125 0.14322916666666666
0 0.646484375 0.21223958333333334 0.142578125 0.14322916666666666
4 0.7880859375 0.21223958333333334 0.142578125 0.14322916666666666
0 0.7880859375 0.21223958333333334 0.142578125 0.14322916666666666
4 0.92919921875 0.21223958333333334 0.1416015625 0.14322916666666666
0 0.92919921875 0.21223958333333334 0.1416015625 0.14322916666666666
4 0.36376953125 0.353515625 0.1416015625 0.14192708333333334
0 0.36376953125 0.353515625 0.1416015625 0.14192708333333334
4 0.5048828125 0.353515625 0.142578125 0.14192708333333334
0 0.5048828125 0.353515625 0.142578125 0.14192708333333334
4 0.646484375 0.353515625 0.142578125 0.14192708333333334
0 0.646484375 0.353515625 0.142578125 0.14192708333333334
4 0.7880859375 0.353515625 0.142578125 0.14192708333333334
0 0.7880859375 0.353515625 0.142578125 0.14192708333333334
4 0.92919921875 0.353515625 0.1416015625 0.14192708333333334
0 0.92919921875 0.353515625 0.1416015625 0.14192708333333334
4 0.36376953125 0.4947916666666667 0.1416015625 0.14322916666666666
0 0.36376953125 0.4947916666666667 0.1416015625 0.14322916666666666
4 0.5048828125 0.4947916666666667 0.142578125 0.14322916666666666
0 0.5048828125 0.4947916666666667 0.142578125 0.14322916666666666
4 0.646484375 0.4947916666666667 0.142578125 0.14322916666666666
0 0.646484375 0.4947916666666667 0.142578125 0.14322916666666666
4 0.7880859375 0.4947916666666667 0.142578125 0.14322916666666666
0 0.7880859375 0.4947916666666667 0.142578125 0.14322916666666666
4 0.92919921875 0.4947916666666667 0.1416015625 0.14322916666666666
0 0.92919921875 0.4947916666666667 0.1416015625 0.14322916666666666
4 0.36376953125 0.6360677083333334 0.1416015625 0.14192708333333334
0 0.36376953125 0.6360677083333334 0.1416015625 0.14192708333333334
4 0.5048828125 0.6360677083333334 0.142578125 0.14192708333333334
0 0.5048828125 0.6360677083333334 0.142578125 0.14192708333333334
4 0.646484375 0.6360677083333334 0.142578125 0.14192708333333334
0 0.646484375 0.6360677083333334 0.142578125 0.14192708333333334
4 0.7880859375 0.6360677083333334 0.142578125 0.14192708333333334
0 0.7880859375 0.6360677083333334 0.142578125 0.14192708333333334
4 0.92919921875 0.6360677083333334 0.1416015625 0.14192708333333334
0 0.92919921875 0.6360677083333334 0.1416015625 0.14192708333333334
4 0.36376953125 0.77734375 0.1416015625 0.14322916666666666
0 0.36376953125 0.77734375 0.1416015625 0.14322916666666666
4 0.5048828125 0.77734375 0.142578125 0.14322916666666666
0 0.5048828125 0.77734375 0.142578125 0.14322916666666666
4 0.646484375 0.77734375 0.142578125 0.14322916666666666
0 0.646484375 0.77734375 0.142578125 0.14322916666666666
4 0.7880859375 0.77734375 0.142578125 0.14322916666666666
0 0.7880859375 0.77734375 0.142578125 0.14322916666666666
4 0.92919921875 0.77734375 0.1416015625 0.14322916666666666
0 0.92919921875 0.77734375 0.1416015625 0.14322916666666666
4 0.36376953125 0.9192708333333334 0.1416015625 0.14322916666666666
0 0.36376953125 0.9192708333333334 0.1416015625 0.14322916666666666
4 0.5048828125 0.9192708333333334 0.142578125 0.14322916666666666
0 0.5048828125 0.9192708333333334 0.142578125 0.14322916666666666
4 0.646484375 0.9192708333333334 0.142578125 0.14322916666666666
0 0.646484375 0.9192708333333334 0.142578125 0.14322916666666666
4 0.7880859375 0.9192708333333334 0.142578125 0.14322916666666666
0 0.7880859375 0.9192708333333334 0.142578125 0.14322916666666666
4 0.92919921875 0.9192708333333334 0.1416015625 0.14322916666666666
0 0.92919921875 0.9192708333333334 0.1416015625 0.14322916666666666
4 0.36376953125 0.9947916666666666 0.1416015625 0.010416666666666666
0 0.36376953125 0.9947916666666666 0.1416015625 0.010416666666666666
4 0.5048828125 0.9947916666666666 0.142578125 0.010416666666666666
0 0.5048828125 0.9947916666666666 0.142578125 0.010416666666666666
4 0.646484375 0.9947916666666666 0.142578125 0.010416666666666666
0 0.646484375 0.9947916666666666 0.142578125 0.010416666666666666
4 0.7880859375 0.9947916666666666 0.142578125 0.010416666666666666
0 0.7880859375 0.9947916666666666 0.142578125 0.010416666666666666
4 0.92919921875 0.9947916666666666 0.1416015625 0.010416666666666666
0 0.92919921875 0.9947916666666666 0.1416015625 0.010416666666666666