7 0.2919921875 0.024088541666666668 0.470703125 0.024739583333333332
6 0.58837890625 0.024088541666666668 0.1220703125 0.024739583333333332
7 0.72265625 0.024088541666666668 0.1484375 0.024739583333333332
6 0.6611328125 0.037760416666666664 0.5625 0.052083333333333336
2 0.09326171875 0.11458333333333333 0.1396484375 0.026041666666666668
0 0.22509765625 0.11458333333333333 0.1005859375 0.078125
0 0.31494140625 0.11458333333333333 0.0810546875 0.078125
0 0.42529296875 0.11458333333333333 0.1416015625 0.078125
0 0.53662109375 0.11458333333333333 0.0830078125 0.078125
7 0.61669921875 0.11458333333333333 0.0400390625 0.028645833333333332
0 0.61474609375 0.11458333333333333 0.0751953125 0.078125
7 0.904296875 0.11458333333333333 0.02734375 0.028645833333333332
0 0.90234375 0.11458333333333333 0.0625 0.078125
0 0.96630859375 0.11458333333333333 0.0673828125 0.078125
4 0.5 0.25390625 1 0.3567708333333333
4 0.70751953125 0.25390625 0.5849609375 0.3567708333333333
2 0.5 0.20442708333333334 0.953125 0.0390625
1 0.1015625 0.2890625 0.15625 0.06770833333333333
7 0.29833984375 0.2890625 0.1357421875 0.028645833333333332
4 0.38232421875 0.2890625 0.0166015625 0.020833333333333332
4 0.43408203125 0.2890625 0.0244140625 0.03125
0 0.43408203125 0.2890625 0.0556640625 0.06770833333333333
1 0.673828125 0.2890625 0.42578125 0.06770833333333333
0 0.93115234375 0.2890625 0.0830078125 0.057291666666666664
7 0.1123046875 0.3776041666666667 0.15234375 0.044270833333333336
0 0.1123046875 0.3776041666666667 0.177734375 0.046875
7 0.302734375 0.3776041666666667 0.15234375 0.044270833333333336
0 0.302734375 0.3776041666666667 0.177734375 0.046875
7 0.4931640625 0.3776041666666667 0.15234375 0.044270833333333336
0 0.4931640625 0.3776041666666667 0.177734375 0.046875
7 0.68359375 0.3776041666666667 0.15234375 0.044270833333333336
0 0.68359375 0.3776041666666667 0.177734375 0.046875
7 0.87451171875 0.3776041666666667 0.1533203125 0.044270833333333336
0 0.87451171875 0.3776041666666667 0.1787109375 0.046875
3 0.5 0.5013020833333334 0.7109375 0.1171875
7 0.9248046875 0.6881510416666666 0.103515625 0.02734375
0 0.9248046875 0.6881510416666666 0.103515625 0.02734375
7 0.9248046875 0.7565104166666666 0.103515625 0.109375
7 0.9248046875 0.8528645833333334 0.103515625 0.028645833333333332
0 0.9248046875 0.8528645833333334 0.103515625 0.028645833333333332
7 0.9248046875 0.9212239583333334 0.103515625 0.11067708333333333
7 0.71240234375 0.8053385416666666 0.3232421875 0.02734375
7 0.71240234375 0.8567708333333334 0.3232421875 0.0546875
4 0.953125 0.7916666666666666 0.015625 0.020833333333333332
0 0.953125 0.7942708333333334 0.015625 0.026041666666666668
0 0.92529296875 0.8606770833333334 0.0732421875 0.046875
3 0.85009765625 0.9765625 0.1533203125 0.046875
0 0.85009765625 0.9765625 0.1533203125 0.046875