4 0.0029296875 0.013020833333333334 0.005859375 0.015625
4 0.04931640625 0.044270833333333336 0.0693359375 0.07291666666666667
4 0.08837890625 0.015625 0.0068359375 0.015625
6 0.04150390625 0.09830729166666667 0.0693359375 0.022135416666666668
6 0.04248046875 0.12565104166666666 0.0712890625 0.022135416666666668
6 0.02490234375 0.15169270833333334 0.0361328125 0.022135416666666668
6 0.02294921875 0.17122395833333334 0.0205078125 0.016927083333333332
6 0.04541015625 0.17122395833333334 0.0224609375 0.016927083333333332
6 0.0302734375 0.18684895833333334 0.03515625 0.016927083333333332
6 0.0615234375 0.18684895833333334 0.025390625 0.016927083333333332
6 0.0283203125 0.20247395833333334 0.03125 0.016927083333333332
6 0.06982421875 0.20247395833333334 0.0498046875 0.016927083333333332
6 0.0234375 0.22591145833333334 0.033203125 0.022135416666666668
6 0.041015625 0.2532552083333333 0.068359375 0.022135416666666668
7 0.03759765625 0.279296875 0.0615234375 0.022135416666666668
6 0.03564453125 0.3014322916666667 0.0419921875 0.022135416666666668
6 0.03759765625 0.3287760416666667 0.0458984375 0.022135416666666668
6 0.046875 0.3561197916666667 0.064453125 0.022135416666666668
6 0.0400390625 0.3821614583333333 0.06640625 0.022135416666666668
6 0.0234375 0.4095052083333333 0.033203125 0.022135416666666668
7 0.05078125 0.4375 0.087890625 0.0234375
1 0.0400390625 0.4609375 0.064453125 0.0234375
7 0.0263671875 0.4915364583333333 0.0390625 0.022135416666666668
6 0.02587890625 0.5110677083333334 0.0263671875 0.016927083333333332
6 0.0517578125 0.5110677083333334 0.0234375 0.016927083333333332
6 0.0224609375 0.5266927083333334 0.01953125 0.016927083333333332
6 0.0498046875 0.5266927083333334 0.03125 0.016927083333333332
6 0.0283203125 0.5423177083333334 0.03125 0.016927083333333332
6 0.0546875 0.5423177083333334 0.01953125 0.016927083333333332
6 0.025390625 0.5579427083333334 0.025390625 0.016927083333333332
6 0.0537109375 0.5579427083333334 0.02734375 0.016927083333333332
6 0.03564453125 0.5813802083333334 0.0576171875 0.022135416666666668
6 0.02392578125 0.6087239583333334 0.0341796875 0.022135416666666668
6 0.02197265625 0.634765625 0.0302734375 0.022135416666666668
7 0.03857421875 0.634765625 0.0048828125 0.022135416666666668
6 0.04248046875 0.654296875 0.0595703125 0.016927083333333332
6 0.0244140625 0.6764322916666666 0.01953125 0.022135416666666668
6 0.03125 0.7037760416666666 0.033203125 0.022135416666666668
6 0.0322265625 0.7298177083333334 0.03515625 0.022135416666666668
6 0.02685546875 0.7571614583333334 0.0244140625 0.022135416666666668
6 0.0322265625 0.783203125 0.03515625 0.022135416666666668
6 0.02783203125 0.810546875 0.0263671875 0.022135416666666668
6 0.02783203125 0.837890625 0.0263671875 0.022135416666666668
6 0.03466796875 0.8639322916666666 0.0400390625 0.022135416666666668
6 0.03759765625 0.8912760416666666 0.0458984375 0.022135416666666668
6 0.0322265625 0.9186197916666666 0.03515625 0.022135416666666668
6 0.02880859375 0.9446614583333334 0.0283203125 0.022135416666666668
6 0.03759765625 0.9720052083333334 0.0458984375 0.022135416666666668
6 0.02587890625 0.994140625 0.0224609375 0.01171875
2 0.40234375 0.031901041666666664 0.591796875 0.03515625
7 0.27685546875 0.06575520833333333 0.3408203125 0.022135416666666668
7 0.234375 0.087890625 0.255859375 0.022135416666666668
6 0.4306640625 0.087890625 0.138671875 0.022135416666666668
7 0.5048828125 0.087890625 0.009765625 0.022135416666666668
7 0.84521484375 0.08854166666666667 0.1044921875 0.020833333333333332
6 0.943359375 0.08854166666666667 0.09375 0.020833333333333332
4 0.13671875 0.171875 0.03515625 0.046875
7 0.22265625 0.17903645833333334 0.134765625 0.022135416666666668
6 0.2294921875 0.20768229166666666 0.1484375 0.022135416666666668
7 0.1796875 0.228515625 0.048828125 0.01953125
7 0.162109375 0.24934895833333334 0.013671875 0.022135416666666668
6 0.185546875 0.24934895833333334 0.033203125 0.022135416666666668
7 0.30712890625 0.2604166666666667 0.3037109375 0.044270833333333336
6 0.22998046875 0.3170572916666667 0.1494140625 0.022135416666666668
7 0.18798828125 0.337890625 0.0654296875 0.01953125
7 0.34375 0.3919270833333333 0.376953125 0.08854166666666667
6 0.2734375 0.470703125 0.236328125 0.022135416666666668
7 0.19189453125 0.4915364583333333 0.0732421875 0.01953125
7 0.328125 0.5234375 0.345703125 0.044270833333333336
6 0.369140625 0.5345052083333334 0.060546875 0.022135416666666668
7 0.32958984375 0.5455729166666666 0.3486328125 0.044270833333333336
6 0.236328125 0.6022135416666666 0.162109375 0.022135416666666668
7 0.18896484375 0.623046875 0.0673828125 0.01953125
7 0.33837890625 0.666015625 0.3662109375 0.06640625
6 0.34326171875 0.6881510416666666 0.1748046875 0.022135416666666668
7 0.43310546875 0.6881510416666666 0.0048828125 0.022135416666666668
6 0.21875 0.7337239583333334 0.126953125 0.022135416666666668
7 0.19873046875 0.7545572916666666 0.0869140625 0.01953125
7 0.341796875 0.7864583333333334 0.373046875 0.044270833333333336
6 0.34765625 0.7975260416666666 0.21875 0.022135416666666668
7 0.45849609375 0.7975260416666666 0.0048828125 0.022135416666666668
7 0.34228515625 0.8639322916666666 0.3740234375 0.11067708333333333
6 0.2529296875 0.9537760416666666 0.1953125 0.022135416666666668
7 0.18798828125 0.974609375 0.0654296875 0.01953125
7 0.32470703125 0.9921875 0.3388671875 0.015625
4 0.5791015625 0.171875 0.03515625 0.046875
7 0.72216796875 0.17903645833333334 0.2392578125 0.022135416666666668
6 0.69287109375 0.20768229166666666 0.1806640625 0.022135416666666668
7 0.72900390625 0.22981770833333334 0.2529296875 0.022135416666666668
7 0.70361328125 0.251953125 0.2021484375 0.022135416666666668
7 0.6669921875 0.2740885416666667 0.12890625 0.022135416666666668
7 0.73486328125 0.298828125 0.2490234375 0.01953125
7 0.67138671875 0.318359375 0.1376953125 0.022135416666666668
7 0.76904296875 0.3430989583333333 0.3173828125 0.01953125
7 0.7392578125 0.3626302083333333 0.2734375 0.022135416666666668
7 0.6669921875 0.384765625 0.12890625 0.022135416666666668
7 0.74169921875 0.4095052083333333 0.2626953125 0.01953125
7 0.67138671875 0.4290364583333333 0.1376953125 0.022135416666666668
7 0.78271484375 0.4537760416666667 0.3447265625 0.01953125
7 0.73486328125 0.4733072916666667 0.2646484375 0.022135416666666668
7 0.91796875 0.4759114583333333 0.1015625 0.01953125
7 0.78662109375 0.484375 0.3681640625 0.044270833333333336
7 0.7138671875 0.5201822916666666 0.193359375 0.01953125
6 0.7451171875 0.5631510416666666 0.28515625 0.022135416666666668
7 0.63671875 0.583984375 0.068359375 0.01953125
7 0.7861328125 0.6490885416666666 0.3671875 0.11067708333333333
6 0.77587890625 0.75 0.3466796875 0.044270833333333336
7 0.64013671875 0.7819010416666666 0.0751953125 0.01953125
7 0.76611328125 0.8359375 0.3271484375 0.08854166666666667
6 0.73583984375 0.9147135416666666 0.2666015625 0.022135416666666668
7 0.63623046875 0.935546875 0.0673828125 0.01953125
7 0.77587890625 0.9674479166666666 0.3466796875 0.044270833333333336