7 0.0419921875 0.032552083333333336 0.083984375 0.06510416666666667
0 0.5 0.032552083333333336 1 0.06510416666666667
7 0.27734375 0.032552083333333336 0.30859375 0.06510416666666667
7 0.43115234375 0.032552083333333336 0.0771484375 0.06510416666666667
7 0.11669921875 0.10416666666666667 0.1943359375 0.020833333333333332
6 0.2470703125 0.10416666666666667 0.046875 0.020833333333333332
6 0.3291015625 0.10416666666666667 0.09765625 0.020833333333333332
6 0.40185546875 0.10416666666666667 0.0283203125 0.020833333333333332
6 0.4541015625 0.10416666666666667 0.056640625 0.020833333333333332
6 0.5234375 0.10416666666666667 0.0625 0.020833333333333332
6 0.57666015625 0.10416666666666667 0.0244140625 0.020833333333333332
6 0.64794921875 0.10416666666666667 0.0986328125 0.020833333333333332
6 0.7548828125 0.10416666666666667 0.095703125 0.020833333333333332
0 0.89501953125 0.10091145833333333 0.1708984375 0.04296875
4 0.07421875 0.14713541666666666 0.109375 0.14583333333333334
0 0.07421875 0.14973958333333334 0.109375 0.15104166666666666
0 0.16259765625 0.16927083333333334 0.0595703125 0.06510416666666667
0 0.22802734375 0.16927083333333334 0.0712890625 0.06510416666666667
0 0.3037109375 0.16927083333333334 0.080078125 0.06510416666666667
0 0.38623046875 0.16927083333333334 0.0849609375 0.06510416666666667
0 0.49169921875 0.16927083333333334 0.1259765625 0.06510416666666667
0 0.58544921875 0.16927083333333334 0.0615234375 0.06510416666666667
0 0.65185546875 0.16927083333333334 0.0712890625 0.06510416666666667
0 0.7470703125 0.16927083333333334 0.119140625 0.06510416666666667
4 0.8642578125 0.16796875 0.0234375 0.03125
4 0.892578125 0.16796875 0.0234375 0.03125
7 0.92626953125 0.16927083333333334 0.0302734375 0.06510416666666667
4 0.2294921875 0.5071614583333334 0.419921875 0.4205729166666667
0 0.2294921875 0.5071614583333334 0.419921875 0.4205729166666667
2 0.18115234375 0.6328125 0.2841796875 0.16927083333333334
4 0.5576171875 0.3977864583333333 0.201171875 0.20182291666666666
0 0.5576171875 0.3977864583333333 0.201171875 0.20182291666666666
2 0.541015625 0.4264322916666667 0.12890625 0.10546875
4 0.5576171875 0.6204427083333334 0.201171875 0.20182291666666666
0 0.5576171875 0.6204427083333334 0.201171875 0.20182291666666666
2 0.5419921875 0.6490885416666666 0.130859375 0.10546875
7 0.1201171875 0.75 0.201171875 0.0078125
4 0.3388671875 0.8470052083333334 0.201171875 0.20182291666666666
0 0.3388671875 0.8470052083333334 0.201171875 0.20182291666666666
2 0.32421875 0.888671875 0.1328125 0.07942708333333333
4 0.5576171875 0.8470052083333334 0.201171875 0.20182291666666666
0 0.5576171875 0.8470052083333334 0.201171875 0.20182291666666666
2 0.54296875 0.8756510416666666 0.1328125 0.10546875
4 0.1201171875 0.986328125 0.201171875 0.02734375
0 0.1201171875 0.986328125 0.201171875 0.02734375
4 0.44873046875 0.986328125 0.4208984375 0.02734375
0 0.44873046875 0.986328125 0.4208984375 0.02734375
7 0.833984375 0.6484375 0.29296875 0.703125