4 0.0771484375 0.06966145833333333 0.078125 0.06380208333333333
0 0.0771484375 0.06966145833333333 0.078125 0.07682291666666667
2 0.193359375 0.064453125 0.107421875 0.045572916666666664
0 0.193359375 0.061197916666666664 0.107421875 0.041666666666666664
0 0.28271484375 0.06966145833333333 0.0556640625 0.07421875
0 0.36962890625 0.06966145833333333 0.1181640625 0.07421875
0 0.4638671875 0.06966145833333333 0.0703125 0.07421875
0 0.544921875 0.06966145833333333 0.091796875 0.07421875
0 0.61328125 0.06966145833333333 0.044921875 0.07421875
0 0.66748046875 0.06966145833333333 0.0634765625 0.07421875
0 0.7587890625 0.06966145833333333 0.119140625 0.05078125
7 0.90576171875 0.06966145833333333 0.1513671875 0.02734375
0 0.90869140625 0.06966145833333333 0.1826171875 0.05078125
2 0.5 0.33203125 0.587890625 0.13802083333333334
2 0.5 0.4791666666666667 0.5 0.13802083333333334
2 0.5 0.6002604166666666 0.841796875 0.044270833333333336
7 0.4873046875 0.74609375 0.185546875 0.033854166666666664
0 0.5 0.7467447916666666 0.244140625 0.06380208333333333
4 0.2353515625 0.9615885416666666 0.349609375 0.07682291666666667