6 0.0849609375 0.029947916666666668 0.0703125 0.020833333333333332
6 0.20068359375 0.029947916666666668 0.1318359375 0.020833333333333332
6 0.333984375 0.029947916666666668 0.10546875 0.020833333333333332
6 0.41650390625 0.029947916666666668 0.0302734375 0.020833333333333332
6 0.48291015625 0.029947916666666668 0.0732421875 0.020833333333333332
6 0.55615234375 0.029947916666666668 0.0439453125 0.020833333333333332
6 0.6162109375 0.029947916666666668 0.046875 0.020833333333333332
1 0.8076171875 0.028645833333333332 0.232421875 0.0390625
1 0.93701171875 0.028645833333333332 0.0556640625 0.0390625
7 0.15185546875 0.1015625 0.2197265625 0.03125
0 0.892578125 0.15559895833333334 0.17578125 0.05859375
4 0.5 0.126953125 0.96875 0.11588541666666667
4 0.5 0.455078125 1 0.7513020833333334
2 0.291015625 0.8717447916666666 0.482421875 0.23567708333333334
2 0.77001953125 0.828125 0.3017578125 0.11458333333333333
0 0.77001953125 0.857421875 0.3603515625 0.28515625
4 0.64404296875 0.9329427083333334 0.0498046875 0.02734375