6 0.05859375 0.022786458333333332 0.03515625 0.014322916666666666
6 0.1083984375 0.022786458333333332 0.041015625 0.014322916666666666
6 0.16015625 0.022786458333333332 0.0390625 0.014322916666666666
6 0.21142578125 0.022786458333333332 0.0400390625 0.014322916666666666
6 0.26416015625 0.022786458333333332 0.0419921875 0.014322916666666666
6 0.30712890625 0.022786458333333332 0.0205078125 0.014322916666666666
1 0.45703125 0.024739583333333332 0.19140625 0.026041666666666668
7 0.56298828125 0.024088541666666668 0.0048828125 0.037760416666666664
4 0.61328125 0.017578125 0.013671875 0.016927083333333332
0 0.61328125 0.024088541666666668 0.068359375 0.048177083333333336
0 0.734375 0.022786458333333332 0.087890625 0.032552083333333336
0 0.8251953125 0.022786458333333332 0.087890625 0.032552083333333336
0 0.9150390625 0.022786458333333332 0.087890625 0.032552083333333336
4 0.1025390625 0.13020833333333334 0.11328125 0.1328125
0 0.1025390625 0.13020833333333334 0.11328125 0.1328125
0 0.29931640625 0.09114583333333333 0.2880859375 0.0546875
7 0.677734375 0.11588541666666667 0.33984375 0.028645833333333332
7 0.216796875 0.15755208333333334 0.05859375 0.020833333333333332
0 0.216796875 0.15755208333333334 0.107421875 0.0546875
7 0.33984375 0.15755208333333334 0.08984375 0.020833333333333332
0 0.34033203125 0.15755208333333334 0.1396484375 0.0546875
7 0.49658203125 0.15755208333333334 0.1240234375 0.020833333333333332
0 0.49658203125 0.15755208333333334 0.1728515625 0.0546875
7 0.64453125 0.15755208333333334 0.07421875 0.020833333333333332
0 0.64453125 0.15755208333333334 0.123046875 0.0546875
7 0.7578125 0.15755208333333334 0.0546875 0.020833333333333332
0 0.7578125 0.15755208333333334 0.103515625 0.0546875
7 0.8779296875 0.15755208333333334 0.087890625 0.020833333333333332
0 0.8779296875 0.15755208333333334 0.13671875 0.0546875
6 0.66796875 0.2571614583333333 0.0859375 0.022135416666666668
6 0.66796875 0.2571614583333333 0.0859375 0.022135416666666668
6 0.66796875 0.2571614583333333 0.0859375 0.022135416666666668
6 0.66796875 0.2571614583333333 0.0859375 0.022135416666666668
6 0.3681640625 0.6549479166666666 0.615234375 0.052083333333333336
4 0.38330078125 0.466796875 0.6650390625 0.4622395833333333
2 0.20849609375 0.75390625 0.3154296875 0.020833333333333332
4 0.20849609375 0.9016927083333334 0.3154296875 0.19661458333333334
6 0.357421875 0.7532552083333334 0.013671875 0.01953125
2 0.55810546875 0.75390625 0.3154296875 0.020833333333333332
6 0.51953125 0.7532552083333334 0.013671875 0.01953125
7 0.53076171875 0.7532552083333334 0.0107421875 0.01953125
6 0.55615234375 0.7532552083333334 0.0419921875 0.01953125
7 0.5810546875 0.7532552083333334 0.009765625 0.01953125
6 0.60498046875 0.7532552083333334 0.0400390625 0.01953125
7 0.5380859375 0.775390625 0.05078125 0.01953125
6 0.5791015625 0.775390625 0.033203125 0.01953125
7 0.6083984375 0.775390625 0.02734375 0.01953125
6 0.66748046875 0.775390625 0.0927734375 0.01953125
4 0.47412109375 0.853515625 0.1474609375 0.10286458333333333
7 0.5908203125 0.8111979166666666 0.07421875 0.015625
7 0.63720703125 0.8111979166666666 0.0205078125 0.015625
7 0.6171875 0.8203125 0.126953125 0.033854166666666664
6 0.62646484375 0.9055989583333334 0.1455078125 0.07421875
7 0.43359375 0.98046875 0.06640625 0.015625
7 0.4755859375 0.98046875 0.01953125 0.015625
7 0.51416015625 0.98046875 0.0595703125 0.015625
6 0.55615234375 0.99609375 0.3115234375 0.0078125
4 0.85009765625 0.2981770833333333 0.1982421875 0.09895833333333333
7 0.7880859375 0.3600260416666667 0.07421875 0.022135416666666668
7 0.8828125 0.361328125 0.115234375 0.01953125
4 0.85009765625 0.4817708333333333 0.1982421875 0.09895833333333333
7 0.83251953125 0.556640625 0.1630859375 0.048177083333333336
4 0.85009765625 0.69140625 0.1982421875 0.09895833333333333
7 0.83740234375 0.7662760416666666 0.1728515625 0.048177083333333336
2 0.85009765625 0.8489583333333334 0.1982421875 0.020833333333333332
4 0.8486328125 0.94921875 0.09765625 0.1015625