7 0.4208984375 0.9609375 0.80078125 0.041666666666666664
6 0.31298828125 0.97265625 0.0712890625 0.018229166666666668
7 0.361328125 0.97265625 0.02734375 0.018229166666666668
6 0.416015625 0.97265625 0.083984375 0.018229166666666668
7 0.57861328125 0.97265625 0.2451171875 0.018229166666666668
6 0.7421875 0.97265625 0.083984375 0.018229166666666668
7 0.78515625 0.97265625 0.00390625 0.018229166666666668
0 0.91064453125 0.9609375 0.1376953125 0.041666666666666664
7 0.9853515625 0.943359375 0.01171875 0.01953125
4 0.1044921875 0.044270833333333336 0.146484375 0.06770833333333333
0 0.22265625 0.04296875 0.08984375 0.06510416666666667
0 0.20703125 0.11458333333333333 0.0390625 0.052083333333333336
0 0.263671875 0.11458333333333333 0.0390625 0.052083333333333336
0 0.3203125 0.11458333333333333 0.0390625 0.052083333333333336
0 0.376953125 0.11458333333333333 0.0390625 0.052083333333333336
0 0.43359375 0.11458333333333333 0.0390625 0.052083333333333336
0 0.20703125 0.19010416666666666 0.0390625 0.052083333333333336
0 0.263671875 0.19010416666666666 0.0390625 0.052083333333333336
0 0.3203125 0.19010416666666666 0.0390625 0.052083333333333336
0 0.376953125 0.19010416666666666 0.0390625 0.052083333333333336
0 0.43359375 0.19010416666666666 0.0390625 0.052083333333333336
0 0.20703125 0.265625 0.0390625 0.052083333333333336
0 0.263671875 0.265625 0.0390625 0.052083333333333336
0 0.3203125 0.265625 0.0390625 0.052083333333333336
0 0.376953125 0.265625 0.0390625 0.052083333333333336
0 0.43359375 0.265625 0.0390625 0.052083333333333336
0 0.20703125 0.3411458333333333 0.0390625 0.052083333333333336
0 0.263671875 0.3411458333333333 0.0390625 0.052083333333333336
0 0.3203125 0.3411458333333333 0.0390625 0.052083333333333336
0 0.376953125 0.3411458333333333 0.0390625 0.052083333333333336
0 0.43359375 0.3411458333333333 0.0390625 0.052083333333333336
0 0.20703125 0.4166666666666667 0.0390625 0.052083333333333336
0 0.263671875 0.4166666666666667 0.0390625 0.052083333333333336
0 0.3203125 0.4166666666666667 0.0390625 0.052083333333333336
0 0.376953125 0.4166666666666667 0.0390625 0.052083333333333336
0 0.43359375 0.4166666666666667 0.0390625 0.052083333333333336
0 0.20703125 0.4921875 0.0390625 0.052083333333333336
0 0.263671875 0.4921875 0.0390625 0.052083333333333336
0 0.3203125 0.4921875 0.0390625 0.052083333333333336
0 0.3212890625 0.04296875 0.109375 0.06510416666666667
0 0.404296875 0.04296875 0.05859375 0.06510416666666667
0 0.46484375 0.04296875 0.064453125 0.06510416666666667
0 0.9326171875 0.04296875 0.072265625 0.06510416666666667
7 0.8369140625 0.10677083333333333 0.255859375 0.026041666666666668
0 0.8369140625 0.16536458333333334 0.255859375 0.036458333333333336
1 0.41064453125 0.11848958333333333 0.7392578125 0.06510416666666667
4 0.81494140625 0.12109375 0.0244140625 0.033854166666666664
0 0.81494140625 0.119140625 0.0498046875 0.06640625
4 0.87451171875 0.12109375 0.0244140625 0.033854166666666664
0 0.87451171875 0.119140625 0.0498046875 0.06640625
4 0.93408203125 0.12109375 0.0244140625 0.033854166666666664
0 0.93408203125 0.119140625 0.0498046875 0.06640625
4 0.5 0.248046875 1 0.11848958333333333
7 0.09228515625 0.3802083333333333 0.0400390625 0.0234375
4 0.859375 0.3795572916666667 0.015625 0.022135416666666668
0 0.859375 0.380859375 0.015625 0.024739583333333332
4 0.8896484375 0.3795572916666667 0.015625 0.022135416666666668
0 0.8896484375 0.380859375 0.015625 0.024739583333333332
4 0.919921875 0.3795572916666667 0.015625 0.022135416666666668
0 0.919921875 0.380859375 0.015625 0.024739583333333332
6 0.15087890625 0.4270833333333333 0.1572265625 0.0546875
7 0.2060546875 0.4889322916666667 0.267578125 0.02734375
6 0.35400390625 0.4889322916666667 0.0283203125 0.02734375
7 0.431640625 0.4889322916666667 0.126953125 0.02734375
6 0.513671875 0.4889322916666667 0.037109375 0.02734375
6 0.55712890625 0.4889322916666667 0.0439453125 0.02734375
7 0.5810546875 0.4889322916666667 0.00390625 0.02734375
7 0.130859375 0.5384114583333334 0.1171875 0.02734375
6 0.20556640625 0.5384114583333334 0.0322265625 0.02734375
7 0.248046875 0.5384114583333334 0.052734375 0.02734375
7 0.0888671875 0.5670572916666666 0.033203125 0.02734375
6 0.14013671875 0.5670572916666666 0.0693359375 0.02734375
7 0.2275390625 0.5670572916666666 0.10546875 0.02734375
6 0.31884765625 0.5670572916666666 0.0771484375 0.02734375
7 0.359375 0.5670572916666666 0.00390625 0.02734375
4 0.5 0.80078125 0.85546875 0.3984375