7 0.07275390625 0.029947916666666668 0.0673828125 0.059895833333333336
0 0.28759765625 0.02734375 0.3369140625 0.018229166666666668
0 0.85107421875 0.026041666666666668 0.0244140625 0.052083333333333336
0 0.880859375 0.026041666666666668 0.03125 0.052083333333333336
0 0.91357421875 0.026041666666666668 0.0302734375 0.052083333333333336
0 0.94580078125 0.026041666666666668 0.0302734375 0.052083333333333336
4 0.33203125 0.2552083333333333 0.5859375 0.2604166666666667
0 0.33203125 0.2552083333333333 0.5859375 0.2604166666666667
7 0.49951171875 0.4830729166666667 0.9228515625 0.028645833333333332
0 0.115234375 0.4830729166666667 0.23046875 0.06770833333333333
7 0.32421875 0.4830729166666667 0.11328125 0.028645833333333332
0 0.3232421875 0.4830729166666667 0.1875 0.06770833333333333
7 0.5048828125 0.4830729166666667 0.109375 0.028645833333333332
0 0.49853515625 0.4830729166666667 0.1650390625 0.06770833333333333
7 0.67431640625 0.4830729166666667 0.1123046875 0.028645833333333332
0 0.67333984375 0.4830729166666667 0.1865234375 0.06770833333333333
7 0.8564453125 0.4830729166666667 0.11328125 0.028645833333333332
0 0.857421875 0.4830729166666667 0.18359375 0.06770833333333333
7 0.12255859375 0.55078125 0.1005859375 0.028645833333333332
0 0.1162109375 0.55078125 0.154296875 0.06770833333333333
7 0.05810546875 0.5494791666666666 0.0380859375 0.026041666666666668
7 0.30126953125 0.7239583333333334 0.4443359375 0.12239583333333333
4 0.22509765625 0.8216145833333334 0.2939453125 0.0078125
7 0.30126953125 0.86328125 0.4443359375 0.07552083333333333
0 0.18701171875 0.96875 0.2158203125 0.0625
0 0.0341796875 0.8287760416666666 0.029296875 0.11067708333333333
0 0.9658203125 0.8287760416666666 0.029296875 0.11067708333333333
7 0.5 0.9075520833333334 0.94140625 0.052083333333333336
0 0.5048828125 0.9609375 0.0390625 0.0390625
3 0.9541015625 0.9283854166666666 0.068359375 0.09114583333333333