2 0.1044921875 0.061197916666666664 0.166015625 0.044270833333333336
0 0.1044921875 0.07682291666666667 0.166015625 0.020833333333333332
5 0.64990234375 0.027994791666666668 0.0810546875 0.01953125
5 0.7958984375 0.027994791666666668 0.052734375 0.01953125
1 0.6826171875 0.059244791666666664 0.146484375 0.029947916666666668
1 0.8427734375 0.059244791666666664 0.146484375 0.029947916666666668
1 0.9541015625 0.059895833333333336 0.03515625 0.0234375
6 0.81201171875 0.09114583333333333 0.0849609375 0.018229166666666668
2 0.244140625 0.23567708333333334 0.4453125 0.09375
4 0.048828125 0.3684895833333333 0.0546875 0.07291666666666667
7 0.18310546875 0.3678385416666667 0.1826171875 0.02734375
7 0.36572265625 0.3678385416666667 0.1787109375 0.022135416666666668
4 0.048828125 0.47265625 0.0546875 0.07291666666666667
7 0.1591796875 0.4720052083333333 0.134765625 0.02734375
7 0.32177734375 0.4720052083333333 0.1865234375 0.022135416666666668
4 0.048828125 0.5768229166666666 0.0546875 0.07291666666666667
7 0.130859375 0.576171875 0.078125 0.02734375
7 0.33154296875 0.576171875 0.3193359375 0.022135416666666668
2 0.783203125 0.162109375 0.390625 0.055989583333333336
7 0.783203125 0.21158854166666666 0.390625 0.029947916666666668
1 0.68310546875 0.2779947916666667 0.1904296875 0.05078125
1 0.88330078125 0.2779947916666667 0.1904296875 0.05078125
1 0.783203125 0.341796875 0.390625 0.05078125
1 0.783203125 0.4055989583333333 0.390625 0.05078125
7 0.783203125 0.470703125 0.390625 0.02734375
1 0.6220703125 0.5104166666666666 0.068359375 0.0390625
1 0.68310546875 0.5104166666666666 0.0556640625 0.0390625
1 0.740234375 0.5104166666666666 0.060546875 0.0390625
4 0.78759765625 0.509765625 0.0166015625 0.022135416666666668
0 0.78759765625 0.51171875 0.0166015625 0.026041666666666668
7 0.783203125 0.556640625 0.390625 0.02734375
1 0.603515625 0.595703125 0.013671875 0.016927083333333332
5 0.6484375 0.599609375 0.072265625 0.02734375
1 0.7041015625 0.595703125 0.013671875 0.016927083333333332
5 0.73876953125 0.599609375 0.0517578125 0.02734375
1 0.779296875 0.595703125 0.013671875 0.016927083333333332
5 0.8251953125 0.599609375 0.07421875 0.02734375
4 0.87939453125 0.5983072916666666 0.0166015625 0.022135416666666668
0 0.87939453125 0.6002604166666666 0.0166015625 0.026041666666666668
7 0.677734375 0.6412760416666666 0.1796875 0.016927083333333332
6 0.78271484375 0.6412760416666666 0.0302734375 0.016927083333333332
7 0.80029296875 0.6412760416666666 0.0068359375 0.016927083333333332
6 0.83056640625 0.6412760416666666 0.0556640625 0.016927083333333332
7 0.8671875 0.6412760416666666 0.021484375 0.016927083333333332
6 0.623046875 0.6595052083333334 0.0703125 0.016927083333333332
7 0.7392578125 0.6686197916666666 0.302734375 0.03515625
0 0.68310546875 0.7395833333333334 0.1904296875 0.052083333333333336
6 0.63037109375 0.8229166666666666 0.0849609375 0.020833333333333332
7 0.77294921875 0.8229166666666666 0.2021484375 0.020833333333333332
7 0.0546875 0.96484375 0.06640625 0.020833333333333332
6 0.11865234375 0.96484375 0.0439453125 0.018229166666666668
6 0.19482421875 0.96484375 0.0927734375 0.018229166666666668
6 0.27880859375 0.96484375 0.0556640625 0.018229166666666668
6 0.33984375 0.96484375 0.048828125 0.018229166666666668
6 0.42041015625 0.96484375 0.0947265625 0.018229166666666668
6 0.49462890625 0.96484375 0.0361328125 0.018229166666666668
6 0.541015625 0.96484375 0.0390625 0.018229166666666668
6 0.59130859375 0.96484375 0.0439453125 0.018229166666666668
6 0.63330078125 0.96484375 0.0224609375 0.018229166666666668
6 0.67138671875 0.96484375 0.0361328125 0.018229166666666668
4 0.71337890625 0.96484375 0.0126953125 0.015625
0 0.71337890625 0.96484375 0.0302734375 0.026041666666666668