0 0.12646484375 0.033203125 0.1943359375 0.045572916666666664
0 0.447265625 0.03125 0.068359375 0.0625
0 0.56396484375 0.03125 0.1064453125 0.0625
0 0.6748046875 0.03125 0.056640625 0.0625
0 0.759765625 0.03125 0.0546875 0.0625
0 0.84326171875 0.03125 0.0537109375 0.0625
0 0.94140625 0.03125 0.1171875 0.0625
0 0.06787109375 0.10026041666666667 0.0537109375 0.0625
0 0.15673828125 0.10026041666666667 0.0654296875 0.0625
0 0.271484375 0.10026041666666667 0.10546875 0.0625
0 0.3994140625 0.10026041666666667 0.091796875 0.0625
0 0.5322265625 0.10026041666666667 0.115234375 0.0625
0 0.67919921875 0.10026041666666667 0.1201171875 0.0625
0 0.8193359375 0.10026041666666667 0.1015625 0.0625
0 0.92919921875 0.10026041666666667 0.0595703125 0.0625
7 0.20361328125 0.177734375 0.2666015625 0.029947916666666668
0 0.96875 0.17513020833333334 0.0625 0.08723958333333333
7 0.5 0.5 0.43359375 0.17447916666666666
0 0.5 0.9694010416666666 0.23046875 0.040364583333333336