4 0.05419921875 0.060546875 0.0380859375 0.05078125
7 0.142578125 0.060546875 0.111328125 0.029947916666666668
4 0.19921875 0.3346354166666667 0.0703125 0.09375
2 0.5859375 0.2825520833333333 0.556640625 0.057291666666666664
7 0.3896484375 0.3307291666666667 0.1640625 0.028645833333333332
6 0.4951171875 0.3307291666666667 0.048828125 0.028645833333333332
7 0.54443359375 0.3307291666666667 0.0498046875 0.028645833333333332
6 0.6123046875 0.3307291666666667 0.08984375 0.028645833333333332
7 0.66064453125 0.3307291666666667 0.0087890625 0.028645833333333332
6 0.68359375 0.3307291666666667 0.037109375 0.028645833333333332
7 0.70458984375 0.3307291666666667 0.0087890625 0.028645833333333332
6 0.75537109375 0.3307291666666667 0.0927734375 0.028645833333333332
7 0.81201171875 0.3307291666666667 0.0224609375 0.028645833333333332
6 0.841796875 0.3307291666666667 0.0390625 0.028645833333333332
7 0.86279296875 0.3307291666666667 0.0048828125 0.028645833333333332
0 0.421875 0.3997395833333333 0.228515625 0.044270833333333336