4 0.0361328125 0.051432291666666664 0.03515625 0.03515625
0 0.0361328125 0.052083333333333336 0.03515625 0.0390625
4 0.5 0.051432291666666664 0.208984375 0.05859375
0 0.5 0.060546875 0.208984375 0.07682291666666667
4 0.9609375 0.051432291666666664 0.041015625 0.05859375
0 0.95849609375 0.052083333333333336 0.0458984375 0.06510416666666667
6 0.20068359375 0.2571614583333333 0.3310546875 0.048177083333333336
7 0.09716796875 0.3294270833333333 0.1240234375 0.028645833333333332
0 0.09716796875 0.3307291666666667 0.1240234375 0.059895833333333336
7 0.09326171875 0.3880208333333333 0.1162109375 0.028645833333333332
0 0.09326171875 0.3893229166666667 0.1162109375 0.059895833333333336
7 0.05517578125 0.4466145833333333 0.0400390625 0.028645833333333332
0 0.05517578125 0.4479166666666667 0.0400390625 0.059895833333333336
0 0.740234375 0.24479166666666666 0.44921875 0.052083333333333336
0 0.5517578125 0.33203125 0.072265625 0.059895833333333336
0 0.6064453125 0.3912760416666667 0.181640625 0.061197916666666664
0 0.56982421875 0.4505208333333333 0.1083984375 0.059895833333333336
0 0.57763671875 0.5091145833333334 0.1240234375 0.059895833333333336
0 0.5791015625 0.5677083333333334 0.126953125 0.059895833333333336
0 0.56640625 0.6263020833333334 0.1015625 0.059895833333333336
0 0.740234375 0.7545572916666666 0.44921875 0.053385416666666664
0 0.5517578125 0.8424479166666666 0.072265625 0.059895833333333336
0 0.57177734375 0.9016927083333334 0.1123046875 0.061197916666666664
0 0.57763671875 0.9609375 0.1240234375 0.059895833333333336
0 0.6162109375 0.9947916666666666 0.201171875 0.010416666666666666
6 0.130859375 0.17252604166666666 0.234375 0.029947916666666668
2 0.470703125 0.259765625 0.921875 0.07421875
7 0.47216796875 0.3404947916666667 0.9189453125 0.06901041666666667
7 0.06005859375 0.44140625 0.1005859375 0.0234375
0 0.1220703125 0.4420572916666667 0.224609375 0.061197916666666664
7 0.05712890625 0.5013020833333334 0.0947265625 0.0234375
0 0.1220703125 0.501953125 0.224609375 0.061197916666666664
7 0.02587890625 0.5611979166666666 0.0322265625 0.0234375
0 0.1220703125 0.5618489583333334 0.224609375 0.061197916666666664
4 0.626953125 0.7161458333333334 0.6953125 0.5677083333333334
0 0.626953125 0.7161458333333334 0.6953125 0.5677083333333334
7 0.42529296875 0.951171875 0.6201171875 0.022135416666666668
7 0.8095703125 0.951171875 0.150390625 0.022135416666666668
0 0.9765625 0.93359375 0.0234375 0.03125