4 0.47119140625 0.3489583333333333 0.0205078125 0.026041666666666668
4 0.5 0.3489583333333333 0.01953125 0.026041666666666668
4 0.52880859375 0.3489583333333333 0.0205078125 0.026041666666666668
2 0.40673828125 0.4212239583333333 0.5732421875 0.06640625
2 0.78564453125 0.4212239583333333 0.1884765625 0.06640625
7 0.5 0.486328125 0.95703125 0.03515625
7 0.5 0.5319010416666666 0.95703125 0.03515625
7 0.46435546875 0.6061197916666666 0.1435546875 0.032552083333333336
6 0.57080078125 0.6061197916666666 0.0712890625 0.032552083333333336
7 0.42529296875 0.6477864583333334 0.0595703125 0.032552083333333336
7 0.52978515625 0.6497395833333334 0.1513671875 0.0234375