6 0.080078125 0.052083333333333336 0.06640625 0.03125
6 0.17822265625 0.052083333333333336 0.0986328125 0.03125
6 0.26904296875 0.052083333333333336 0.0517578125 0.03125
7 0.330078125 0.052083333333333336 0.0390625 0.03125
0 0.33740234375 0.052083333333333336 0.0537109375 0.03125
4 0.359375 0.052083333333333336 0.009765625 0.03125
4 0.5 0.048177083333333336 0.125 0.0546875
0 0.3720703125 0.052083333333333336 0 0.10416666666666667
4 0.59765625 0.052083333333333336 0.015625 0.020833333333333332
0 0.66162109375 0.052083333333333336 0.1435546875 0.10416666666666667
7 0.67333984375 0.052083333333333336 0.1201171875 0.03125
0 0.802734375 0.052083333333333336 0.044921875 0.03125
0 0.90087890625 0.052083333333333336 0.1201171875 0.052083333333333336
2 0.5 0.23958333333333334 0.841796875 0.125
7 0.5 0.3932291666666667 0.150390625 0.026041666666666668
0 0.5 0.392578125 0.228515625 0.055989583333333336
4 0.5 0.6354166666666666 1 0.6380208333333334