7 0.41845703125 0.029296875 0.8056640625 0.037760416666666664
6 0.43798828125 0.029296875 0.8447265625 0.037760416666666664
7 0.0537109375 0.038411458333333336 0.00390625 0.022135416666666668
0 0.94970703125 0.029296875 0.0693359375 0.032552083333333336
4 0.0283203125 0.10481770833333333 0.017578125 0.022135416666666668
0 0.0283203125 0.103515625 0.056640625 0.08723958333333333
4 0.4951171875 0.107421875 0.076171875 0.06380208333333333
0 0.49560546875 0.10286458333333333 0.0771484375 0.026041666666666668
4 0.34033203125 0.4615885416666667 0.6806640625 0.5638020833333334
0 0.33349609375 0.4641927083333333 0.6259765625 0.5690104166666666
7 0.33349609375 0.515625 0.5947265625 0.026041666666666668
2 0.33349609375 0.5983072916666666 0.5947265625 0.14192708333333334
7 0.07763671875 0.7044270833333334 0.0830078125 0.0234375
7 0.16357421875 0.7044270833333334 0.0810546875 0.020833333333333332
2 0.76708984375 0.21484375 0.1611328125 0.052083333333333336
2 0.94287109375 0.21875 0.0576171875 0.0234375
0 0.94677734375 0.21875 0.0654296875 0.0234375
2 0.97705078125 0.21875 0.0087890625 0.020833333333333332
4 0.7265625 0.3326822916666667 0.080078125 0.07942708333333333
0 0.8330078125 0.3626302083333333 0.29296875 0.13932291666666666
2 0.8798828125 0.345703125 0.19921875 0.10546875
7 0.80859375 0.4192708333333333 0.056640625 0.020833333333333332
7 0.8916015625 0.4192708333333333 0.09765625 0.020833333333333332
4 0.7265625 0.5032552083333334 0.080078125 0.07942708333333333
0 0.8330078125 0.533203125 0.29296875 0.13932291666666666
2 0.8798828125 0.5162760416666666 0.19921875 0.10546875
7 0.80908203125 0.58984375 0.0576171875 0.020833333333333332
7 0.892578125 0.58984375 0.09765625 0.020833333333333332
7 0.0751953125 0.783203125 0.109375 0.04296875
2 0.5 0.8352864583333334 0.958984375 0.02734375
0 0.5 0.8522135416666666 0.958984375 0.061197916666666664
7 0.06884765625 0.8697916666666666 0.0966796875 0.020833333333333332
7 0.94775390625 0.921875 0.0341796875 0.0234375
4 0.9755859375 0.9244791666666666 0.0078125 0.020833333333333332
0 0.95849609375 0.921875 0.0419921875 0.0234375
4 0.25 0.98046875 0.458984375 0.0390625
0 0.25 0.98046875 0.5 0.0390625
4 0.75 0.98046875 0.458984375 0.0390625
0 0.75 0.98046875 0.5 0.0390625