4 0.06640625 0.036458333333333336 0.1015625 0.036458333333333336
0 0.06640625 0.034505208333333336 0.1015625 0.022135416666666668
4 0.16845703125 0.03515625 0.0283203125 0.036458333333333336
0 0.1884765625 0.036458333333333336 0.095703125 0.07291666666666667
7 0.2041015625 0.034505208333333336 0.037109375 0.022135416666666668
4 0.26708984375 0.03515625 0.0283203125 0.036458333333333336
0 0.2958984375 0.036458333333333336 0.11328125 0.07291666666666667
7 0.31103515625 0.034505208333333336 0.0537109375 0.022135416666666668
4 0.38330078125 0.03515625 0.0283203125 0.036458333333333336
0 0.4072265625 0.036458333333333336 0.103515625 0.07291666666666667
7 0.42236328125 0.034505208333333336 0.0458984375 0.022135416666666668
4 0.48974609375 0.03515625 0.0283203125 0.036458333333333336
0 0.48974609375 0.036458333333333336 0.0556640625 0.07291666666666667
1 0.6845703125 0.036458333333333336 0.296875 0.049479166666666664
0 0.86181640625 0.036458333333333336 0.0419921875 0.049479166666666664
0 0.916015625 0.036458333333333336 0.052734375 0.049479166666666664
0 0.96630859375 0.035807291666666664 0.0361328125 0.061197916666666664
3 0.4892578125 0.24479166666666666 0.947265625 0.3255208333333333
2 0.3740234375 0.4576822916666667 0.716796875 0.029947916666666668
4 0.1259765625 0.572265625 0.220703125 0.2955729166666667
4 0.037109375 0.5266927083333334 0.029296875 0.040364583333333336
0 0.1259765625 0.5716145833333334 0.220703125 0.1484375
4 0.03662109375 0.5266927083333334 0.0302734375 0.040364583333333336
7 0.18212890625 0.5260416666666666 0.0927734375 0.03125
2 0.13427734375 0.6751302083333334 0.2099609375 0.022135416666666668
6 0.11865234375 0.7610677083333334 0.1787109375 0.10807291666666667
0 0.07763671875 0.8033854166666666 0.0966796875 0.0234375
6 0.17724609375 0.8014322916666666 0.1025390625 0.016927083333333332
4 0.3740234375 0.5716145833333334 0.220703125 0.2864583333333333
4 0.28515625 0.5266927083333334 0.029296875 0.040364583333333336
0 0.3740234375 0.5716145833333334 0.220703125 0.1484375
4 0.28466796875 0.5266927083333334 0.0302734375 0.040364583333333336
7 0.43017578125 0.5260416666666666 0.0927734375 0.03125
2 0.3818359375 0.6751302083333334 0.208984375 0.022135416666666668
6 0.3681640625 0.7610677083333334 0.181640625 0.10807291666666667
0 0.32568359375 0.8033854166666666 0.0966796875 0.0234375
6 0.42529296875 0.8014322916666666 0.1025390625 0.016927083333333332
4 0.6220703125 0.5716145833333334 0.220703125 0.5234375
4 0.533203125 0.5266927083333334 0.029296875 0.040364583333333336
0 0.6220703125 0.5716145833333334 0.220703125 0.1484375
4 0.53271484375 0.5266927083333334 0.0302734375 0.040364583333333336
7 0.67822265625 0.5260416666666666 0.0927734375 0.03125
2 0.6591796875 0.6751302083333334 0.267578125 0.022135416666666668
7 0.59521484375 0.716796875 0.1396484375 0.01953125
7 0.6142578125 0.783203125 0.177734375 0.10807291666666667
0 0.57373046875 0.8033854166666666 0.0966796875 0.0234375
6 0.67333984375 0.8014322916666666 0.1025390625 0.016927083333333332
2 0.8779296875 0.4576822916666667 0.212890625 0.029947916666666668
4 0.8232421875 0.5592447916666666 0.103515625 0.11588541666666667
0 0.8232421875 0.5592447916666666 0.103515625 0.11588541666666667
0 0.8232421875 0.591796875 0.103515625 0.05078125
4 0.9326171875 0.5592447916666666 0.103515625 0.11588541666666667
0 0.9326171875 0.5592447916666666 0.103515625 0.11588541666666667
0 0.9326171875 0.591796875 0.103515625 0.05078125
4 0.8232421875 0.6822916666666666 0.103515625 0.1171875
0 0.8232421875 0.6822916666666666 0.103515625 0.1171875
0 0.8232421875 0.71484375 0.103515625 0.052083333333333336
4 0.9326171875 0.6822916666666666 0.103515625 0.1171875
0 0.9326171875 0.6822916666666666 0.103515625 0.1171875
0 0.9326171875 0.71484375 0.103515625 0.052083333333333336
6 0.82421875 0.775390625 0.10546875 0.01953125
2 0.0830078125 0.8984375 0.134765625 0.03125
0 0.23681640625 0.900390625 0.0888671875 0.05859375
0 0.32861328125 0.900390625 0.0888671875 0.05859375
0 0.419921875 0.900390625 0.08984375 0.05859375
0 0.51611328125 0.900390625 0.0966796875 0.05859375
0 0.609375 0.900390625 0.083984375 0.05859375
0 0.70458984375 0.900390625 0.1005859375 0.05859375
7 0.8291015625 0.970703125 0.330078125 0.05859375
4 0.1708984375 0.9772135416666666 0.310546875 0.045572916666666664
4 0.5 0.9772135416666666 0.310546875 0.045572916666666664
7 0.873046875 0.958984375 0.029296875 0.01953125
1 0.91064453125 0.958984375 0.0400390625 0.032552083333333336
7 0.9580078125 0.958984375 0.048828125 0.01953125