6 0.94677734375 0.012369791666666666 0.0380859375 0.014322916666666666
6 0.8955078125 0.012369791666666666 0.03515625 0.014322916666666666
6 0.83740234375 0.012369791666666666 0.0498046875 0.014322916666666666
6 0.77099609375 0.012369791666666666 0.0537109375 0.014322916666666666
2 0.1357421875 0.07291666666666667 0.232421875 0.09375
1 0.84521484375 0.07096354166666667 0.1689453125 0.02734375
1 0.94921875 0.07421875 0.0234375 0.03125
7 0.08740234375 0.14713541666666666 0.0849609375 0.018229166666666668
6 0.16064453125 0.14713541666666666 0.0205078125 0.018229166666666668
6 0.2236328125 0.14713541666666666 0.06640625 0.018229166666666668
1 0.34521484375 0.14778645833333334 0.1376953125 0.024739583333333332
6 0.4658203125 0.14713541666666666 0.064453125 0.018229166666666668
6 0.53125 0.14713541666666666 0.029296875 0.018229166666666668
6 0.5791015625 0.14713541666666666 0.025390625 0.018229166666666668
2 0.091796875 0.23763020833333334 0.09375 0.053385416666666664
4 0.109375 0.3854166666666667 0.046875 0.0625
7 0.1796875 0.361328125 0.0078125 0.01953125
6 0.20166015625 0.361328125 0.0361328125 0.01953125
7 0.1796875 0.3860677083333333 0.0078125 0.01953125
6 0.22509765625 0.3860677083333333 0.0849609375 0.01953125
7 0.1796875 0.4108072916666667 0.0078125 0.01953125
6 0.21923828125 0.4108072916666667 0.0712890625 0.01953125
4 0.3779296875 0.3854166666666667 0.046875 0.0625
7 0.4482421875 0.373046875 0.0078125 0.01953125
6 0.49072265625 0.373046875 0.0771484375 0.01953125
7 0.4482421875 0.3977864583333333 0.0078125 0.01953125
6 0.47216796875 0.3977864583333333 0.0400390625 0.01953125
4 0.634765625 0.3854166666666667 0.046875 0.0625
7 0.705078125 0.373046875 0.0078125 0.01953125
6 0.76220703125 0.373046875 0.1064453125 0.01953125
7 0.705078125 0.3977864583333333 0.0078125 0.01953125
6 0.7666015625 0.3977864583333333 0.115234375 0.01953125
2 0.5 0.4609375 0.8828125 0.03125
7 0.35009765625 0.4993489583333333 0.5830078125 0.01953125
7 0.39111328125 0.541015625 0.6650390625 0.01953125
6 0.79296875 0.541015625 0.140625 0.01953125
7 0.4970703125 0.5533854166666666 0.876953125 0.044270833333333336
7 0.14990234375 0.607421875 0.1826171875 0.01953125
6 0.287109375 0.607421875 0.09375 0.01953125
7 0.33642578125 0.607421875 0.0048828125 0.01953125
2 0.5 0.65234375 0.8828125 0.03125
7 0.0712890625 0.6907552083333334 0.025390625 0.01953125
6 0.10205078125 0.6907552083333334 0.0380859375 0.01953125
7 0.37890625 0.6907552083333334 0.515625 0.01953125
7 0.64794921875 0.6907552083333334 0.0263671875 0.01953125
7 0.49658203125 0.703125 0.8759765625 0.044270833333333336
7 0.4990234375 0.76953125 0.880859375 0.044270833333333336
2 0.5 0.8268229166666666 0.8828125 0.03125
7 0.12548828125 0.865234375 0.1337890625 0.01953125
6 0.2138671875 0.865234375 0.044921875 0.01953125
7 0.54296875 0.865234375 0.61328125 0.01953125
6 0.86962890625 0.865234375 0.0419921875 0.01953125
7 0.89208984375 0.865234375 0.0048828125 0.01953125
2 0.5 0.91015625 0.8828125 0.03125
7 0.1630859375 0.9485677083333334 0.208984375 0.01953125
6 0.28076171875 0.9485677083333334 0.0283203125 0.01953125
7 0.3095703125 0.9485677083333334 0.029296875 0.01953125
6 0.36572265625 0.9485677083333334 0.0869140625 0.01953125
7 0.41064453125 0.9485677083333334 0.0048828125 0.01953125
7 0.49755859375 0.990234375 0.8779296875 0.01953125