4 0.0205078125 0.024739583333333332 0.021484375 0.005208333333333333
0 0.0205078125 0.037109375 0.021484375 0.029947916666666668
0 0.08154296875 0.035807291666666664 0.0712890625 0.02734375
0 0.1845703125 0.035807291666666664 0.115234375 0.055989583333333336
6 0.451171875 0.035807291666666664 0.02734375 0.037760416666666664
0 0.49462890625 0.035807291666666664 0.1142578125 0.037760416666666664
7 0.5107421875 0.035807291666666664 0.08203125 0.01953125
6 0.5771484375 0.035807291666666664 0.02734375 0.037760416666666664
0 0.60693359375 0.035807291666666664 0.0869140625 0.037760416666666664
7 0.623046875 0.035807291666666664 0.0546875 0.01953125
6 0.67578125 0.035807291666666664 0.02734375 0.037760416666666664
0 0.69873046875 0.035807291666666664 0.0732421875 0.037760416666666664
7 0.71484375 0.035807291666666664 0.041015625 0.01953125
6 0.7607421875 0.035807291666666664 0.02734375 0.037760416666666664
0 0.79052734375 0.035807291666666664 0.0869140625 0.037760416666666664
7 0.806640625 0.035807291666666664 0.0546875 0.01953125
7 0.9072265625 0.025390625 0.1171875 0.014322916666666666
0 0.921875 0.035807291666666664 0.15625 0.07161458333333333
7 0.8974609375 0.043619791666666664 0.09765625 0.014322916666666666
0 0.0439453125 0.10221354166666667 0.068359375 0.037760416666666664
0 0.1171875 0.10221354166666667 0.068359375 0.037760416666666664
0 0.18359375 0.10221354166666667 0.0546875 0.037760416666666664
0 0.236328125 0.10221354166666667 0.041015625 0.037760416666666664
0 0.2822265625 0.10221354166666667 0.041015625 0.037760416666666664
0 0.35546875 0.10221354166666667 0.095703125 0.037760416666666664
0 0.435546875 0.10221354166666667 0.0546875 0.037760416666666664
0 0.50048828125 0.10221354166666667 0.0654296875 0.037760416666666664
0 0.5703125 0.10221354166666667 0.06640625 0.037760416666666664
0 0.62841796875 0.10221354166666667 0.0419921875 0.037760416666666664
0 0.0478515625 0.13997395833333334 0.076171875 0.037760416666666664
0 0.12451171875 0.13997395833333334 0.0693359375 0.037760416666666664
0 0.19091796875 0.13997395833333334 0.0556640625 0.037760416666666664
0 0.25048828125 0.13997395833333334 0.0556640625 0.037760416666666664
0 0.3046875 0.13997395833333334 0.044921875 0.037760416666666664
0 0.37939453125 0.13997395833333334 0.0966796875 0.037760416666666664
0 0.47998046875 0.13997395833333334 0.0966796875 0.037760416666666664
0 0.587890625 0.13997395833333334 0.111328125 0.037760416666666664
0 0.77392578125 0.10481770833333333 0.1005859375 0.024739583333333332
0 0.76123046875 0.13736979166666666 0.1259765625 0.024739583333333332
0 0.9404296875 0.10481770833333333 0.083984375 0.024739583333333332
0 0.912109375 0.13736979166666666 0.142578125 0.024739583333333332
0 0.5 0.21614583333333334 0.3125 0.028645833333333332
2 0.1005859375 0.2864583333333333 0.181640625 0.046875
1 0.2470703125 0.2864583333333333 0.08203125 0.03125
4 0.32470703125 0.2864583333333333 0.0498046875 0.033854166666666664
4 0.37939453125 0.2864583333333333 0.0498046875 0.033854166666666664
4 0.43408203125 0.2864583333333333 0.0498046875 0.033854166666666664
4 0.48876953125 0.2864583333333333 0.0498046875 0.033854166666666664
4 0.54345703125 0.2864583333333333 0.0498046875 0.033854166666666664
4 0.59814453125 0.2864583333333333 0.0498046875 0.033854166666666664
4 0.65283203125 0.2864583333333333 0.0498046875 0.033854166666666664
4 0.70751953125 0.2864583333333333 0.0498046875 0.033854166666666664
4 0.76220703125 0.2864583333333333 0.0498046875 0.033854166666666664
7 0.0302734375 0.380859375 0.041015625 0.055989583333333336
7 0.9697265625 0.380859375 0.041015625 0.055989583333333336
0 0.03173828125 0.380859375 0.0634765625 0.10286458333333333
7 0.0263671875 0.3567708333333333 0.052734375 0.049479166666666664
4 0.1552734375 0.380859375 0.181640625 0.10026041666666667
0 0.28173828125 0.380859375 0.4365234375 0.10286458333333333
4 0.1796875 0.380859375 0.1328125 0.10026041666666667
7 0.27587890625 0.3430989583333333 0.0380859375 0.02734375
7 0.373046875 0.3567708333333333 0.232421875 0.049479166666666664
4 0.591796875 0.380859375 0.181640625 0.10026041666666667
0 0.71826171875 0.380859375 0.4365234375 0.10286458333333333
4 0.6162109375 0.380859375 0.1328125 0.10026041666666667
7 0.71240234375 0.3430989583333333 0.0380859375 0.02734375
7 0.8095703125 0.3567708333333333 0.232421875 0.049479166666666664
4 0.96875 0.380859375 0.0625 0.10026041666666667
0 0.96826171875 0.380859375 0.0634765625 0.10286458333333333
4 0.9931640625 0.380859375 0.013671875 0.10026041666666667
4 0.1220703125 0.6380208333333334 0.224609375 0.18489583333333334
0 0.5 0.6380208333333334 0.98046875 0.18489583333333334
4 0.1220703125 0.6302083333333334 0.224609375 0.16927083333333334
2 0.62744140625 0.5852864583333334 0.7275390625 0.07942708333333333
6 0.62744140625 0.6868489583333334 0.7275390625 0.08723958333333333
4 0.1220703125 0.8404947916666666 0.224609375 0.17057291666666666
0 0.5 0.8404947916666666 0.98046875 0.17057291666666666
4 0.1220703125 0.8404947916666666 0.224609375 0.17057291666666666
2 0.62744140625 0.775390625 0.7275390625 0.040364583333333336
6 0.62744140625 0.8587239583333334 0.7275390625 0.08723958333333333