0 0.841796875 0.037109375 0.03515625 0.01953125
0 0.93115234375 0.037109375 0.0849609375 0.01953125
7 0.89892578125 0.08919270833333333 0.0830078125 0.01953125
0 0.8984375 0.08984375 0.1484375 0.0390625
7 0.88671875 0.16341145833333334 0.125 0.01953125
4 0.8486328125 0.19661458333333334 0.048828125 0.020833333333333332
7 0.89599609375 0.19661458333333334 0.0400390625 0.018229166666666668
7 0.95751953125 0.19661458333333334 0.0302734375 0.020833333333333332
7 0.88671875 0.2610677083333333 0.125 0.01953125
7 0.8984375 0.2936197916666667 0.1484375 0.01953125
7 0.8544921875 0.3151041666666667 0.060546875 0.018229166666666668
4 0.966796875 0.26171875 0.0234375 0.03125
4 0.037109375 0.036458333333333336 0.015625 0.020833333333333332
0 0.07861328125 0.037760416666666664 0.0986328125 0.0546875
7 0.080078125 0.037760416666666664 0.064453125 0.0546875
0 0.19189453125 0.037760416666666664 0.1298828125 0.0546875
7 0.755859375 0.037109375 0.0625 0.01953125
0 0.755859375 0.037109375 0.0625 0.01953125
2 0.115234375 0.08528645833333333 0.10546875 0.022135416666666668
2 0.20458984375 0.08528645833333333 0.0498046875 0.022135416666666668
6 0.27783203125 0.08658854166666667 0.0771484375 0.01953125
7 0.33935546875 0.08723958333333333 0.0166015625 0.015625
7 0.35498046875 0.08723958333333333 0.0185546875 0.015625
7 0.36962890625 0.08723958333333333 0.0126953125 0.015625
7 0.38525390625 0.08723958333333333 0.0126953125 0.015625
7 0.20703125 0.12174479166666667 0.2890625 0.01953125
7 0.27099609375 0.15299479166666666 0.4169921875 0.01953125
7 0.2861328125 0.18424479166666666 0.447265625 0.01953125
7 0.2890625 0.21549479166666666 0.453125 0.01953125
7 0.18359375 0.24739583333333334 0.2421875 0.020833333333333332
0 0.1728515625 0.24739583333333334 0.263671875 0.020833333333333332
6 0.076171875 0.2779947916666667 0.02734375 0.01953125
7 0.11083984375 0.2779947916666667 0.0322265625 0.01953125
6 0.18994140625 0.2779947916666667 0.0283203125 0.01953125
7 0.22509765625 0.2779947916666667 0.0322265625 0.01953125
6 0.31103515625 0.2779947916666667 0.0439453125 0.01953125
7 0.3544921875 0.2779947916666667 0.033203125 0.01953125
7 0.3935546875 0.2779947916666667 0.033203125 0.01953125
7 0.416015625 0.2779947916666667 0.013671875 0.01953125
4 0.62841796875 0.15494791666666666 0.1181640625 0.1171875
0 0.62841796875 0.15755208333333334 0.1181640625 0.12239583333333333
2 0.654296875 0.244140625 0.169921875 0.022135416666666668
0 0.654296875 0.2565104166666667 0.169921875 0.049479166666666664
2 0.64697265625 0.2688802083333333 0.1552734375 0.022135416666666668
0 0.2119140625 0.3294270833333333 0.04296875 0.0234375
0 0.27880859375 0.3294270833333333 0.0634765625 0.0234375
0 0.35205078125 0.3294270833333333 0.0576171875 0.0234375
0 0.4150390625 0.3294270833333333 0.04296875 0.0234375
0 0.474609375 0.3294270833333333 0.05078125 0.0234375
0 0.5537109375 0.3294270833333333 0.08203125 0.0234375
0 0.63525390625 0.3294270833333333 0.0537109375 0.0234375
0 0.69384765625 0.3294270833333333 0.0400390625 0.0234375
0 0.7412109375 0.3294270833333333 0.029296875 0.0234375
4 0.1171875 0.373046875 0.13671875 0.13151041666666666
0 0.1171875 0.373046875 0.13671875 0.13151041666666666
4 0.66845703125 0.3782552083333333 0.0263671875 0.048177083333333336
1 0.44140625 0.3782552083333333 0.501953125 0.048177083333333336
7 0.73095703125 0.3782552083333333 0.0771484375 0.048177083333333336
0 0.7353515625 0.3782552083333333 0.0859375 0.048177083333333336
7 0.23388671875 0.421875 0.0869140625 0.020833333333333332
7 0.30615234375 0.421875 0.0576171875 0.020833333333333332
7 0.35205078125 0.421875 0.0361328125 0.020833333333333332
2 0.08837890625 0.4830729166666667 0.0517578125 0.0234375
4 0.1748046875 0.5279947916666666 0.224609375 0.06380208333333333
0 0.11669921875 0.5286458333333334 0.1083984375 0.046875
7 0.14208984375 0.5286458333333334 0.0576171875 0.046875
6 0.22021484375 0.5169270833333334 0.0771484375 0.020833333333333332
7 0.26123046875 0.5169270833333334 0.0048828125 0.020833333333333332
6 0.212890625 0.5377604166666666 0.0625 0.020833333333333332
2 0.10986328125 0.59765625 0.0947265625 0.0234375
6 0.0849609375 0.6302083333333334 0.044921875 0.020833333333333332
6 0.18310546875 0.6302083333333334 0.1123046875 0.020833333333333332
6 0.091796875 0.6614583333333334 0.05859375 0.020833333333333332
6 0.1953125 0.6614583333333334 0.109375 0.020833333333333332
6 0.08056640625 0.6927083333333334 0.0361328125 0.020833333333333332
6 0.16162109375 0.6927083333333334 0.0888671875 0.020833333333333332
2 0.33935546875 0.4830729166666667 0.0458984375 0.0234375
2 0.380859375 0.4830729166666667 0.037109375 0.0234375
6 0.35107421875 0.515625 0.0693359375 0.020833333333333332
2 0.373046875 0.56640625 0.11328125 0.0234375
7 0.33251953125 0.6100260416666666 0.0322265625 0.04296875
6 0.40869140625 0.5989583333333334 0.1064453125 0.020833333333333332
6 0.4208984375 0.6197916666666666 0.130859375 0.020833333333333332
7 0.33251953125 0.6516927083333334 0.0322265625 0.022135416666666668
6 0.3798828125 0.6510416666666666 0.048828125 0.020833333333333332
6 0.443359375 0.6510416666666666 0.0546875 0.020833333333333332
7 0.33251953125 0.6829427083333334 0.0322265625 0.022135416666666668
6 0.3798828125 0.6822916666666666 0.048828125 0.020833333333333332
6 0.45458984375 0.6822916666666666 0.0791015625 0.020833333333333332
2 0.5908203125 0.4830729166666667 0.041015625 0.0234375
4 0.6826171875 0.515625 0.224609375 0.020833333333333332
0 0.615234375 0.5162760416666666 0.08984375 0.022135416666666668
7 0.611328125 0.5162760416666666 0.08203125 0.022135416666666668
6 0.72802734375 0.5162760416666666 0.1357421875 0.022135416666666668
4 0.6826171875 0.546875 0.224609375 0.020833333333333332
0 0.59716796875 0.5475260416666666 0.0537109375 0.022135416666666668
7 0.59326171875 0.5475260416666666 0.0458984375 0.022135416666666668
6 0.7099609375 0.5475260416666666 0.171875 0.022135416666666668
4 0.6826171875 0.578125 0.224609375 0.020833333333333332
0 0.6396484375 0.5787760416666666 0.138671875 0.022135416666666668
7 0.6357421875 0.5787760416666666 0.130859375 0.022135416666666668
6 0.75146484375 0.5787760416666666 0.0869140625 0.022135416666666668
2 0.0830078125 0.7591145833333334 0.046875 0.03125
7 0.197265625 0.79296875 0.275390625 0.028645833333333332
7 0.86181640625 0.765625 0.1376953125 0.020833333333333332
0 0.84716796875 0.775390625 0.1865234375 0.045572916666666664
7 0.86181640625 0.7858072916666666 0.1376953125 0.022135416666666668
4 0.49560546875 0.9694010416666666 0.0263671875 0.03515625
0 0.02783203125 0.9739583333333334 0.0400390625 0.020833333333333332
0 0.08056640625 0.9739583333333334 0.0498046875 0.020833333333333332
0 0.1376953125 0.9739583333333334 0.05078125 0.020833333333333332
0 0.1865234375 0.9739583333333334 0.033203125 0.020833333333333332
0 0.23876953125 0.9739583333333334 0.0556640625 0.020833333333333332
0 0.2861328125 0.9739583333333334 0.02734375 0.020833333333333332
0 0.33642578125 0.9739583333333334 0.0576171875 0.020833333333333332
0 0.388671875 0.9739583333333334 0.033203125 0.020833333333333332
0 0.47509765625 0.9739583333333334 0.1259765625 0.020833333333333332
0 0.63427734375 0.9739583333333334 0.1787109375 0.020833333333333332
7 0.8818359375 0.9739583333333334 0.1015625 0.033854166666666664
7 0.96484375 0.9739583333333334 0.0546875 0.033854166666666664
4 0.86865234375 0.8958333333333334 0.0283203125 0.036458333333333336
0 0.91357421875 0.8958333333333334 0.1337890625 0.052083333333333336
7 0.92626953125 0.8958333333333334 0.0888671875 0.026041666666666668
7 0.8046875 0.7669270833333334 0.322265625 0.033854166666666664
7 0.79638671875 0.8424479166666666 0.3056640625 0.11458333333333333
0 0.912109375 0.8893229166666666 0.087890625 0.026041666666666668
7 0.95751953125 0.8893229166666666 0.0048828125 0.020833333333333332
0 0.716796875 0.947265625 0.17578125 0.053385416666666664
0 0.892578125 0.947265625 0.17578125 0.053385416666666664