4 0.5 0.126953125 0.8828125 0.040364583333333336
0 0.11474609375 0.13736979166666666 0.1201171875 0.061197916666666664
2 0.5 0.21549479166666666 0.8828125 0.13671875
0 0.5 0.21549479166666666 0.8828125 0.13671875
2 0.3466796875 0.451171875 0.576171875 0.08203125
7 0.142578125 0.5130208333333334 0.16796875 0.026041666666666668
7 0.36328125 0.7083333333333334 0.609375 0.234375
7 0.36328125 0.9309895833333334 0.609375 0.13802083333333334
1 0.8203125 0.4518229166666667 0.208984375 0.044270833333333336
3 0.80224609375 0.5260416666666666 0.1728515625 0.0625
4 0.7275390625 0.6217447916666666 0.0234375 0.032552083333333336
2 0.77392578125 0.6197916666666666 0.0400390625 0.03125
7 0.9130859375 0.6197916666666666 0.0234375 0.03125
7 0.7265625 0.6920572916666666 0.0234375 0.032552083333333336
2 0.7763671875 0.6907552083333334 0.044921875 0.032552083333333336
7 0.9130859375 0.6907552083333334 0.0234375 0.032552083333333336
4 0.7275390625 0.7610677083333334 0.0234375 0.032552083333333336
0 0.74951171875 0.755859375 0.0673828125 0.032552083333333336
2 0.7685546875 0.7610677083333334 0.029296875 0.032552083333333336
7 0.77587890625 0.845703125 0.1064453125 0.016927083333333332
0 0.7763671875 0.845703125 0.12109375 0.029947916666666668
4 0.7294921875 0.888671875 0.013671875 0.01953125
7 0.7568359375 0.8919270833333334 0.03125 0.018229166666666668
7 0.8203125 0.9694010416666666 0.10546875 0.022135416666666668
6 0.818359375 0.9915364583333334 0.125 0.016927083333333332
7 0.8828125 0.9915364583333334 0.00390625 0.016927083333333332