7 0.03271484375 0.0234375 0.0439453125 0.020833333333333332
6 0.0908203125 0.0234375 0.076171875 0.020833333333333332
4 0.13037109375 0.030598958333333332 0.1513671875 0.045572916666666664
0 0.13037109375 0.029947916666666668 0.1826171875 0.059895833333333336
0 0.279296875 0.031901041666666664 0.115234375 0.06380208333333333
7 0.44287109375 0.033203125 0.2138671875 0.06380208333333333
0 0.44287109375 0.033203125 0.2138671875 0.06380208333333333
7 0.63671875 0.033203125 0.17578125 0.06380208333333333
0 0.63671875 0.033203125 0.17578125 0.06380208333333333
0 0.833984375 0.030598958333333332 0.111328125 0.048177083333333336
6 0.93017578125 0.03125 0.0439453125 0.020833333333333332
2 0.5 0.1796875 1 0.0625
7 0.5 0.2545572916666667 1 0.03515625
1 0.24853515625 0.369140625 0.2939453125 0.06380208333333333
1 0.54833984375 0.369140625 0.2939453125 0.06380208333333333
0 0.802734375 0.3684895833333333 0.1796875 0.0625
2 0.5 0.4856770833333333 0.9375 0.0390625
0 0.19580078125 0.5546875 0.1630859375 0.046875
0 0.35498046875 0.5546875 0.1494140625 0.046875
0 0.5126953125 0.5546875 0.16015625 0.046875
0 0.67529296875 0.5546875 0.1572265625 0.046875
0 0.8212890625 0.5546875 0.12890625 0.046875
0 0.21240234375 0.62109375 0.1708984375 0.046875
0 0.38134765625 0.62109375 0.1591796875 0.046875
0 0.53466796875 0.62109375 0.1396484375 0.046875
0 0.6826171875 0.62109375 0.1484375 0.046875
0 0.81689453125 0.62109375 0.1123046875 0.046875
0 0.5 0.6829427083333334 0.8984375 0.024739583333333332
7 0.49951171875 0.720703125 0.2060546875 0.01953125
4 0.14697265625 0.91015625 0.1396484375 0.026041666666666668
4 0.291015625 0.91015625 0.072265625 0.026041666666666668
4 0.40087890625 0.91015625 0.0712890625 0.0390625
4 0.57177734375 0.91015625 0.1943359375 0.026041666666666668
4 0.75244140625 0.91015625 0.0908203125 0.026041666666666668
4 0.87939453125 0.91015625 0.0869140625 0.026041666666666668
7 0.5 0.9635416666666666 0.9609375 0.026041666666666668